180  181  156  132  80   154  101  2    1328 1250 1224 23   1349 1271 1245 1167 1115 1146 1093 1091 1066 1067 155  128  102  75   50   1323 1350 24   51   76   103  129  130  104  78   77   26   25   1351 1324 1299 1272 1298 1246 1219 1194 1168 1142 1116 1143 1195 1169 1170 1144 1118 1117 1092 1119 1145 1171 1196 1223 1197 1172 1222 1221 1220 1247 1273 1274 1248 1275 1249 1276 1301 1327 1300 1326 1325 0    27   52   79   53   28   1    105  131  
3         0         
4         1         
5         2         
6         3         
7         4         
8         5         
9         6         
10        7         
11        8         
12        9         
13        10        
14        11        
15        12        
16        13        
17        14        
18        15        
19        16        
20        17        
21        18        
22        19        
29        22        
30        23        
31        24        
32        25        
33        25        
34        26        
35        26        
36        27        
37        28        
38        29        
39        30        
40        31        
41        32        
42        33        
43        34        
44        35        
45        36        
46        37        
47        38        
48        39        
49        40        
54        44        
55        44        
56        45        
57        46        
58        47        
59        48        
60        49        
61        49        
62        50        
63        50        
64        51        
65        52        
66        53        
67        54        
68        55        
69        56        
70        57        
71        58        
72        59        
73        60        
74        61        
81        66        
82        67        
83        67        
84        68        
85        68        
86        68        
87        69        
88        70        
89        71        
90        72        
91        73        
92        74        
93        75        
94        75        
95        76        
96        77        
97        78        
98        79        
99        80        
100       81        
106       85        
107       86        
108       87        
109       88        
110       89        
111       90        
112       91        
113       91        
114       92        
115       92        
116       93        
117       94        
118       95        
119       96        
120       97        
121       98        
122       99        
123       100       
124       101       
125       102       
126       103       
127       104       
133       107       
134       108       
135       109       
136       110       
137       111       
138       112       
139       113       
140       114       
141       115       
142       115       
143       116       
144       116       
145       117       
146       118       
147       119       
148       120       
149       121       
150       122       
151       123       
152       124       
153       125       
157       127       
158       128       
159       129       
160       130       
161       130       
162       130       
163       131       
164       132       
165       133       
166       134       
167       135       
168       136       
169       137       
170       138       
171       139       
172       140       
173       141       
174       142       
175       143       
176       144       
177       145       
178       146       
179       147       
182       148       
183       149       
184       150       
185       151       
186       152       
187       153       
188       154       
189       155       
190       156       
191       157       
192       158       
193       159       
194       160       
195       161       
196       162       
197       163       
198       164       
199       165       
200       166       
201       167       
202       168       
203       169       
204       170       
205       171       
206       172       
207       173       
208       174       
209       175       
210       176       
211       177       
212       178       
213       179       
214       180       
215       181       
216       182       
217       183       
218       184       
219       185       
220       186       
221       187       
222       188       
223       189       
224       190       
225       191       
226       192       
227       193       
228       194       
229       195       
230       196       
231       197       
232       198       
233       199       
234       200       
235       201       
236       202       
237       203       
238       204       
239       205       
240       206       
241       207       
242       208       
243       209       
244       210       
245       211       
246       212       
247       213       
248       214       
249       215       
250       216       
251       217       
252       218       
253       219       
254       220       
255       221       
256       222       
257       223       
258       224       
259       225       
260       226       
261       227       
262       228       
263       229       
264       230       
265       231       
266       232       
267       233       
268       234       
269       235       
270       236       
271       237       
272       238       
273       239       
274       240       
275       241       
276       242       
277       243       
278       244       
279       245       
280       246       
281       247       
282       248       
283       249       
284       250       
285       251       
286       252       
287       253       
288       254       
289       255       
290       256       
291       257       
292       258       
293       259       
294       260       
295       261       
296       262       
297       263       
298       264       
299       265       
300       266       
301       267       
302       268       
303       269       
304       270       
305       271       
306       272       
307       273       
308       274       
309       275       
310       276       
311       277       
312       278       
313       279       
314       280       
315       281       
316       282       
317       283       
318       284       
319       285       
320       286       
321       287       
322       288       
323       289       
324       290       
325       291       
326       292       
327       293       
328       294       
329       295       
330       296       
331       297       
332       298       
333       299       
334       300       
335       301       
336       302       
337       303       
338       304       
339       305       
340       306       
341       307       
342       308       
343       309       
344       310       
345       311       
346       312       
347       313       
348       314       
349       315       
350       316       
351       317       
352       318       
353       319       
354       320       
355       321       
356       322       
357       323       
358       324       
359       325       
360       326       
361       327       
362       328       
363       329       
364       330       
365       331       
366       332       
367       333       
368       334       
369       335       
370       336       
371       337       
372       338       
373       339       
374       340       
375       341       
376       342       
377       343       
378       344       
379       345       
380       346       
381       347       
382       348       
383       349       
384       350       
385       351       
386       352       
387       353       
388       354       
389       355       
390       356       
391       357       
392       358       
393       359       
394       360       
395       361       
396       362       
397       363       
398       364       
399       365       
400       366       
401       367       
402       368       
403       369       
404       370       
405       371       
406       372       
407       373       
408       374       
409       375       
410       376       
411       377       
412       378       
413       379       
414       380       
415       381       
416       382       
417       383       
418       384       
419       385       
420       386       
421       387       
422       388       
423       389       
424       390       
425       391       
426       392       
427       393       
428       394       
429       395       
430       396       
431       397       
432       398       
433       399       
434       400       
435       401       
436       402       
437       403       
438       404       
439       405       
440       406       
441       407       
442       408       
443       409       
444       410       
445       411       
446       412       
447       413       
448       414       
449       415       
450       416       
451       417       
452       418       
453       419       
454       420       
455       421       
456       422       
457       423       
458       424       
459       425       
460       426       
461       427       
462       428       
463       429       
464       430       
465       431       
466       432       
467       433       
468       434       
469       435       
470       436       
471       437       
472       438       
473       439       
474       440       
475       441       
476       442       
477       443       
478       444       
479       445       
480       446       
481       447       
482       448       
483       449       
484       450       
485       451       
486       452       
487       453       
488       454       
489       455       
490       456       
491       457       
492       458       
493       459       
494       460       
495       461       
496       462       
497       463       
498       464       
499       465       
500       466       
501       467       
502       468       
503       469       
504       470       
505       471       
506       472       
507       473       
508       474       
509       475       
510       476       
511       477       
512       478       
513       479       
514       480       
515       481       
516       482       
517       483       
518       484       
519       485       
520       486       
521       487       
522       488       
523       489       
524       490       
525       491       
526       492       
527       493       
528       494       
529       495       
530       496       
531       497       
532       498       
533       499       
534       500       
535       501       
536       502       
537       503       
538       504       
539       505       
540       506       
541       507       
542       508       
543       509       
544       510       
545       511       
546       512       
547       513       
548       514       
549       515       
550       516       
551       517       
552       518       
553       519       
554       520       
555       521       
556       522       
557       523       
558       524       
559       525       
560       526       
561       527       
562       528       
563       529       
564       530       
565       531       
566       532       
567       533       
568       534       
569       535       
570       536       
571       537       
572       538       
573       539       
574       540       
575       541       
576       542       
577       543       
578       544       
579       545       
580       546       
581       547       
582       548       
583       549       
584       550       
585       551       
586       552       
587       553       
588       554       
589       555       
590       556       
591       557       
592       558       
593       559       
594       560       
595       561       
596       562       
597       563       
598       564       
599       565       
600       566       
601       567       
602       568       
603       569       
604       570       
605       571       
606       572       
607       573       
608       574       
609       575       
610       576       
611       577       
612       578       
613       579       
614       580       
615       581       
616       582       
617       583       
618       584       
619       585       
620       586       
621       587       
622       588       
623       589       
624       590       
625       591       
626       592       
627       593       
628       594       
629       595       
630       596       
631       597       
632       598       
633       599       
634       600       
635       601       
636       602       
637       603       
638       604       
639       605       
640       606       
641       607       
642       608       
643       609       
644       610       
645       611       
646       612       
647       613       
648       614       
649       615       
650       616       
651       617       
652       618       
653       619       
654       620       
655       621       
656       622       
657       623       
658       624       
659       625       
660       626       
661       627       
662       628       
663       629       
664       630       
665       631       
666       632       
667       633       
668       634       
669       635       
670       636       
671       637       
672       638       
673       639       
674       640       
675       641       
676       642       
677       643       
678       644       
679       645       
680       646       
681       647       
682       648       
683       649       
684       650       
685       651       
686       652       
687       653       
688       654       
689       655       
690       656       
691       657       
692       658       
693       659       
694       660       
695       661       
696       662       
697       663       
698       664       
699       665       
700       666       
701       667       
702       668       
703       669       
704       670       
705       671       
706       672       
707       673       
708       674       
709       675       
710       676       
711       677       
712       678       
713       679       
714       680       
715       681       
716       682       
717       683       
718       684       
719       685       
720       686       
721       687       
722       688       
723       689       
724       690       
725       691       
726       692       
727       693       
728       694       
729       695       
730       696       
731       697       
732       698       
733       699       
734       700       
735       701       
736       702       
737       703       
738       704       
739       705       
740       706       
741       707       
742       708       
743       709       
744       710       
745       711       
746       712       
747       713       
748       714       
749       715       
750       716       
751       717       
752       718       
753       719       
754       720       
755       721       
756       722       
757       723       
758       724       
759       725       
760       726       
761       727       
762       728       
763       729       
764       730       
765       731       
766       732       
767       733       
768       734       
769       735       
770       736       
771       737       
772       738       
773       739       
774       740       
775       741       
776       742       
777       743       
778       744       
779       745       
780       746       
781       747       
782       748       
783       749       
784       750       
785       751       
786       752       
787       753       
788       754       
789       755       
790       756       
791       757       
792       758       
793       759       
794       760       
795       761       
796       762       
797       763       
798       764       
799       765       
800       766       
801       767       
802       768       
803       769       
804       770       
805       771       
806       772       
807       773       
808       774       
809       775       
810       776       
811       777       
812       778       
813       779       
814       780       
815       781       
816       782       
817       783       
818       784       
819       785       
820       786       
821       787       
822       788       
823       789       
824       790       
825       791       
826       792       
827       793       
828       794       
829       795       
830       796       
831       797       
832       798       
833       799       
834       800       
835       801       
836       802       
837       803       
838       804       
839       805       
840       806       
841       807       
842       808       
843       809       
844       810       
845       811       
846       812       
847       813       
848       814       
849       815       
850       816       
851       817       
852       818       
853       819       
854       820       
855       821       
856       822       
857       823       
858       824       
859       825       
860       826       
861       827       
862       828       
863       829       
864       830       
865       831       
866       832       
867       833       
868       834       
869       835       
870       836       
871       837       
872       838       
873       839       
874       840       
875       841       
876       842       
877       843       
878       844       
879       845       
880       846       
881       847       
882       848       
883       849       
884       850       
885       851       
886       852       
887       853       
888       854       
889       855       
890       856       
891       857       
892       858       
893       859       
894       860       
895       861       
896       862       
897       863       
898       864       
899       865       
900       866       
901       867       
902       868       
903       869       
904       870       
905       871       
906       872       
907       873       
908       874       
909       875       
910       876       
911       877       
912       878       
913       879       
914       880       
915       881       
916       882       
917       883       
918       884       
919       885       
920       886       
921       887       
922       888       
923       889       
924       890       
925       891       
926       892       
927       893       
928       894       
929       895       
930       896       
931       897       
932       898       
933       899       
934       900       
935       901       
936       902       
937       903       
938       904       
939       905       
940       906       
941       907       
942       908       
943       909       
944       910       
945       911       
946       912       
947       913       
948       914       
949       915       
950       916       
951       917       
952       918       
953       919       
954       920       
955       921       
956       922       
957       923       
958       924       
959       925       
960       926       
961       927       
962       928       
963       929       
964       930       
965       931       
966       932       
967       933       
968       934       
969       935       
970       936       
971       937       
972       938       
973       939       
974       940       
975       941       
976       942       
977       943       
978       944       
979       945       
980       946       
981       947       
982       948       
983       949       
984       950       
985       951       
986       952       
987       953       
988       954       
989       955       
990       956       
991       957       
992       958       
993       959       
994       960       
995       961       
996       962       
997       963       
998       964       
999       965       
1000      966       
1001      967       
1002      968       
1003      969       
1004      970       
1005      971       
1006      972       
1007      973       
1008      974       
1009      975       
1010      976       
1011      977       
1012      978       
1013      979       
1014      980       
1015      981       
1016      982       
1017      983       
1018      984       
1019      985       
1020      986       
1021      987       
1022      988       
1023      989       
1024      990       
1025      991       
1026      992       
1027      993       
1028      994       
1029      995       
1030      996       
1031      997       
1032      998       
1033      999       
1034      1000      
1035      1001      
1036      1002      
1037      1003      
1038      1004      
1039      1005      
1040      1006      
1041      1007      
1042      1008      
1043      1009      
1044      1010      
1045      1011      
1046      1012      
1047      1013      
1048      1014      
1049      1015      
1050      1016      
1051      1017      
1052      1018      
1053      1019      
1054      1020      
1055      1021      
1056      1022      
1057      1023      
1058      1024      
1059      1025      
1060      1026      
1061      1027      
1062      1028      
1063      1029      
1064      1030      
1065      1031      
1068      1034      
1069      1035      
1070      1036      
1071      1037      
1072      1038      
1073      1039      
1074      1040      
1075      1040      
1076      1041      
1077      1041      
1078      1042      
1079      1043      
1080      1044      
1081      1045      
1082      1046      
1083      1047      
1084      1048      
1085      1049      
1086      1050      
1087      1051      
1088      1052      
1089      1053      
1090      1054      
1094      1058      
1095      1059      
1096      1060      
1097      1061      
1098      1062      
1099      1063      
1100      1063      
1101      1064      
1102      1064      
1103      1065      
1104      1066      
1105      1067      
1106      1068      
1107      1069      
1108      1070      
1109      1071      
1110      1072      
1111      1073      
1112      1074      
1113      1075      
1114      1076      
1120      1082      
1121      1082      
1122      1083      
1123      1084      
1124      1084      
1125      1085      
1126      1086      
1127      1087      
1128      1088      
1129      1089      
1130      1090      
1131      1091      
1132      1092      
1133      1093      
1134      1094      
1135      1095      
1136      1096      
1137      1097      
1138      1098      
1139      1099      
1140      1100      
1141      1101      
1147      1106      
1148      1106      
1149      1106      
1150      1107      
1151      1108      
1152      1109      
1153      1109      
1154      1110      
1155      1111      
1156      1111      
1157      1112      
1158      1113      
1159      1114      
1160      1115      
1161      1116      
1162      1117      
1163      1118      
1164      1119      
1165      1120      
1166      1121      
1173      1127      
1174      1128      
1175      1129      
1176      1129      
1177      1129      
1178      1130      
1179      1130      
1180      1131      
1181      1132      
1182      1133      
1183      1134      
1184      1135      
1185      1135      
1186      1136      
1187      1137      
1188      1138      
1189      1139      
1190      1140      
1191      1141      
1192      1142      
1193      1143      
1198      1148      
1199      1149      
1200      1149      
1201      1150      
1202      1151      
1203      1152      
1204      1153      
1205      1153      
1206      1154      
1207      1154      
1208      1155      
1209      1156      
1210      1157      
1211      1158      
1212      1159      
1213      1160      
1214      1161      
1215      1161      
1216      1162      
1217      1162      
1218      1163      
1225      1170      
1226      1170      
1227      1171      
1228      1172      
1229      1173      
1230      1174      
1231      1175      
1232      1175      
1233      1175      
1234      1176      
1235      1177      
1236      1178      
1237      1179      
1238      1180      
1239      1181      
1240      1182      
1241      1183      
1242      1184      
1243      1185      
1244      1185      
1251      1191      
1252      1191      
1253      1192      
1254      1193      
1255      1193      
1256      1194      
1257      1195      
1258      1195      
1259      1196      
1260      1197      
1261      1198      
1262      1199      
1263      1200      
1264      1201      
1265      1202      
1266      1203      
1267      1204      
1268      1205      
1269      1206      
1270      1207      
1277      1210      
1278      1211      
1279      1212      
1280      1213      
1281      1213      
1282      1213      
1283      1214      
1284      1215      
1285      1216      
1286      1217      
1287      1218      
1288      1219      
1289      1220      
1290      1221      
1291      1222      
1292      1223      
1293      1224      
1294      1225      
1295      1226      
1296      1227      
1297      1228      
1302      1233      
1303      1234      
1304      1235      
1305      1236      
1306      1237      
1307      1237      
1308      1237      
1309      1238      
1310      1238      
1311      1239      
1312      1239      
1313      1240      
1314      1241      
1315      1242      
1316      1243      
1317      1244      
1318      1245      
1319      1246      
1320      1247      
1321      1248      
1322      1249      
1329      1256      
1330      1257      
1331      1258      
1332      1259      
1333      1260      
1334      1261      
1335      1261      
1336      1261      
1337      1261      
1338      1261      
1339      1262      
1340      1262      
1341      1263      
1342      1264      
1343      1264      
1344      1265      
1345      1266      
1346      1266      
1347      1267      
1348      1268      
