2964
1          742        
1          754        
2          742        
2          755        
3          742        
3          1223       
4          743        
4          755        
5          743        
5          756        
6          743        
6          1224       
7          744        
7          756        
8          744        
8          757        
9          744        
9          1225       
10         745        
10         757        
11         745        
11         758        
12         745        
12         1226       
13         746        
13         758        
14         746        
14         759        
15         746        
15         1227       
16         747        
16         759        
17         747        
17         760        
18         747        
18         1228       
19         748        
19         760        
20         748        
20         761        
21         748        
21         1229       
22         749        
22         761        
23         749        
23         762        
24         749        
24         1230       
25         750        
25         762        
26         750        
26         763        
27         750        
27         1231       
28         751        
28         763        
29         751        
29         764        
30         751        
30         1232       
31         752        
31         764        
32         752        
32         765        
33         752        
33         1233       
34         753        
34         765        
35         753        
35         766        
36         753        
36         1234       
37         754        
37         767        
38         754        
38         1222       
39         755        
39         768        
40         756        
40         769        
41         757        
41         770        
42         758        
42         771        
43         759        
43         772        
44         760        
44         773        
45         761        
45         774        
46         762        
46         775        
47         763        
47         776        
48         764        
48         777        
49         765        
49         778        
50         766        
50         779        
51         766        
51         1235       
52         767        
52         781        
53         767        
53         782        
54         768        
54         782        
55         768        
55         783        
56         769        
56         783        
57         769        
57         784        
58         770        
58         784        
59         770        
59         785        
60         771        
60         785        
61         771        
61         786        
62         772        
62         786        
63         772        
63         787        
64         773        
64         787        
65         773        
65         788        
66         774        
66         788        
67         774        
67         789        
68         775        
68         789        
69         775        
69         790        
70         776        
70         790        
71         776        
71         791        
72         777        
72         791        
73         777        
73         792        
74         778        
74         792        
75         778        
75         793        
76         779        
76         793        
77         779        
77         794        
78         780        
78         796        
79         780        
79         795        
80         780        
80         781        
81         781        
81         797        
82         782        
82         798        
83         783        
83         799        
84         784        
84         800        
85         785        
85         801        
86         786        
86         802        
87         787        
87         803        
88         788        
88         804        
89         789        
89         805        
90         790        
90         806        
91         791        
91         807        
92         792        
92         808        
93         793        
93         809        
94         794        
94         810        
95         794        
95         795        
96         795        
96         811        
97         796        
97         812        
98         796        
98         813        
99         797        
99         813        
100        797        
100        814        
101        798        
101        814        
102        798        
102        815        
103        799        
103        815        
104        799        
104        816        
105        800        
105        816        
106        800        
106        817        
107        801        
107        817        
108        801        
108        818        
109        802        
109        818        
110        802        
110        819        
111        803        
111        819        
112        803        
112        820        
113        804        
113        820        
114        804        
114        821        
115        805        
115        821        
116        805        
116        822        
117        806        
117        822        
118        806        
118        823        
119        807        
119        823        
120        807        
120        824        
121        808        
121        824        
122        808        
122        825        
123        809        
123        825        
124        809        
124        826        
125        810        
125        826        
126        810        
126        827        
127        811        
127        827        
128        811        
128        812        
129        812        
129        843        
130        813        
130        828        
131        814        
131        829        
132        815        
132        830        
133        816        
133        831        
134        817        
134        832        
135        818        
135        833        
136        819        
136        834        
137        820        
137        835        
138        821        
138        836        
139        822        
139        837        
140        823        
140        838        
141        824        
141        839        
142        825        
142        840        
143        826        
143        841        
144        827        
144        842        
145        828        
145        844        
146        828        
146        845        
147        829        
147        845        
148        829        
148        846        
149        830        
149        846        
150        830        
150        847        
151        831        
151        847        
152        831        
152        848        
153        832        
153        848        
154        832        
154        849        
155        833        
155        849        
156        833        
156        850        
157        834        
157        850        
158        834        
158        851        
159        835        
159        851        
160        835        
160        852        
161        836        
161        852        
162        836        
162        853        
163        837        
163        853        
164        837        
164        854        
165        838        
165        854        
166        838        
166        855        
167        839        
167        855        
168        839        
168        856        
169        840        
169        856        
170        840        
170        857        
171        841        
171        857        
172        841        
172        858        
173        842        
173        858        
174        842        
174        859        
175        843        
175        859        
176        843        
176        844        
177        844        
177        860        
178        845        
178        861        
179        846        
179        862        
180        847        
180        863        
181        848        
181        864        
182        849        
182        865        
183        850        
183        866        
184        851        
184        867        
185        852        
185        868        
186        853        
186        869        
187        854        
187        870        
188        855        
188        871        
189        856        
189        872        
190        857        
190        873        
191        858        
191        874        
192        859        
192        875        
193        860        
193        876        
194        860        
194        877        
195        861        
195        877        
196        861        
196        878        
197        862        
197        878        
198        862        
198        879        
199        863        
199        879        
200        863        
200        880        
201        864        
201        880        
202        864        
202        881        
203        865        
203        881        
204        865        
204        882        
205        866        
205        882        
206        866        
206        883        
207        867        
207        883        
208        867        
208        884        
209        868        
209        884        
210        868        
210        885        
211        869        
211        885        
212        869        
212        886        
213        870        
213        886        
214        870        
214        887        
215        871        
215        887        
216        871        
216        888        
217        872        
217        888        
218        872        
218        889        
219        873        
219        889        
220        873        
220        890        
221        874        
221        890        
222        874        
222        891        
223        875        
223        891        
224        875        
224        876        
225        876        
225        907        
226        877        
226        892        
227        878        
227        893        
228        879        
228        894        
229        880        
229        895        
230        881        
230        896        
231        882        
231        897        
232        883        
232        898        
233        884        
233        899        
234        885        
234        900        
235        886        
235        901        
236        887        
236        902        
237        888        
237        903        
238        889        
238        904        
239        890        
239        905        
240        891        
240        906        
241        892        
241        908        
242        892        
242        909        
243        893        
243        909        
244        893        
244        910        
245        894        
245        910        
246        894        
246        911        
247        895        
247        911        
248        895        
248        912        
249        896        
249        912        
250        896        
250        913        
251        897        
251        913        
252        897        
252        914        
253        898        
253        914        
254        898        
254        915        
255        899        
255        915        
256        899        
256        916        
257        900        
257        916        
258        900        
258        917        
259        901        
259        917        
260        901        
260        918        
261        902        
261        918        
262        902        
262        919        
263        903        
263        919        
264        903        
264        920        
265        904        
265        920        
266        904        
266        921        
267        905        
267        921        
268        905        
268        922        
269        906        
269        922        
270        906        
270        923        
271        907        
271        923        
272        907        
272        908        
273        908        
273        924        
274        909        
274        925        
275        910        
275        926        
276        911        
276        927        
277        912        
277        928        
278        913        
278        929        
279        914        
279        930        
280        915        
280        931        
281        916        
281        932        
282        917        
282        933        
283        918        
283        934        
284        919        
284        935        
285        920        
285        936        
286        921        
286        937        
287        922        
287        938        
288        923        
288        939        
289        924        
289        940        
290        924        
290        941        
291        925        
291        941        
292        925        
292        942        
293        926        
293        942        
294        926        
294        943        
295        927        
295        943        
296        927        
296        944        
297        928        
297        944        
298        928        
298        945        
299        929        
299        945        
300        929        
300        946        
301        930        
301        946        
302        930        
302        947        
303        931        
303        947        
304        931        
304        948        
305        932        
305        948        
306        932        
306        949        
307        933        
307        949        
308        933        
308        950        
309        934        
309        950        
310        934        
310        951        
311        935        
311        951        
312        935        
312        952        
313        936        
313        952        
314        936        
314        953        
315        937        
315        953        
316        937        
316        954        
317        938        
317        954        
318        938        
318        955        
319        939        
319        955        
320        939        
320        940        
321        940        
321        971        
322        941        
322        956        
323        942        
323        957        
324        943        
324        958        
325        944        
325        959        
326        945        
326        960        
327        946        
327        961        
328        947        
328        962        
329        948        
329        963        
330        949        
330        964        
331        950        
331        965        
332        951        
332        966        
333        952        
333        967        
334        953        
334        968        
335        954        
335        969        
336        955        
336        970        
337        956        
337        972        
338        956        
338        973        
339        957        
339        973        
340        957        
340        974        
341        958        
341        974        
342        958        
342        975        
343        959        
343        975        
344        959        
344        976        
345        960        
345        976        
346        960        
346        977        
347        961        
347        977        
348        961        
348        978        
349        962        
349        978        
350        962        
350        979        
351        963        
351        979        
352        963        
352        980        
353        964        
353        980        
354        964        
354        981        
355        965        
355        981        
356        965        
356        982        
357        966        
357        982        
358        966        
358        983        
359        967        
359        983        
360        967        
360        984        
361        968        
361        984        
362        968        
362        985        
363        969        
363        985        
364        969        
364        986        
365        970        
365        986        
366        970        
366        987        
367        971        
367        987        
368        971        
368        972        
369        972        
369        988        
370        973        
370        989        
371        974        
371        990        
372        975        
372        991        
373        976        
373        992        
374        977        
374        993        
375        978        
375        994        
376        979        
376        995        
377        980        
377        996        
378        981        
378        997        
379        982        
379        998        
380        983        
380        999        
381        984        
381        1000       
382        985        
382        1001       
383        986        
383        1002       
384        987        
384        1003       
385        988        
385        1004       
386        988        
386        1005       
387        989        
387        1005       
388        989        
388        1006       
389        990        
389        1006       
390        990        
390        1007       
391        991        
391        1007       
392        991        
392        1008       
393        992        
393        1008       
394        992        
394        1009       
395        993        
395        1009       
396        993        
396        1010       
397        994        
397        1010       
398        994        
398        1011       
399        995        
399        1011       
400        995        
400        1012       
401        996        
401        1012       
402        996        
402        1013       
403        997        
403        1013       
404        997        
404        1014       
405        998        
405        1014       
406        998        
406        1015       
407        999        
407        1015       
408        999        
408        1016       
409        1000       
409        1016       
410        1000       
410        1017       
411        1001       
411        1017       
412        1001       
412        1018       
413        1002       
413        1018       
414        1002       
414        1019       
415        1003       
415        1019       
416        1003       
416        1004       
417        1004       
417        1035       
418        1005       
418        1020       
419        1006       
419        1021       
420        1007       
420        1022       
421        1008       
421        1023       
422        1009       
422        1024       
423        1010       
423        1025       
424        1011       
424        1026       
425        1012       
425        1027       
426        1013       
426        1028       
427        1014       
427        1029       
428        1015       
428        1030       
429        1016       
429        1031       
430        1017       
430        1032       
431        1018       
431        1033       
432        1019       
432        1034       
433        1020       
433        1036       
434        1020       
434        1037       
435        1021       
435        1037       
436        1021       
436        1038       
437        1022       
437        1038       
438        1022       
438        1039       
439        1023       
439        1039       
440        1023       
440        1040       
441        1024       
441        1040       
442        1024       
442        1041       
443        1025       
443        1041       
444        1025       
444        1042       
445        1026       
445        1042       
446        1026       
446        1043       
447        1027       
447        1043       
448        1027       
448        1044       
449        1028       
449        1044       
450        1028       
450        1045       
451        1029       
451        1045       
452        1029       
452        1046       
453        1030       
453        1046       
454        1030       
454        1047       
455        1031       
455        1047       
456        1031       
456        1048       
457        1032       
457        1048       
458        1032       
458        1049       
459        1033       
459        1049       
460        1033       
460        1050       
461        1034       
461        1050       
462        1034       
462        1051       
463        1035       
463        1051       
464        1035       
464        1036       
465        1036       
465        1052       
466        1037       
466        1053       
467        1038       
467        1054       
468        1039       
468        1055       
469        1040       
469        1056       
470        1041       
470        1057       
471        1042       
471        1058       
472        1043       
472        1059       
473        1044       
473        1060       
474        1045       
474        1061       
475        1046       
475        1062       
476        1047       
476        1063       
477        1048       
477        1064       
478        1049       
478        1065       
479        1050       
479        1066       
480        1051       
480        1067       
481        1052       
481        1068       
482        1052       
482        1069       
483        1053       
483        1069       
484        1053       
484        1070       
485        1054       
485        1070       
486        1054       
486        1071       
487        1055       
487        1071       
488        1055       
488        1072       
489        1056       
489        1072       
490        1056       
490        1073       
491        1057       
491        1073       
492        1057       
492        1074       
493        1058       
493        1074       
494        1058       
494        1075       
495        1059       
495        1075       
496        1059       
496        1076       
497        1060       
497        1076       
498        1060       
498        1077       
499        1061       
499        1077       
500        1061       
500        1078       
501        1062       
501        1078       
502        1062       
502        1079       
503        1063       
503        1079       
504        1063       
504        1080       
505        1064       
505        1080       
506        1064       
506        1081       
507        1065       
507        1081       
508        1065       
508        1082       
509        1066       
509        1082       
510        1066       
510        1083       
511        1067       
511        1083       
512        1067       
512        1068       
513        1068       
513        1099       
514        1069       
514        1084       
515        1070       
515        1085       
516        1071       
516        1086       
517        1072       
517        1087       
518        1073       
518        1088       
519        1074       
519        1089       
520        1075       
520        1090       
521        1076       
521        1091       
522        1077       
522        1092       
523        1078       
523        1093       
524        1079       
524        1094       
525        1080       
525        1095       
526        1081       
526        1096       
527        1082       
527        1097       
528        1083       
528        1098       
529        1084       
529        1100       
530        1084       
530        1101       
531        1085       
531        1101       
532        1085       
532        1102       
533        1086       
533        1102       
534        1086       
534        1103       
535        1087       
535        1103       
536        1087       
536        1104       
537        1088       
537        1104       
538        1088       
538        1105       
539        1089       
539        1105       
540        1089       
540        1106       
541        1090       
541        1106       
542        1090       
542        1107       
543        1091       
543        1107       
544        1091       
544        1108       
545        1092       
545        1108       
546        1092       
546        1109       
547        1093       
547        1109       
548        1093       
548        1110       
549        1094       
549        1110       
550        1094       
550        1111       
551        1095       
551        1111       
552        1095       
552        1112       
553        1096       
553        1112       
554        1096       
554        1113       
555        1097       
555        1113       
556        1097       
556        1114       
557        1098       
557        1114       
558        1098       
558        1115       
559        1099       
559        1115       
560        1099       
560        1100       
561        1100       
561        1116       
562        1101       
562        1117       
563        1102       
563        1118       
564        1103       
564        1119       
565        1104       
565        1120       
566        1105       
566        1121       
567        1106       
567        1122       
568        1107       
568        1123       
569        1108       
569        1124       
570        1109       
570        1125       
571        1110       
571        1126       
572        1111       
572        1127       
573        1112       
573        1128       
574        1113       
574        1129       
575        1114       
575        1130       
576        1115       
576        1131       
577        1116       
577        1132       
578        1116       
578        1133       
579        1117       
579        1133       
580        1117       
580        1134       
581        1118       
581        1134       
582        1118       
582        1135       
583        1119       
583        1135       
584        1119       
584        1136       
585        1120       
585        1136       
586        1120       
586        1137       
587        1121       
587        1137       
588        1121       
588        1138       
589        1122       
589        1138       
590        1122       
590        1139       
591        1123       
591        1139       
592        1123       
592        1140       
593        1124       
593        1140       
594        1124       
594        1141       
595        1125       
595        1141       
596        1125       
596        1142       
597        1126       
597        1142       
598        1126       
598        1143       
599        1127       
599        1143       
600        1127       
600        1144       
601        1128       
601        1144       
602        1128       
602        1145       
603        1129       
603        1145       
604        1129       
604        1146       
605        1130       
605        1146       
606        1130       
606        1147       
607        1131       
607        1147       
608        1131       
608        1132       
609        1132       
609        1163       
610        1133       
610        1148       
611        1134       
611        1149       
612        1135       
612        1150       
613        1136       
613        1151       
614        1137       
614        1152       
615        1138       
615        1153       
616        1139       
616        1154       
617        1140       
617        1155       
618        1141       
618        1156       
619        1142       
619        1157       
620        1143       
620        1158       
621        1144       
621        1159       
622        1145       
622        1160       
623        1146       
623        1161       
624        1147       
624        1162       
625        1148       
625        1164       
626        1148       
626        1165       
627        1149       
627        1165       
628        1149       
628        1166       
629        1150       
629        1166       
630        1150       
630        1167       
631        1151       
631        1167       
632        1151       
632        1168       
633        1152       
633        1168       
634        1152       
634        1169       
635        1153       
635        1169       
636        1153       
636        1170       
637        1154       
637        1170       
638        1154       
638        1171       
639        1155       
639        1171       
640        1155       
640        1172       
641        1156       
641        1172       
642        1156       
642        1173       
643        1157       
643        1173       
644        1157       
644        1174       
645        1158       
645        1174       
646        1158       
646        1175       
647        1159       
647        1175       
648        1159       
648        1176       
649        1160       
649        1176       
650        1160       
650        1177       
651        1161       
651        1177       
652        1161       
652        1178       
653        1162       
653        1178       
654        1162       
654        1179       
655        1163       
655        1179       
656        1163       
656        1164       
657        1164       
657        1194       
658        1165       
658        1180       
659        1166       
659        1181       
660        1167       
660        1182       
661        1168       
661        1183       
662        1169       
662        1184       
663        1170       
663        1185       
664        1171       
664        1186       
665        1172       
665        1187       
666        1173       
666        1188       
667        1174       
667        1189       
668        1175       
668        1190       
669        1176       
669        1191       
670        1177       
670        1192       
671        1178       
671        1193       
672        1179       
672        1208       
673        1180       
673        1194       
674        1180       
674        1195       
675        1181       
675        1195       
676        1181       
676        1196       
677        1182       
677        1196       
678        1182       
678        1197       
679        1183       
679        1197       
680        1183       
680        1198       
681        1184       
681        1198       
682        1184       
682        1199       
683        1185       
683        1199       
684        1185       
684        1200       
685        1186       
685        1200       
686        1186       
686        1201       
687        1187       
687        1201       
688        1187       
688        1202       
689        1188       
689        1202       
690        1188       
690        1203       
691        1189       
691        1203       
692        1189       
692        1204       
693        1190       
693        1204       
694        1190       
694        1205       
695        1191       
695        1205       
696        1191       
696        1206       
697        1192       
697        1206       
698        1192       
698        1207       
699        1193       
699        1207       
700        1193       
700        1208       
701        1194       
701        1222       
702        1195       
702        1209       
703        1196       
703        1210       
704        1197       
704        1211       
705        1198       
705        1212       
706        1199       
706        1213       
707        1200       
707        1214       
708        1201       
708        1215       
709        1202       
709        1216       
710        1203       
710        1217       
711        1204       
711        1218       
712        1205       
712        1219       
713        1206       
713        1220       
714        1207       
714        1221       
715        1208       
715        1235       
716        1209       
716        1223       
717        1209       
717        1222       
718        1210       
718        1224       
719        1210       
719        1223       
720        1211       
720        1225       
721        1211       
721        1224       
722        1212       
722        1226       
723        1212       
723        1225       
724        1213       
724        1227       
725        1213       
725        1226       
726        1214       
726        1228       
727        1214       
727        1227       
728        1215       
728        1229       
729        1215       
729        1228       
730        1216       
730        1230       
731        1216       
731        1229       
732        1217       
732        1231       
733        1217       
733        1230       
734        1218       
734        1232       
735        1218       
735        1231       
736        1219       
736        1233       
737        1219       
737        1232       
738        1220       
738        1234       
739        1220       
739        1233       
740        1221       
740        1235       
741        1221       
741        1234       
1          2          
1          3          
2          3          
4          5          
4          6          
5          6          
7          8          
7          9          
8          9          
10         11         
10         12         
11         12         
13         14         
13         15         
14         15         
16         17         
16         18         
17         18         
19         20         
19         21         
20         21         
22         23         
22         24         
23         24         
25         26         
25         27         
26         27         
28         29         
28         30         
29         30         
31         32         
31         33         
32         33         
34         35         
34         36         
35         36         
1          37         
1          38         
37         38         
2          4          
2          39         
4          39         
5          7          
5          40         
7          40         
8          10         
8          41         
10         41         
11         13         
11         42         
13         42         
14         16         
14         43         
16         43         
17         19         
17         44         
19         44         
20         22         
20         45         
22         45         
23         25         
23         46         
25         46         
26         28         
26         47         
28         47         
29         31         
29         48         
31         48         
32         34         
32         49         
34         49         
35         50         
35         51         
50         51         
37         52         
37         53         
52         53         
39         54         
39         55         
54         55         
40         56         
40         57         
56         57         
41         58         
41         59         
58         59         
42         60         
42         61         
60         61         
43         62         
43         63         
62         63         
44         64         
44         65         
64         65         
45         66         
45         67         
66         67         
46         68         
46         69         
68         69         
47         70         
47         71         
70         71         
48         72         
48         73         
72         73         
49         74         
49         75         
74         75         
50         76         
50         77         
76         77         
78         79         
78         80         
79         80         
52         80         
52         81         
80         81         
53         54         
53         82         
54         82         
55         56         
55         83         
56         83         
57         58         
57         84         
58         84         
59         60         
59         85         
60         85         
61         62         
61         86         
62         86         
63         64         
63         87         
64         87         
65         66         
65         88         
66         88         
67         68         
67         89         
68         89         
69         70         
69         90         
70         90         
71         72         
71         91         
72         91         
73         74         
73         92         
74         92         
75         76         
75         93         
76         93         
77         94         
77         95         
94         95         
79         95         
79         96         
95         96         
78         97         
78         98         
97         98         
81         99         
81         100        
99         100        
82         101        
82         102        
101        102        
83         103        
83         104        
103        104        
84         105        
84         106        
105        106        
85         107        
85         108        
107        108        
86         109        
86         110        
109        110        
87         111        
87         112        
111        112        
88         113        
88         114        
113        114        
89         115        
89         116        
115        116        
90         117        
90         118        
117        118        
91         119        
91         120        
119        120        
92         121        
92         122        
121        122        
93         123        
93         124        
123        124        
94         125        
94         126        
125        126        
96         127        
96         128        
127        128        
97         128        
97         129        
128        129        
98         99         
98         130        
99         130        
100        101        
100        131        
101        131        
102        103        
102        132        
103        132        
104        105        
104        133        
105        133        
106        107        
106        134        
107        134        
108        109        
108        135        
109        135        
110        111        
110        136        
111        136        
112        113        
112        137        
113        137        
114        115        
114        138        
115        138        
116        117        
116        139        
117        139        
118        119        
118        140        
119        140        
120        121        
120        141        
121        141        
122        123        
122        142        
123        142        
124        125        
124        143        
125        143        
126        127        
126        144        
127        144        
130        145        
130        146        
145        146        
131        147        
131        148        
147        148        
132        149        
132        150        
149        150        
133        151        
133        152        
151        152        
134        153        
134        154        
153        154        
135        155        
135        156        
155        156        
136        157        
136        158        
157        158        
137        159        
137        160        
159        160        
138        161        
138        162        
161        162        
139        163        
139        164        
163        164        
140        165        
140        166        
165        166        
141        167        
141        168        
167        168        
142        169        
142        170        
169        170        
143        171        
143        172        
171        172        
144        173        
144        174        
173        174        
129        175        
129        176        
175        176        
145        176        
145        177        
176        177        
146        147        
146        178        
147        178        
148        149        
148        179        
149        179        
150        151        
150        180        
151        180        
152        153        
152        181        
153        181        
154        155        
154        182        
155        182        
156        157        
156        183        
157        183        
158        159        
158        184        
159        184        
160        161        
160        185        
161        185        
162        163        
162        186        
163        186        
164        165        
164        187        
165        187        
166        167        
166        188        
167        188        
168        169        
168        189        
169        189        
170        171        
170        190        
171        190        
172        173        
172        191        
173        191        
174        175        
174        192        
175        192        
177        193        
177        194        
193        194        
178        195        
178        196        
195        196        
179        197        
179        198        
197        198        
180        199        
180        200        
199        200        
181        201        
181        202        
201        202        
182        203        
182        204        
203        204        
183        205        
183        206        
205        206        
184        207        
184        208        
207        208        
185        209        
185        210        
209        210        
186        211        
186        212        
211        212        
187        213        
187        214        
213        214        
188        215        
188        216        
215        216        
189        217        
189        218        
217        218        
190        219        
190        220        
219        220        
191        221        
191        222        
221        222        
192        223        
192        224        
223        224        
193        224        
193        225        
224        225        
194        195        
194        226        
195        226        
196        197        
196        227        
197        227        
198        199        
198        228        
199        228        
200        201        
200        229        
201        229        
202        203        
202        230        
203        230        
204        205        
204        231        
205        231        
206        207        
206        232        
207        232        
208        209        
208        233        
209        233        
210        211        
210        234        
211        234        
212        213        
212        235        
213        235        
214        215        
214        236        
215        236        
216        217        
216        237        
217        237        
218        219        
218        238        
219        238        
220        221        
220        239        
221        239        
222        223        
222        240        
223        240        
226        241        
226        242        
241        242        
227        243        
227        244        
243        244        
228        245        
228        246        
245        246        
229        247        
229        248        
247        248        
230        249        
230        250        
249        250        
231        251        
231        252        
251        252        
232        253        
232        254        
253        254        
233        255        
233        256        
255        256        
234        257        
234        258        
257        258        
235        259        
235        260        
259        260        
236        261        
236        262        
261        262        
237        263        
237        264        
263        264        
238        265        
238        266        
265        266        
239        267        
239        268        
267        268        
240        269        
240        270        
269        270        
225        271        
225        272        
271        272        
241        272        
241        273        
272        273        
242        243        
242        274        
243        274        
244        245        
244        275        
245        275        
246        247        
246        276        
247        276        
248        249        
248        277        
249        277        
250        251        
250        278        
251        278        
252        253        
252        279        
253        279        
254        255        
254        280        
255        280        
256        257        
256        281        
257        281        
258        259        
258        282        
259        282        
260        261        
260        283        
261        283        
262        263        
262        284        
263        284        
264        265        
264        285        
265        285        
266        267        
266        286        
267        286        
268        269        
268        287        
269        287        
270        271        
270        288        
271        288        
273        289        
273        290        
289        290        
274        291        
274        292        
291        292        
275        293        
275        294        
293        294        
276        295        
276        296        
295        296        
277        297        
277        298        
297        298        
278        299        
278        300        
299        300        
279        301        
279        302        
301        302        
280        303        
280        304        
303        304        
281        305        
281        306        
305        306        
282        307        
282        308        
307        308        
283        309        
283        310        
309        310        
284        311        
284        312        
311        312        
285        313        
285        314        
313        314        
286        315        
286        316        
315        316        
287        317        
287        318        
317        318        
288        319        
288        320        
319        320        
289        320        
289        321        
320        321        
290        291        
290        322        
291        322        
292        293        
292        323        
293        323        
294        295        
294        324        
295        324        
296        297        
296        325        
297        325        
298        299        
298        326        
299        326        
300        301        
300        327        
301        327        
302        303        
302        328        
303        328        
304        305        
304        329        
305        329        
306        307        
306        330        
307        330        
308        309        
308        331        
309        331        
310        311        
310        332        
311        332        
312        313        
312        333        
313        333        
314        315        
314        334        
315        334        
316        317        
316        335        
317        335        
318        319        
318        336        
319        336        
322        337        
322        338        
337        338        
323        339        
323        340        
339        340        
324        341        
324        342        
341        342        
325        343        
325        344        
343        344        
326        345        
326        346        
345        346        
327        347        
327        348        
347        348        
328        349        
328        350        
349        350        
329        351        
329        352        
351        352        
330        353        
330        354        
353        354        
331        355        
331        356        
355        356        
332        357        
332        358        
357        358        
333        359        
333        360        
359        360        
334        361        
334        362        
361        362        
335        363        
335        364        
363        364        
336        365        
336        366        
365        366        
321        367        
321        368        
367        368        
337        368        
337        369        
368        369        
338        339        
338        370        
339        370        
340        341        
340        371        
341        371        
342        343        
342        372        
343        372        
344        345        
344        373        
345        373        
346        347        
346        374        
347        374        
348        349        
348        375        
349        375        
350        351        
350        376        
351        376        
352        353        
352        377        
353        377        
354        355        
354        378        
355        378        
356        357        
356        379        
357        379        
358        359        
358        380        
359        380        
360        361        
360        381        
361        381        
362        363        
362        382        
363        382        
364        365        
364        383        
365        383        
366        367        
366        384        
367        384        
369        385        
369        386        
385        386        
370        387        
370        388        
387        388        
371        389        
371        390        
389        390        
372        391        
372        392        
391        392        
373        393        
373        394        
393        394        
374        395        
374        396        
395        396        
375        397        
375        398        
397        398        
376        399        
376        400        
399        400        
377        401        
377        402        
401        402        
378        403        
378        404        
403        404        
379        405        
379        406        
405        406        
380        407        
380        408        
407        408        
381        409        
381        410        
409        410        
382        411        
382        412        
411        412        
383        413        
383        414        
413        414        
384        415        
384        416        
415        416        
385        416        
385        417        
416        417        
386        387        
386        418        
387        418        
388        389        
388        419        
389        419        
390        391        
390        420        
391        420        
392        393        
392        421        
393        421        
394        395        
394        422        
395        422        
396        397        
396        423        
397        423        
398        399        
398        424        
399        424        
400        401        
400        425        
401        425        
402        403        
402        426        
403        426        
404        405        
404        427        
405        427        
406        407        
406        428        
407        428        
408        409        
408        429        
409        429        
410        411        
410        430        
411        430        
412        413        
412        431        
413        431        
414        415        
414        432        
415        432        
418        433        
418        434        
433        434        
419        435        
419        436        
435        436        
420        437        
420        438        
437        438        
421        439        
421        440        
439        440        
422        441        
422        442        
441        442        
423        443        
423        444        
443        444        
424        445        
424        446        
445        446        
425        447        
425        448        
447        448        
426        449        
426        450        
449        450        
427        451        
427        452        
451        452        
428        453        
428        454        
453        454        
429        455        
429        456        
455        456        
430        457        
430        458        
457        458        
431        459        
431        460        
459        460        
432        461        
432        462        
461        462        
417        463        
417        464        
463        464        
433        464        
433        465        
464        465        
434        435        
434        466        
435        466        
436        437        
436        467        
437        467        
438        439        
438        468        
439        468        
440        441        
440        469        
441        469        
442        443        
442        470        
443        470        
444        445        
444        471        
445        471        
446        447        
446        472        
447        472        
448        449        
448        473        
449        473        
450        451        
450        474        
451        474        
452        453        
452        475        
453        475        
454        455        
454        476        
455        476        
456        457        
456        477        
457        477        
458        459        
458        478        
459        478        
460        461        
460        479        
461        479        
462        463        
462        480        
463        480        
465        481        
465        482        
481        482        
466        483        
466        484        
483        484        
467        485        
467        486        
485        486        
468        487        
468        488        
487        488        
469        489        
469        490        
489        490        
470        491        
470        492        
491        492        
471        493        
471        494        
493        494        
472        495        
472        496        
495        496        
473        497        
473        498        
497        498        
474        499        
474        500        
499        500        
475        501        
475        502        
501        502        
476        503        
476        504        
503        504        
477        505        
477        506        
505        506        
478        507        
478        508        
507        508        
479        509        
479        510        
509        510        
480        511        
480        512        
511        512        
481        512        
481        513        
512        513        
482        483        
482        514        
483        514        
484        485        
484        515        
485        515        
486        487        
486        516        
487        516        
488        489        
488        517        
489        517        
490        491        
490        518        
491        518        
492        493        
492        519        
493        519        
494        495        
494        520        
495        520        
496        497        
496        521        
497        521        
498        499        
498        522        
499        522        
500        501        
500        523        
501        523        
502        503        
502        524        
503        524        
504        505        
504        525        
505        525        
506        507        
506        526        
507        526        
508        509        
508        527        
509        527        
510        511        
510        528        
511        528        
514        529        
514        530        
529        530        
515        531        
515        532        
531        532        
516        533        
516        534        
533        534        
517        535        
517        536        
535        536        
518        537        
518        538        
537        538        
519        539        
519        540        
539        540        
520        541        
520        542        
541        542        
521        543        
521        544        
543        544        
522        545        
522        546        
545        546        
523        547        
523        548        
547        548        
524        549        
524        550        
549        550        
525        551        
525        552        
551        552        
526        553        
526        554        
553        554        
527        555        
527        556        
555        556        
528        557        
528        558        
557        558        
513        559        
513        560        
559        560        
529        560        
529        561        
560        561        
530        531        
530        562        
531        562        
532        533        
532        563        
533        563        
534        535        
534        564        
535        564        
536        537        
536        565        
537        565        
538        539        
538        566        
539        566        
540        541        
540        567        
541        567        
542        543        
542        568        
543        568        
544        545        
544        569        
545        569        
546        547        
546        570        
547        570        
548        549        
548        571        
549        571        
550        551        
550        572        
551        572        
552        553        
552        573        
553        573        
554        555        
554        574        
555        574        
556        557        
556        575        
557        575        
558        559        
558        576        
559        576        
561        577        
561        578        
577        578        
562        579        
562        580        
579        580        
563        581        
563        582        
581        582        
564        583        
564        584        
583        584        
565        585        
565        586        
585        586        
566        587        
566        588        
587        588        
567        589        
567        590        
589        590        
568        591        
568        592        
591        592        
569        593        
569        594        
593        594        
570        595        
570        596        
595        596        
571        597        
571        598        
597        598        
572        599        
572        600        
599        600        
573        601        
573        602        
601        602        
574        603        
574        604        
603        604        
575        605        
575        606        
605        606        
576        607        
576        608        
607        608        
577        608        
577        609        
608        609        
578        579        
578        610        
579        610        
580        581        
580        611        
581        611        
582        583        
582        612        
583        612        
584        585        
584        613        
585        613        
586        587        
586        614        
587        614        
588        589        
588        615        
589        615        
590        591        
590        616        
591        616        
592        593        
592        617        
593        617        
594        595        
594        618        
595        618        
596        597        
596        619        
597        619        
598        599        
598        620        
599        620        
600        601        
600        621        
601        621        
602        603        
602        622        
603        622        
604        605        
604        623        
605        623        
606        607        
606        624        
607        624        
610        625        
610        626        
625        626        
611        627        
611        628        
627        628        
612        629        
612        630        
629        630        
613        631        
613        632        
631        632        
614        633        
614        634        
633        634        
615        635        
615        636        
635        636        
616        637        
616        638        
637        638        
617        639        
617        640        
639        640        
618        641        
618        642        
641        642        
619        643        
619        644        
643        644        
620        645        
620        646        
645        646        
621        647        
621        648        
647        648        
622        649        
622        650        
649        650        
623        651        
623        652        
651        652        
624        653        
624        654        
653        654        
609        655        
609        656        
655        656        
625        656        
625        657        
656        657        
626        627        
626        658        
627        658        
628        629        
628        659        
629        659        
630        631        
630        660        
631        660        
632        633        
632        661        
633        661        
634        635        
634        662        
635        662        
636        637        
636        663        
637        663        
638        639        
638        664        
639        664        
640        641        
640        665        
641        665        
642        643        
642        666        
643        666        
644        645        
644        667        
645        667        
646        647        
646        668        
647        668        
648        649        
648        669        
649        669        
650        651        
650        670        
651        670        
652        653        
652        671        
653        671        
654        655        
654        672        
655        672        
658        673        
658        674        
673        674        
659        675        
659        676        
675        676        
660        677        
660        678        
677        678        
661        679        
661        680        
679        680        
662        681        
662        682        
681        682        
663        683        
663        684        
683        684        
664        685        
664        686        
685        686        
665        687        
665        688        
687        688        
666        689        
666        690        
689        690        
667        691        
667        692        
691        692        
668        693        
668        694        
693        694        
669        695        
669        696        
695        696        
670        697        
670        698        
697        698        
671        699        
671        700        
699        700        
657        673        
657        701        
673        701        
674        675        
674        702        
675        702        
676        677        
676        703        
677        703        
678        679        
678        704        
679        704        
680        681        
680        705        
681        705        
682        683        
682        706        
683        706        
684        685        
684        707        
685        707        
686        687        
686        708        
687        708        
688        689        
688        709        
689        709        
690        691        
690        710        
691        710        
692        693        
692        711        
693        711        
694        695        
694        712        
695        712        
696        697        
696        713        
697        713        
698        699        
698        714        
699        714        
672        700        
672        715        
700        715        
702        716        
702        717        
716        717        
703        718        
703        719        
718        719        
704        720        
704        721        
720        721        
705        722        
705        723        
722        723        
706        724        
706        725        
724        725        
707        726        
707        727        
726        727        
708        728        
708        729        
728        729        
709        730        
709        731        
730        731        
710        732        
710        733        
732        733        
711        734        
711        735        
734        735        
712        736        
712        737        
736        737        
713        738        
713        739        
738        739        
714        740        
714        741        
740        741        
38         701        
38         717        
701        717        
3          716        
3          719        
716        719        
6          718        
6          721        
718        721        
9          720        
9          723        
720        723        
12         722        
12         725        
722        725        
15         724        
15         727        
724        727        
18         726        
18         729        
726        729        
21         728        
21         731        
728        731        
24         730        
24         733        
730        733        
27         732        
27         735        
732        735        
30         734        
30         737        
734        737        
33         736        
33         739        
736        739        
36         738        
36         741        
738        741        
51         715        
51         740        
715        740        
