3360
1          673       
1          674       
1          169       
1          170       
1          171       
1          172       
1          173       
1          174       
2          675       
2          676       
2          175       
2          176       
2          177       
2          178       
2          179       
2          180       
3          677       
3          678       
3          181       
3          182       
3          183       
3          184       
3          185       
3          186       
4          679       
4          680       
4          187       
4          188       
4          189       
4          190       
4          191       
4          192       
5          681       
5          682       
5          193       
5          194       
5          195       
5          196       
5          197       
5          198       
6          683       
6          684       
6          199       
6          200       
6          201       
6          202       
6          203       
6          204       
7          685       
7          686       
7          169       
7          170       
7          175       
7          176       
7          205       
7          206       
8          687       
8          688       
8          177       
8          178       
8          181       
8          182       
8          207       
8          208       
9          689       
9          690       
9          183       
9          184       
9          187       
9          188       
9          209       
9          210       
10         691       
10         692       
10         189       
10         190       
10         193       
10         194       
10         211       
10         212       
11         693       
11         694       
11         195       
11         196       
11         199       
11         200       
11         213       
11         214       
12         695       
12         696       
12         173       
12         174       
12         215       
12         216       
12         217       
12         218       
13         697       
13         698       
13         205       
13         206       
13         219       
13         220       
13         221       
13         222       
14         699       
14         700       
14         207       
14         208       
14         223       
14         224       
14         225       
14         226       
15         701       
15         702       
15         209       
15         210       
15         227       
15         228       
15         229       
15         230       
16         703       
16         704       
16         211       
16         212       
16         231       
16         232       
16         233       
16         234       
17         705       
17         706       
17         213       
17         214       
17         235       
17         236       
17         237       
17         238       
18         707       
18         708       
18         201       
18         202       
18         239       
18         240       
18         241       
18         242       
19         709       
19         710       
19         215       
19         216       
19         219       
19         220       
19         243       
19         244       
20         711       
20         712       
20         221       
20         222       
20         223       
20         224       
20         245       
20         246       
21         713       
21         714       
21         225       
21         226       
21         227       
21         228       
21         247       
21         248       
22         715       
22         716       
22         229       
22         230       
22         231       
22         232       
22         249       
22         250       
23         717       
23         718       
23         233       
23         234       
23         235       
23         236       
23         251       
23         252       
24         719       
24         720       
24         237       
24         238       
24         239       
24         240       
24         253       
24         254       
25         721       
25         722       
25         217       
25         218       
25         255       
25         256       
25         257       
25         258       
26         723       
26         724       
26         243       
26         244       
26         259       
26         260       
26         261       
26         262       
27         725       
27         726       
27         245       
27         246       
27         263       
27         264       
27         265       
27         266       
28         727       
28         728       
28         247       
28         248       
28         267       
28         268       
28         269       
28         270       
29         729       
29         730       
29         249       
29         250       
29         271       
29         272       
29         273       
29         274       
30         731       
30         732       
30         251       
30         252       
30         275       
30         276       
30         277       
30         278       
31         733       
31         734       
31         253       
31         254       
31         279       
31         280       
31         281       
31         282       
32         735       
32         736       
32         241       
32         242       
32         283       
32         284       
32         285       
32         286       
33         737       
33         738       
33         287       
33         288       
33         289       
33         290       
33         291       
33         292       
34         739       
34         740       
34         291       
34         292       
34         293       
34         294       
34         295       
34         296       
35         741       
35         742       
35         255       
35         256       
35         295       
35         296       
35         297       
35         298       
36         743       
36         744       
36         257       
36         258       
36         259       
36         260       
36         299       
36         300       
37         745       
37         746       
37         261       
37         262       
37         263       
37         264       
37         301       
37         302       
38         747       
38         748       
38         265       
38         266       
38         267       
38         268       
38         303       
38         304       
39         749       
39         750       
39         269       
39         270       
39         271       
39         272       
39         305       
39         306       
40         751       
40         752       
40         273       
40         274       
40         275       
40         276       
40         307       
40         308       
41         753       
41         754       
41         277       
41         278       
41         279       
41         280       
41         309       
41         310       
42         755       
42         756       
42         281       
42         282       
42         283       
42         284       
42         311       
42         312       
43         757       
43         758       
43         285       
43         286       
43         313       
43         314       
43         315       
43         316       
44         759       
44         760       
44         289       
44         290       
44         315       
44         316       
44         317       
44         318       
45         761       
45         762       
45         293       
45         294       
45         319       
45         320       
45         321       
45         322       
46         763       
46         764       
46         297       
46         298       
46         323       
46         324       
46         325       
46         326       
47         765       
47         766       
47         299       
47         300       
47         327       
47         328       
47         329       
47         330       
48         767       
48         768       
48         301       
48         302       
48         331       
48         332       
48         333       
48         334       
49         769       
49         770       
49         303       
49         304       
49         335       
49         336       
49         337       
49         338       
50         771       
50         772       
50         305       
50         306       
50         339       
50         340       
50         341       
50         342       
51         773       
51         774       
51         307       
51         308       
51         343       
51         344       
51         345       
51         346       
52         775       
52         776       
52         309       
52         310       
52         347       
52         348       
52         349       
52         350       
53         777       
53         778       
53         311       
53         312       
53         351       
53         352       
53         353       
53         354       
54         779       
54         780       
54         313       
54         314       
54         355       
54         356       
54         357       
54         358       
55         781       
55         782       
55         317       
55         318       
55         359       
55         360       
55         361       
55         362       
56         783       
56         784       
56         287       
56         288       
56         363       
56         364       
56         365       
56         366       
57         785       
57         786       
57         319       
57         320       
57         365       
57         366       
57         367       
57         368       
58         787       
58         788       
58         321       
58         322       
58         323       
58         324       
58         369       
58         370       
59         789       
59         790       
59         325       
59         326       
59         327       
59         328       
59         371       
59         372       
60         791       
60         792       
60         329       
60         330       
60         331       
60         332       
60         373       
60         374       
61         793       
61         794       
61         333       
61         334       
61         335       
61         336       
61         375       
61         376       
62         795       
62         796       
62         337       
62         338       
62         339       
62         340       
62         377       
62         378       
63         797       
63         798       
63         341       
63         342       
63         343       
63         344       
63         379       
63         380       
64         799       
64         800       
64         345       
64         346       
64         347       
64         348       
64         381       
64         382       
65         801       
65         802       
65         349       
65         350       
65         351       
65         352       
65         383       
65         384       
66         803       
66         804       
66         353       
66         354       
66         355       
66         356       
66         385       
66         386       
67         805       
67         806       
67         357       
67         358       
67         359       
67         360       
67         387       
67         388       
68         807       
68         808       
68         361       
68         362       
68         363       
68         364       
68         389       
68         390       
69         809       
69         810       
69         367       
69         368       
69         391       
69         392       
69         393       
69         394       
70         811       
70         812       
70         369       
70         370       
70         395       
70         396       
70         397       
70         398       
71         813       
71         814       
71         371       
71         372       
71         399       
71         400       
71         401       
71         402       
72         815       
72         816       
72         373       
72         374       
72         403       
72         404       
72         405       
72         406       
73         817       
73         818       
73         375       
73         376       
73         407       
73         408       
73         409       
73         410       
74         819       
74         820       
74         377       
74         378       
74         411       
74         412       
74         413       
74         414       
75         821       
75         822       
75         379       
75         380       
75         415       
75         416       
75         417       
75         418       
76         823       
76         824       
76         381       
76         382       
76         419       
76         420       
76         421       
76         422       
77         825       
77         826       
77         383       
77         384       
77         423       
77         424       
77         425       
77         426       
78         827       
78         828       
78         385       
78         386       
78         427       
78         428       
78         429       
78         430       
79         829       
79         830       
79         387       
79         388       
79         431       
79         432       
79         433       
79         434       
80         831       
80         832       
80         389       
80         390       
80         435       
80         436       
80         437       
80         438       
81         833       
81         834       
81         391       
81         392       
81         437       
81         438       
81         439       
81         440       
82         835       
82         836       
82         393       
82         394       
82         395       
82         396       
82         441       
82         442       
83         837       
83         838       
83         397       
83         398       
83         399       
83         400       
83         443       
83         444       
84         839       
84         840       
84         401       
84         402       
84         403       
84         404       
84         445       
84         446       
85         841       
85         842       
85         405       
85         406       
85         407       
85         408       
85         447       
85         448       
86         843       
86         844       
86         409       
86         410       
86         411       
86         412       
86         449       
86         450       
87         845       
87         846       
87         413       
87         414       
87         415       
87         416       
87         451       
87         452       
88         847       
88         848       
88         417       
88         418       
88         419       
88         420       
88         453       
88         454       
89         849       
89         850       
89         421       
89         422       
89         423       
89         424       
89         455       
89         456       
90         851       
90         852       
90         425       
90         426       
90         427       
90         428       
90         457       
90         458       
91         853       
91         854       
91         429       
91         430       
91         431       
91         432       
91         459       
91         460       
92         855       
92         856       
92         433       
92         434       
92         435       
92         436       
92         461       
92         462       
93         857       
93         858       
93         441       
93         442       
93         463       
93         464       
93         465       
93         466       
94         859       
94         860       
94         443       
94         444       
94         465       
94         466       
94         467       
94         468       
95         861       
95         862       
95         445       
95         446       
95         469       
95         470       
95         471       
95         472       
96         863       
96         864       
96         447       
96         448       
96         473       
96         474       
96         475       
96         476       
97         865       
97         866       
97         449       
97         450       
97         477       
97         478       
97         479       
97         480       
98         867       
98         868       
98         451       
98         452       
98         481       
98         482       
98         483       
98         484       
99         869       
99         870       
99         453       
99         454       
99         485       
99         486       
99         487       
99         488       
100        871       
100        872       
100        455       
100        456       
100        489       
100        490       
100        491       
100        492       
101        873       
101        874       
101        457       
101        458       
101        493       
101        494       
101        495       
101        496       
102        875       
102        876       
102        459       
102        460       
102        497       
102        498       
102        499       
102        500       
103        877       
103        878       
103        461       
103        462       
103        499       
103        500       
103        501       
103        502       
104        879       
104        880       
104        439       
104        440       
104        463       
104        464       
104        501       
104        502       
105        881       
105        882       
105        467       
105        468       
105        469       
105        470       
105        503       
105        504       
106        883       
106        884       
106        471       
106        472       
106        473       
106        474       
106        505       
106        506       
107        885       
107        886       
107        475       
107        476       
107        477       
107        478       
107        507       
107        508       
108        887       
108        888       
108        479       
108        480       
108        481       
108        482       
108        509       
108        510       
109        889       
109        890       
109        483       
109        484       
109        485       
109        486       
109        511       
109        512       
110        891       
110        892       
110        487       
110        488       
110        489       
110        490       
110        513       
110        514       
111        893       
111        894       
111        491       
111        492       
111        493       
111        494       
111        515       
111        516       
112        895       
112        896       
112        495       
112        496       
112        497       
112        498       
112        517       
112        518       
113        897       
113        898       
113        505       
113        506       
113        519       
113        520       
113        521       
113        522       
114        899       
114        900       
114        507       
114        508       
114        523       
114        524       
114        525       
114        526       
115        901       
115        902       
115        509       
115        510       
115        527       
115        528       
115        529       
115        530       
116        903       
116        904       
116        511       
116        512       
116        531       
116        532       
116        533       
116        534       
117        905       
117        906       
117        513       
117        514       
117        535       
117        536       
117        537       
117        538       
118        907       
118        908       
118        515       
118        516       
118        539       
118        540       
118        541       
118        542       
119        909       
119        910       
119        503       
119        504       
119        519       
119        520       
119        543       
119        544       
120        911       
120        912       
120        521       
120        522       
120        523       
120        524       
120        545       
120        546       
121        913       
121        914       
121        525       
121        526       
121        527       
121        528       
121        547       
121        548       
122        915       
122        916       
122        529       
122        530       
122        531       
122        532       
122        549       
122        550       
123        917       
123        918       
123        533       
123        534       
123        535       
123        536       
123        551       
123        552       
124        919       
124        920       
124        537       
124        538       
124        539       
124        540       
124        553       
124        554       
125        921       
125        922       
125        517       
125        518       
125        541       
125        542       
125        555       
125        556       
126        923       
126        924       
126        545       
126        546       
126        557       
126        558       
126        559       
126        560       
127        925       
127        926       
127        547       
127        548       
127        561       
127        562       
127        563       
127        564       
128        927       
128        928       
128        549       
128        550       
128        565       
128        566       
128        567       
128        568       
129        929       
129        930       
129        551       
129        552       
129        569       
129        570       
129        571       
129        572       
130        931       
130        932       
130        553       
130        554       
130        573       
130        574       
130        575       
130        576       
131        933       
131        934       
131        543       
131        544       
131        557       
131        558       
131        577       
131        578       
132        935       
132        936       
132        559       
132        560       
132        561       
132        562       
132        579       
132        580       
133        937       
133        938       
133        563       
133        564       
133        565       
133        566       
133        581       
133        582       
134        939       
134        940       
134        567       
134        568       
134        569       
134        570       
134        583       
134        584       
135        941       
135        942       
135        571       
135        572       
135        573       
135        574       
135        585       
135        586       
136        943       
136        944       
136        555       
136        556       
136        575       
136        576       
136        587       
136        588       
137        945       
137        946       
137        579       
137        580       
137        589       
137        590       
137        591       
137        592       
138        947       
138        948       
138        581       
138        582       
138        593       
138        594       
138        595       
138        596       
139        949       
139        950       
139        583       
139        584       
139        597       
139        598       
139        599       
139        600       
140        951       
140        952       
140        585       
140        586       
140        601       
140        602       
140        603       
140        604       
141        953       
141        954       
141        577       
141        578       
141        589       
141        590       
141        605       
141        606       
142        955       
142        956       
142        591       
142        592       
142        593       
142        594       
142        607       
142        608       
143        957       
143        958       
143        595       
143        596       
143        597       
143        598       
143        609       
143        610       
144        959       
144        960       
144        599       
144        600       
144        601       
144        602       
144        611       
144        612       
145        961       
145        962       
145        587       
145        588       
145        603       
145        604       
145        613       
145        614       
146        963       
146        964       
146        607       
146        608       
146        615       
146        616       
146        617       
146        618       
147        965       
147        966       
147        609       
147        610       
147        619       
147        620       
147        621       
147        622       
148        967       
148        968       
148        611       
148        612       
148        623       
148        624       
148        625       
148        626       
149        969       
149        970       
149        605       
149        606       
149        615       
149        616       
149        627       
149        628       
150        971       
150        972       
150        617       
150        618       
150        619       
150        620       
150        629       
150        630       
151        973       
151        974       
151        621       
151        622       
151        623       
151        624       
151        631       
151        632       
152        975       
152        976       
152        613       
152        614       
152        625       
152        626       
152        633       
152        634       
153        977       
153        978       
153        627       
153        628       
153        635       
153        636       
153        637       
153        638       
154        979       
154        980       
154        629       
154        630       
154        639       
154        640       
154        641       
154        642       
155        981       
155        982       
155        631       
155        632       
155        643       
155        644       
155        645       
155        646       
156        983       
156        984       
156        633       
156        634       
156        647       
156        648       
156        649       
156        650       
157        985       
157        986       
157        635       
157        636       
157        639       
157        640       
157        651       
157        652       
158        987       
158        988       
158        641       
158        642       
158        643       
158        644       
158        653       
158        654       
159        989       
159        990       
159        645       
159        646       
159        647       
159        648       
159        655       
159        656       
160        991       
160        992       
160        171       
160        172       
160        637       
160        638       
160        657       
160        658       
161        993       
161        994       
161        651       
161        652       
161        659       
161        660       
161        661       
161        662       
162        995       
162        996       
162        653       
162        654       
162        663       
162        664       
162        665       
162        666       
163        997       
163        998       
163        655       
163        656       
163        667       
163        668       
163        669       
163        670       
164        999       
164        1000      
164        203       
164        204       
164        649       
164        650       
164        671       
164        672       
165        1001      
165        1002      
165        179       
165        180       
165        657       
165        658       
165        661       
165        662       
166        1003      
166        1004      
166        185       
166        186       
166        659       
166        660       
166        665       
166        666       
167        1005      
167        1006      
167        191       
167        192       
167        663       
167        664       
167        669       
167        670       
168        1007      
168        1008      
168        197       
168        198       
168        667       
168        668       
168        671       
168        672       
169        673       
170        674       
169        685       
170        686       
171        673       
172        674       
171        991       
172        992       
173        673       
174        674       
173        695       
174        696       
175        675       
176        676       
175        685       
176        686       
177        675       
178        676       
177        687       
178        688       
179        675       
180        676       
179        1001      
180        1002      
181        677       
182        678       
181        687       
182        688       
183        677       
184        678       
183        689       
184        690       
185        677       
186        678       
185        1003      
186        1004      
187        679       
188        680       
187        689       
188        690       
189        679       
190        680       
189        691       
190        692       
191        679       
192        680       
191        1005      
192        1006      
193        681       
194        682       
193        691       
194        692       
195        681       
196        682       
195        693       
196        694       
197        681       
198        682       
197        1007      
198        1008      
199        683       
200        684       
199        693       
200        694       
201        683       
202        684       
201        707       
202        708       
203        683       
204        684       
203        999       
204        1000      
205        685       
206        686       
205        697       
206        698       
207        687       
208        688       
207        699       
208        700       
209        689       
210        690       
209        701       
210        702       
211        691       
212        692       
211        703       
212        704       
213        693       
214        694       
213        705       
214        706       
215        695       
216        696       
215        709       
216        710       
217        695       
218        696       
217        721       
218        722       
219        697       
220        698       
219        709       
220        710       
221        697       
222        698       
221        711       
222        712       
223        699       
224        700       
223        711       
224        712       
225        699       
226        700       
225        713       
226        714       
227        701       
228        702       
227        713       
228        714       
229        701       
230        702       
229        715       
230        716       
231        703       
232        704       
231        715       
232        716       
233        703       
234        704       
233        717       
234        718       
235        705       
236        706       
235        717       
236        718       
237        705       
238        706       
237        719       
238        720       
239        707       
240        708       
239        719       
240        720       
241        707       
242        708       
241        735       
242        736       
243        709       
244        710       
243        723       
244        724       
245        711       
246        712       
245        725       
246        726       
247        713       
248        714       
247        727       
248        728       
249        715       
250        716       
249        729       
250        730       
251        717       
252        718       
251        731       
252        732       
253        719       
254        720       
253        733       
254        734       
255        721       
256        722       
255        741       
256        742       
257        721       
258        722       
257        743       
258        744       
259        723       
260        724       
259        743       
260        744       
261        723       
262        724       
261        745       
262        746       
263        725       
264        726       
263        745       
264        746       
265        725       
266        726       
265        747       
266        748       
267        727       
268        728       
267        747       
268        748       
269        727       
270        728       
269        749       
270        750       
271        729       
272        730       
271        749       
272        750       
273        729       
274        730       
273        751       
274        752       
275        731       
276        732       
275        751       
276        752       
277        731       
278        732       
277        753       
278        754       
279        733       
280        734       
279        753       
280        754       
281        733       
282        734       
281        755       
282        756       
283        735       
284        736       
283        755       
284        756       
285        735       
286        736       
285        757       
286        758       
287        737       
288        738       
287        783       
288        784       
289        737       
290        738       
289        759       
290        760       
291        737       
292        738       
291        739       
292        740       
293        739       
294        740       
293        761       
294        762       
295        739       
296        740       
295        741       
296        742       
297        741       
298        742       
297        763       
298        764       
299        743       
300        744       
299        765       
300        766       
301        745       
302        746       
301        767       
302        768       
303        747       
304        748       
303        769       
304        770       
305        749       
306        750       
305        771       
306        772       
307        751       
308        752       
307        773       
308        774       
309        753       
310        754       
309        775       
310        776       
311        755       
312        756       
311        777       
312        778       
313        757       
314        758       
313        779       
314        780       
315        757       
316        758       
315        759       
316        760       
317        759       
318        760       
317        781       
318        782       
319        761       
320        762       
319        785       
320        786       
321        761       
322        762       
321        787       
322        788       
323        763       
324        764       
323        787       
324        788       
325        763       
326        764       
325        789       
326        790       
327        765       
328        766       
327        789       
328        790       
329        765       
330        766       
329        791       
330        792       
331        767       
332        768       
331        791       
332        792       
333        767       
334        768       
333        793       
334        794       
335        769       
336        770       
335        793       
336        794       
337        769       
338        770       
337        795       
338        796       
339        771       
340        772       
339        795       
340        796       
341        771       
342        772       
341        797       
342        798       
343        773       
344        774       
343        797       
344        798       
345        773       
346        774       
345        799       
346        800       
347        775       
348        776       
347        799       
348        800       
349        775       
350        776       
349        801       
350        802       
351        777       
352        778       
351        801       
352        802       
353        777       
354        778       
353        803       
354        804       
355        779       
356        780       
355        803       
356        804       
357        779       
358        780       
357        805       
358        806       
359        781       
360        782       
359        805       
360        806       
361        781       
362        782       
361        807       
362        808       
363        783       
364        784       
363        807       
364        808       
365        783       
366        784       
365        785       
366        786       
367        785       
368        786       
367        809       
368        810       
369        787       
370        788       
369        811       
370        812       
371        789       
372        790       
371        813       
372        814       
373        791       
374        792       
373        815       
374        816       
375        793       
376        794       
375        817       
376        818       
377        795       
378        796       
377        819       
378        820       
379        797       
380        798       
379        821       
380        822       
381        799       
382        800       
381        823       
382        824       
383        801       
384        802       
383        825       
384        826       
385        803       
386        804       
385        827       
386        828       
387        805       
388        806       
387        829       
388        830       
389        807       
390        808       
389        831       
390        832       
391        809       
392        810       
391        833       
392        834       
393        809       
394        810       
393        835       
394        836       
395        811       
396        812       
395        835       
396        836       
397        811       
398        812       
397        837       
398        838       
399        813       
400        814       
399        837       
400        838       
401        813       
402        814       
401        839       
402        840       
403        815       
404        816       
403        839       
404        840       
405        815       
406        816       
405        841       
406        842       
407        817       
408        818       
407        841       
408        842       
409        817       
410        818       
409        843       
410        844       
411        819       
412        820       
411        843       
412        844       
413        819       
414        820       
413        845       
414        846       
415        821       
416        822       
415        845       
416        846       
417        821       
418        822       
417        847       
418        848       
419        823       
420        824       
419        847       
420        848       
421        823       
422        824       
421        849       
422        850       
423        825       
424        826       
423        849       
424        850       
425        825       
426        826       
425        851       
426        852       
427        827       
428        828       
427        851       
428        852       
429        827       
430        828       
429        853       
430        854       
431        829       
432        830       
431        853       
432        854       
433        829       
434        830       
433        855       
434        856       
435        831       
436        832       
435        855       
436        856       
437        831       
438        832       
437        833       
438        834       
439        833       
440        834       
439        879       
440        880       
441        835       
442        836       
441        857       
442        858       
443        837       
444        838       
443        859       
444        860       
445        839       
446        840       
445        861       
446        862       
447        841       
448        842       
447        863       
448        864       
449        843       
450        844       
449        865       
450        866       
451        845       
452        846       
451        867       
452        868       
453        847       
454        848       
453        869       
454        870       
455        849       
456        850       
455        871       
456        872       
457        851       
458        852       
457        873       
458        874       
459        853       
460        854       
459        875       
460        876       
461        855       
462        856       
461        877       
462        878       
463        857       
464        858       
463        879       
464        880       
465        857       
466        858       
465        859       
466        860       
467        859       
468        860       
467        881       
468        882       
469        861       
470        862       
469        881       
470        882       
471        861       
472        862       
471        883       
472        884       
473        863       
474        864       
473        883       
474        884       
475        863       
476        864       
475        885       
476        886       
477        865       
478        866       
477        885       
478        886       
479        865       
480        866       
479        887       
480        888       
481        867       
482        868       
481        887       
482        888       
483        867       
484        868       
483        889       
484        890       
485        869       
486        870       
485        889       
486        890       
487        869       
488        870       
487        891       
488        892       
489        871       
490        872       
489        891       
490        892       
491        871       
492        872       
491        893       
492        894       
493        873       
494        874       
493        893       
494        894       
495        873       
496        874       
495        895       
496        896       
497        875       
498        876       
497        895       
498        896       
499        875       
500        876       
499        877       
500        878       
501        877       
502        878       
501        879       
502        880       
503        881       
504        882       
503        909       
504        910       
505        883       
506        884       
505        897       
506        898       
507        885       
508        886       
507        899       
508        900       
509        887       
510        888       
509        901       
510        902       
511        889       
512        890       
511        903       
512        904       
513        891       
514        892       
513        905       
514        906       
515        893       
516        894       
515        907       
516        908       
517        895       
518        896       
517        921       
518        922       
519        897       
520        898       
519        909       
520        910       
521        897       
522        898       
521        911       
522        912       
523        899       
524        900       
523        911       
524        912       
525        899       
526        900       
525        913       
526        914       
527        901       
528        902       
527        913       
528        914       
529        901       
530        902       
529        915       
530        916       
531        903       
532        904       
531        915       
532        916       
533        903       
534        904       
533        917       
534        918       
535        905       
536        906       
535        917       
536        918       
537        905       
538        906       
537        919       
538        920       
539        907       
540        908       
539        919       
540        920       
541        907       
542        908       
541        921       
542        922       
543        909       
544        910       
543        933       
544        934       
545        911       
546        912       
545        923       
546        924       
547        913       
548        914       
547        925       
548        926       
549        915       
550        916       
549        927       
550        928       
551        917       
552        918       
551        929       
552        930       
553        919       
554        920       
553        931       
554        932       
555        921       
556        922       
555        943       
556        944       
557        923       
558        924       
557        933       
558        934       
559        923       
560        924       
559        935       
560        936       
561        925       
562        926       
561        935       
562        936       
563        925       
564        926       
563        937       
564        938       
565        927       
566        928       
565        937       
566        938       
567        927       
568        928       
567        939       
568        940       
569        929       
570        930       
569        939       
570        940       
571        929       
572        930       
571        941       
572        942       
573        931       
574        932       
573        941       
574        942       
575        931       
576        932       
575        943       
576        944       
577        933       
578        934       
577        953       
578        954       
579        935       
580        936       
579        945       
580        946       
581        937       
582        938       
581        947       
582        948       
583        939       
584        940       
583        949       
584        950       
585        941       
586        942       
585        951       
586        952       
587        943       
588        944       
587        961       
588        962       
589        945       
590        946       
589        953       
590        954       
591        945       
592        946       
591        955       
592        956       
593        947       
594        948       
593        955       
594        956       
595        947       
596        948       
595        957       
596        958       
597        949       
598        950       
597        957       
598        958       
599        949       
600        950       
599        959       
600        960       
601        951       
602        952       
601        959       
602        960       
603        951       
604        952       
603        961       
604        962       
605        953       
606        954       
605        969       
606        970       
607        955       
608        956       
607        963       
608        964       
609        957       
610        958       
609        965       
610        966       
611        959       
612        960       
611        967       
612        968       
613        961       
614        962       
613        975       
614        976       
615        963       
616        964       
615        969       
616        970       
617        963       
618        964       
617        971       
618        972       
619        965       
620        966       
619        971       
620        972       
621        965       
622        966       
621        973       
622        974       
623        967       
624        968       
623        973       
624        974       
625        967       
626        968       
625        975       
626        976       
627        969       
628        970       
627        977       
628        978       
629        971       
630        972       
629        979       
630        980       
631        973       
632        974       
631        981       
632        982       
633        975       
634        976       
633        983       
634        984       
635        977       
636        978       
635        985       
636        986       
637        977       
638        978       
637        991       
638        992       
639        979       
640        980       
639        985       
640        986       
641        979       
642        980       
641        987       
642        988       
643        981       
644        982       
643        987       
644        988       
645        981       
646        982       
645        989       
646        990       
647        983       
648        984       
647        989       
648        990       
649        983       
650        984       
649        999       
650        1000      
651        985       
652        986       
651        993       
652        994       
653        987       
654        988       
653        995       
654        996       
655        989       
656        990       
655        997       
656        998       
657        991       
658        992       
657        1001      
658        1002      
659        993       
660        994       
659        1003      
660        1004      
661        993       
662        994       
661        1001      
662        1002      
663        995       
664        996       
663        1005      
664        1006      
665        995       
666        996       
665        1003      
666        1004      
667        997       
668        998       
667        1007      
668        1008      
669        997       
670        998       
669        1005      
670        1006      
671        999       
672        1000      
671        1007      
672        1008      
169        171       
170        172       
169        173       
170        174       
171        173       
172        174       
175        177       
176        178       
175        179       
176        180       
177        179       
178        180       
181        183       
182        184       
181        185       
182        186       
183        185       
184        186       
187        189       
188        190       
187        191       
188        192       
189        191       
190        192       
193        195       
194        196       
193        197       
194        198       
195        197       
196        198       
199        201       
200        202       
199        203       
200        204       
201        203       
202        204       
169        175       
170        176       
169        205       
170        206       
175        205       
176        206       
177        181       
178        182       
177        207       
178        208       
181        207       
182        208       
183        187       
184        188       
183        209       
184        210       
187        209       
188        210       
189        193       
190        194       
189        211       
190        212       
193        211       
194        212       
195        199       
196        200       
195        213       
196        214       
199        213       
200        214       
173        215       
174        216       
173        217       
174        218       
215        217       
216        218       
205        219       
206        220       
205        221       
206        222       
219        221       
220        222       
207        223       
208        224       
207        225       
208        226       
223        225       
224        226       
209        227       
210        228       
209        229       
210        230       
227        229       
228        230       
211        231       
212        232       
211        233       
212        234       
231        233       
232        234       
213        235       
214        236       
213        237       
214        238       
235        237       
236        238       
201        239       
202        240       
201        241       
202        242       
239        241       
240        242       
215        219       
216        220       
215        243       
216        244       
219        243       
220        244       
221        223       
222        224       
221        245       
222        246       
223        245       
224        246       
225        227       
226        228       
225        247       
226        248       
227        247       
228        248       
229        231       
230        232       
229        249       
230        250       
231        249       
232        250       
233        235       
234        236       
233        251       
234        252       
235        251       
236        252       
237        239       
238        240       
237        253       
238        254       
239        253       
240        254       
217        255       
218        256       
217        257       
218        258       
255        257       
256        258       
243        259       
244        260       
243        261       
244        262       
259        261       
260        262       
245        263       
246        264       
245        265       
246        266       
263        265       
264        266       
247        267       
248        268       
247        269       
248        270       
267        269       
268        270       
249        271       
250        272       
249        273       
250        274       
271        273       
272        274       
251        275       
252        276       
251        277       
252        278       
275        277       
276        278       
253        279       
254        280       
253        281       
254        282       
279        281       
280        282       
241        283       
242        284       
241        285       
242        286       
283        285       
284        286       
287        289       
288        290       
287        291       
288        292       
289        291       
290        292       
291        293       
292        294       
291        295       
292        296       
293        295       
294        296       
255        295       
256        296       
255        297       
256        298       
295        297       
296        298       
257        259       
258        260       
257        299       
258        300       
259        299       
260        300       
261        263       
262        264       
261        301       
262        302       
263        301       
264        302       
265        267       
266        268       
265        303       
266        304       
267        303       
268        304       
269        271       
270        272       
269        305       
270        306       
271        305       
272        306       
273        275       
274        276       
273        307       
274        308       
275        307       
276        308       
277        279       
278        280       
277        309       
278        310       
279        309       
280        310       
281        283       
282        284       
281        311       
282        312       
283        311       
284        312       
285        313       
286        314       
285        315       
286        316       
313        315       
314        316       
289        315       
290        316       
289        317       
290        318       
315        317       
316        318       
293        319       
294        320       
293        321       
294        322       
319        321       
320        322       
297        323       
298        324       
297        325       
298        326       
323        325       
324        326       
299        327       
300        328       
299        329       
300        330       
327        329       
328        330       
301        331       
302        332       
301        333       
302        334       
331        333       
332        334       
303        335       
304        336       
303        337       
304        338       
335        337       
336        338       
305        339       
306        340       
305        341       
306        342       
339        341       
340        342       
307        343       
308        344       
307        345       
308        346       
343        345       
344        346       
309        347       
310        348       
309        349       
310        350       
347        349       
348        350       
311        351       
312        352       
311        353       
312        354       
351        353       
352        354       
313        355       
314        356       
313        357       
314        358       
355        357       
356        358       
317        359       
318        360       
317        361       
318        362       
359        361       
360        362       
287        363       
288        364       
287        365       
288        366       
363        365       
364        366       
319        365       
320        366       
319        367       
320        368       
365        367       
366        368       
321        323       
322        324       
321        369       
322        370       
323        369       
324        370       
325        327       
326        328       
325        371       
326        372       
327        371       
328        372       
329        331       
330        332       
329        373       
330        374       
331        373       
332        374       
333        335       
334        336       
333        375       
334        376       
335        375       
336        376       
337        339       
338        340       
337        377       
338        378       
339        377       
340        378       
341        343       
342        344       
341        379       
342        380       
343        379       
344        380       
345        347       
346        348       
345        381       
346        382       
347        381       
348        382       
349        351       
350        352       
349        383       
350        384       
351        383       
352        384       
353        355       
354        356       
353        385       
354        386       
355        385       
356        386       
357        359       
358        360       
357        387       
358        388       
359        387       
360        388       
361        363       
362        364       
361        389       
362        390       
363        389       
364        390       
367        391       
368        392       
367        393       
368        394       
391        393       
392        394       
369        395       
370        396       
369        397       
370        398       
395        397       
396        398       
371        399       
372        400       
371        401       
372        402       
399        401       
400        402       
373        403       
374        404       
373        405       
374        406       
403        405       
404        406       
375        407       
376        408       
375        409       
376        410       
407        409       
408        410       
377        411       
378        412       
377        413       
378        414       
411        413       
412        414       
379        415       
380        416       
379        417       
380        418       
415        417       
416        418       
381        419       
382        420       
381        421       
382        422       
419        421       
420        422       
383        423       
384        424       
383        425       
384        426       
423        425       
424        426       
385        427       
386        428       
385        429       
386        430       
427        429       
428        430       
387        431       
388        432       
387        433       
388        434       
431        433       
432        434       
389        435       
390        436       
389        437       
390        438       
435        437       
436        438       
391        437       
392        438       
391        439       
392        440       
437        439       
438        440       
393        395       
394        396       
393        441       
394        442       
395        441       
396        442       
397        399       
398        400       
397        443       
398        444       
399        443       
400        444       
401        403       
402        404       
401        445       
402        446       
403        445       
404        446       
405        407       
406        408       
405        447       
406        448       
407        447       
408        448       
409        411       
410        412       
409        449       
410        450       
411        449       
412        450       
413        415       
414        416       
413        451       
414        452       
415        451       
416        452       
417        419       
418        420       
417        453       
418        454       
419        453       
420        454       
421        423       
422        424       
421        455       
422        456       
423        455       
424        456       
425        427       
426        428       
425        457       
426        458       
427        457       
428        458       
429        431       
430        432       
429        459       
430        460       
431        459       
432        460       
433        435       
434        436       
433        461       
434        462       
435        461       
436        462       
441        463       
442        464       
441        465       
442        466       
463        465       
464        466       
443        465       
444        466       
443        467       
444        468       
465        467       
466        468       
445        469       
446        470       
445        471       
446        472       
469        471       
470        472       
447        473       
448        474       
447        475       
448        476       
473        475       
474        476       
449        477       
450        478       
449        479       
450        480       
477        479       
478        480       
451        481       
452        482       
451        483       
452        484       
481        483       
482        484       
453        485       
454        486       
453        487       
454        488       
485        487       
486        488       
455        489       
456        490       
455        491       
456        492       
489        491       
490        492       
457        493       
458        494       
457        495       
458        496       
493        495       
494        496       
459        497       
460        498       
459        499       
460        500       
497        499       
498        500       
461        499       
462        500       
461        501       
462        502       
499        501       
500        502       
439        463       
440        464       
439        501       
440        502       
463        501       
464        502       
467        469       
468        470       
467        503       
468        504       
469        503       
470        504       
471        473       
472        474       
471        505       
472        506       
473        505       
474        506       
475        477       
476        478       
475        507       
476        508       
477        507       
478        508       
479        481       
480        482       
479        509       
480        510       
481        509       
482        510       
483        485       
484        486       
483        511       
484        512       
485        511       
486        512       
487        489       
488        490       
487        513       
488        514       
489        513       
490        514       
491        493       
492        494       
491        515       
492        516       
493        515       
494        516       
495        497       
496        498       
495        517       
496        518       
497        517       
498        518       
505        519       
506        520       
505        521       
506        522       
519        521       
520        522       
507        523       
508        524       
507        525       
508        526       
523        525       
524        526       
509        527       
510        528       
509        529       
510        530       
527        529       
528        530       
511        531       
512        532       
511        533       
512        534       
531        533       
532        534       
513        535       
514        536       
513        537       
514        538       
535        537       
536        538       
515        539       
516        540       
515        541       
516        542       
539        541       
540        542       
503        519       
504        520       
503        543       
504        544       
519        543       
520        544       
521        523       
522        524       
521        545       
522        546       
523        545       
524        546       
525        527       
526        528       
525        547       
526        548       
527        547       
528        548       
529        531       
530        532       
529        549       
530        550       
531        549       
532        550       
533        535       
534        536       
533        551       
534        552       
535        551       
536        552       
537        539       
538        540       
537        553       
538        554       
539        553       
540        554       
517        541       
518        542       
517        555       
518        556       
541        555       
542        556       
545        557       
546        558       
545        559       
546        560       
557        559       
558        560       
547        561       
548        562       
547        563       
548        564       
561        563       
562        564       
549        565       
550        566       
549        567       
550        568       
565        567       
566        568       
551        569       
552        570       
551        571       
552        572       
569        571       
570        572       
553        573       
554        574       
553        575       
554        576       
573        575       
574        576       
543        557       
544        558       
543        577       
544        578       
557        577       
558        578       
559        561       
560        562       
559        579       
560        580       
561        579       
562        580       
563        565       
564        566       
563        581       
564        582       
565        581       
566        582       
567        569       
568        570       
567        583       
568        584       
569        583       
570        584       
571        573       
572        574       
571        585       
572        586       
573        585       
574        586       
555        575       
556        576       
555        587       
556        588       
575        587       
576        588       
579        589       
580        590       
579        591       
580        592       
589        591       
590        592       
581        593       
582        594       
581        595       
582        596       
593        595       
594        596       
583        597       
584        598       
583        599       
584        600       
597        599       
598        600       
585        601       
586        602       
585        603       
586        604       
601        603       
602        604       
577        589       
578        590       
577        605       
578        606       
589        605       
590        606       
591        593       
592        594       
591        607       
592        608       
593        607       
594        608       
595        597       
596        598       
595        609       
596        610       
597        609       
598        610       
599        601       
600        602       
599        611       
600        612       
601        611       
602        612       
587        603       
588        604       
587        613       
588        614       
603        613       
604        614       
607        615       
608        616       
607        617       
608        618       
615        617       
616        618       
609        619       
610        620       
609        621       
610        622       
619        621       
620        622       
611        623       
612        624       
611        625       
612        626       
623        625       
624        626       
605        615       
606        616       
605        627       
606        628       
615        627       
616        628       
617        619       
618        620       
617        629       
618        630       
619        629       
620        630       
621        623       
622        624       
621        631       
622        632       
623        631       
624        632       
613        625       
614        626       
613        633       
614        634       
625        633       
626        634       
627        635       
628        636       
627        637       
628        638       
635        637       
636        638       
629        639       
630        640       
629        641       
630        642       
639        641       
640        642       
631        643       
632        644       
631        645       
632        646       
643        645       
644        646       
633        647       
634        648       
633        649       
634        650       
647        649       
648        650       
635        639       
636        640       
635        651       
636        652       
639        651       
640        652       
641        643       
642        644       
641        653       
642        654       
643        653       
644        654       
645        647       
646        648       
645        655       
646        656       
647        655       
648        656       
171        637       
172        638       
171        657       
172        658       
637        657       
638        658       
651        659       
652        660       
651        661       
652        662       
659        661       
660        662       
653        663       
654        664       
653        665       
654        666       
663        665       
664        666       
655        667       
656        668       
655        669       
656        670       
667        669       
668        670       
203        649       
204        650       
203        671       
204        672       
649        671       
650        672       
179        657       
180        658       
179        661       
180        662       
657        661       
658        662       
185        659       
186        660       
185        665       
186        666       
659        665       
660        666       
191        663       
192        664       
191        669       
192        670       
663        669       
664        670       
197        667       
198        668       
197        671       
198        672       
667        671       
668        672       
