0.15 1
0.25 1
0.35000001 1
0.45000001 1
0.55000001 1
0.65000001 1
0.75000001 1
0.85000001 1
0.95000001 1
1.05 1
1.15 1
1.25 1
1.35 1
1.45 1
1.55 1
1.65 1
1.75 1.074949
1.85 1.6842566
1.95 3.2017913
2.05 3.0704662
2.15 1.8999829
2.25 2.4478784
2.35 1.5909023
2.45 1
2.55 0.81312716
2.65 0.50994884
2.75 0.52023386
2.85 0.71938737
2.95 0.5899342
3.05 0.9150578
3.15 0.9383484
3.25 1.11945
3.35 1.2123555
3.4500001 1.0124915
3.5500001 0.9514616
3.6500001 0.74635315
3.7500001 0.57528899
3.8500001 0.31822706
3.9500001 0.62429411
4.0500001 0.94691112
4.1500001 0.85497673
4.2500001 1.182019
4.3500001 1.0839545
4.4500001 0.98552122
4.5500001 0.82067757
4.6500001 0.84304158
4.7500001 0.87800854
4.8500001 1.2964129
4.9500001 1.2556934
5.0500001 1.271815
5.1500001 1.1915363
5.2500001 1.1265966
5.3500001 1.0400671
5.4500001 0.94494487
5.5500001 0.93050183
5.6500001 0.93174287
5.7500001 1.1229427
5.8500001 1.1061778
5.9500001 1.2123555
6.0500001 1.0212356
6.1500001 0.98259381
6.2500001 0.95547385
6.3500001 0.95618061
6.4500001 0.91373058
6.5500001 1.0457381
6.6500001 1.0289576
6.7500001 0.98415257
6.8500001 1.0156144
6.9500001 0.87689536
7.0500001 0.85741845
7.1500001 0.9341997
7.2500001 0.90267039
7.3500001 0.97672816
7.4500001 0.97704265
7.5500001 1.0509653
7.6500001 0.99161755
7.7500001 0.97793709
7.8500001 0.98910997
7.9500001 0.96236738
8.0500001 0.96814667
8.1500001 0.96067491
8.2500001 1.1243057
8.3500001 1.005117
8.4500001 1.0985936
8.5500001 1.0474677
8.6500001 0.9753075
8.7500001 0.98047306
8.8500001 0.99034748
8.9500001 1.1025987
9.0500001 1.0306736
9.1500001 1.0350037
9.2500001 1.0715546
9.3500001 1.0822021
9.4500001 0.98418629
9.5500001 0.91729312
9.6500001 0.92921483
9.7500001 1.0153246
9.8500001 1.0043338
9.9500001 1
10.05 1.0021236
10.15 1.0021025
10.25 0.99167233
10.35 0.95670422
10.45 0.96528804
10.55 0.94134943
10.65 0.92787926
10.75 1.0516004
10.85 1.0235951
10.95 0.95129461
11.05 0.97104243
11.15 1.0133918
11.25 0.96776747
11.35 0.97556972
11.45 1.0223532
11.55 1.0221588
11.65 1.0823793
11.75 1.01089
11.85 0.97120603
11.95 0.9660945
12.05 1.0495496
12.15 0.97893995
12.25 1.0452561
12.35 1.0328029
12.45 1.0359634
12.55 1.076448
12.65 1.0033707
12.75 1.0033442
12.85 0.97013751
12.95 1.009877
13.05 0.98856547
13.15 1.001621
13.25 0.99034748
13.35 1.0351265
13.45 1.0047542
13.55 1.017303
13.65 0.96096406
13.75 0.93179823
13.85 0.90613271
13.95 0.98319489
14.05 0.93629335
14.15 0.97891506
14.25 1.0164501
14.35 1.0697952
14.45 0.97198087
14.55 0.99560644
14.65 1.0014545
14.75 1.0548946
14.85 0.98995616
14.95 0.97719672
15.05 1
15.15 0.99578102
15.25 0.98044094
15.35 1.049966
15.45 1.0165472
15.55 1.036991
15.65 1.0217801
15.75 1.0284042
15.85 0.98521576
15.95 1.0560939
16.05 0.96549223
16.15 1.0435263
16.25 1.0367034
16.35 0.90880438
16.45 1.0142434
16.55 0.96138991
16.65 0.98336975
16.75 1.0190738
16.85 1.0113762
16.95 1.0050262
17.05 0.975017
17.15 0.97764679
17.25 0.990123
17.35 0.9889526
17.45 1.0122043
17.55 0.99029232
17.65 0.98431465
17.75 0.9580088
17.85 1.0274392
17.95 0.95729163
18.05 0.96342766
18.15 0.97418883
18.25 1.0350037
18.35 1.0522186
18.45 1.0830956
18.55 0.95867677
18.65 0.97944947
18.75 1.0374745
18.85 1.0180728
18.95 1.0011236
19.05 1.0156472
19.15 0.99110553
19.25 1.0331805
19.35 1.015404
19.45 1.0186085
19.55 0.98366496
19.65 0.99674966
19.75 1.0075456
19.85 1.0032175
19.95 0.98612753
20.05 0.96177601
20.15 1.0073955
20.25 0.96635952
20.35 0.99163131
20.45 0.95732071
20.55 0.99792824
20.65 0.99278404
20.75 0.97332733
20.85 0.99795812
20.95 0.99898394
21.05 1.0161795
21.15 0.96779443
21.25 0.99198658
21.35 1.0558306
21.45 1.0466388
21.55 1
21.65 1.0363757
21.75 1.0039144
21.85 1.008767
21.95 0.99418204
22.05 1
22.15 1.0153742
22.25 1.017218
22.35 1.0314248
22.45 0.99146786
22.55 0.95564129
22.65 1.015034
22.75 1.032742
22.85 0.97019572
22.95 0.97588977
23.05 0.98245759
23.15 0.97517923
23.25 1.0466816
23.35 0.9708353
23.45 0.96823742
23.55 1.0009036
23.65 1.0053989
23.75 1.0098562
23.85 1.010707
23.95 1.0195474
24.05 1.0203507
24.15 0.97092228
24.25 0.98508246
24.35 0.99475665
24.45 0.97650165
24.55 1.0164684
24.65 0.96201771
24.75 0.97506757
24.85 1.0154129
24.95 1.0008528
25.05 1.0339769
25.15 1.0118445
25.25 1.0084268
25.35 0.97146211
25.45 1.018393
25.55 0.99583617
25.65 0.98672778
25.75 1.0066103
25.85 0.980246
25.95 1.0278768
26.05 0.96651317
26.15 0.97070959
26.25 1.0226945
26.35 0.99677026
26.45 1.0466539
26.55 1.0248416
26.65 1.0079833
26.75 0.97773051
26.85 0.99286866
26.95 0.9968423
27.05 0.9992135
27.15 1.0062688
27.25 1.0491853
27.35 1.0093343
27.45 1.0271257
27.55 1.003861
27.65 1.003847
27.75 1.0321983
27.85 0.99159744
27.95 1.0030445
28.05 0.97800604
28.15 0.97128289
28.25 0.96761955
28.35 1.0007504
28.45 1.0441161
28.55 0.96945061
28.65 0.94728237
28.75 0.94302657
28.85 0.94469909
28.95 1.0146959
29.05 0.96704828
29.15 1.0474334
29.25 1.0167266
29.35 1.0173943
29.45 0.96099593
29.55 1.0547085
29.65 0.99641291
29.75 1.013585
29.85 1.0021378
29.95 1.0234372
30.05 1.0445947
30.15 1.0430355
30.25 0.99859367
30.35 0.96565868
30.45 1.037721
30.55 0.98886004
30.65 0.975017
30.75 0.97579009
30.85 0.98345282
30.95 1.0144319
31.05 0.97465434
31.15 0.9685905
31.25 1.0040838
31.35 1.0128906
31.45 0.99256079
31.55 0.96629278
31.65 0.98655978
31.75 1.0288053
31.85 1.0260436
31.95 0.98535479
32.05 1.0046453
32.15 1.0125693
32.25 1.0079139
32.35 0.95989571
32.45 1.0275276
32.55 1.0346303
32.65 0.97198992
32.75 1.0019482
32.85 1.0271919
32.95 1.0271092
33.05 0.99356498
33.15 1.0147558
33.25 0.9769735
33.35 1.017218
33.45 1.0089011
33.55 0.98605427
33.650001 1.0044241
33.750001 0.99747946
33.850001 0.96481684
33.950001 1.0106491
34.050001 0.99812627
34.150001 0.98443141
34.250001 0.99316985
34.350001 1.0321938
34.450001 0.93703412
34.550001 1.0049242
34.650001 0.95826539
34.750001 1.0208072
34.850001 1.0231882
34.950001 1.0012169
35.050001 1.0036404
35.150001 0.99757999
35.250001 0.99517374
35.350001 1.0252661
35.450001 1.0137971
35.550001 1.0149546
35.650001 0.9582447
35.750001 1.0005948
35.850001 1.0652489
35.950001 0.98402897
36.050001 1.0029494
36.150001 0.99058812
36.250001 1.035197
36.350001 1.01638
36.450001 0.99824982
36.550001 0.9860369
36.650001 0.98491464
36.750001 0.9658611
36.850001 0.98211136
36.950001 0.96949907
37.050001 0.97991232
37.150001 1.0206059
37.250001 0.98287456
37.350001 1.0074011
37.450001 0.97388141
37.550001 0.99433719
37.650001 0.99830567
37.750001 1.0197147
37.850001 1.007865
37.950001 1.0156885
38.050001 1.0089413
38.150001 0.99275427
38.250001 1.0227921
38.350001 1.0011089
38.450001 1.0160373
38.550001 1.0027579
38.650001 1.0104527
38.750001 1.0323746
38.850001 1.0060204
38.950001 0.98307707
39.050001 1.0446491
39.150001 0.98805161
39.250001 1.0043338
39.350001 0.97514414
39.450001 0.99461027
39.550001 1.0102146
39.650001 1.002145
39.750001 0.95346366
39.850001 1.0213423
39.950001 0.96114799
40.050001 0.98725867
40.150001 0.95128003
40.250001 0.99630227
40.350001 0.97944947
40.450001 0.96635952
40.550001 0.93445818
40.650001 0.94612656
40.750001 0.95147651
40.850001 0.94274729
40.950001 0.93042631
41.050001 0.9497598
41.150001 0.93489831
41.250001 0.97886753
41.350001 0.91927406
41.450001 0.93331832
41.550001 0.9171046
41.650001 0.94793206
41.750001 0.94754768
41.850001 0.91617546
41.950001 0.95793435
42.050001 0.95651768
42.150001 0.95056808
42.250001 0.96024624
42.350001 0.97489888
42.450001 0.98247065
42.550001 0.98850782
42.650001 0.98554387
42.750001 0.99104825
42.850001 0.99255763
42.950001 0.99554499
43.050001 0.9940738
43.150001 0.99704377
43.250001 0.99901687
43.350001 0.99852871
43.450001 1
43.550001 1
43.650001 1
43.750001 1
43.850001 1
43.950001 1
44.050001 1
44.150001 1
44.250001 1
44.350001 1
44.450001 1
44.550001 1
44.650001 1
44.750001 1
44.850001 1
44.950001 1
45.050001 1
45.150001 1
45.250001 1
45.350001 1
45.450001 1
45.550001 1
45.650001 1
45.750001 1
45.850001 1
45.950001 1
46.050001 1
46.150001 1
46.250001 1
46.350001 1
46.450001 1
46.550001 1
46.650001 1
46.750001 1
46.850001 1
46.950001 1
47.050001 1
47.150001 1
47.250001 1
47.350001 1
47.450001 1
47.550001 1
47.650001 1
47.750001 1
47.850001 1
47.950001 1
48.050001 1
48.150001 1
48.250001 1
48.350001 1
48.450001 1
48.550001 1
48.650001 1
48.750001 1
48.850001 1
48.950001 1
49.050001 1
49.150001 1
49.250001 1
49.350001 1
49.450001 1
49.550001 1
49.650001 1
49.750001 1
49.850001 1
49.950001 1
50.050001 1
50.150001 1
50.250001 1
50.350001 1
50.450001 1
50.550001 1
50.650001 1
50.750001 1
50.850001 1
50.950001 1
51.050001 1
51.150001 1
51.250001 1
51.350001 1
51.450001 1
51.550001 1
51.650001 1
51.750001 1
51.850001 1
51.950001 1
52.050001 1
52.150001 1
52.250001 1
52.350001 1
52.450001 1
52.550001 1
52.650001 1
52.750001 1
52.850001 1
52.950001 1
53.050001 1
53.150001 1
53.250001 1
53.350001 1
53.450001 1
53.550001 1
53.650001 1
53.750001 1
53.850001 1
53.950001 1
54.050001 1
54.150001 1
54.250001 1
54.350001 1
54.450001 1
54.550001 1
54.650001 1
54.750001 1
54.850001 1
54.950001 1
55.050001 1
55.150001 1
55.250001 1
55.350001 1
55.450001 1
55.550001 1
55.650001 1
55.750001 1
55.850001 1
55.950001 1
56.050001 1
56.150001 1
56.250001 1
56.350001 1
56.450001 1
56.550001 1
56.650001 1
56.750001 1
56.850001 1
56.950001 1
57.050001 1
57.150001 1
57.250001 1
57.350001 1
57.450001 1
57.550001 1
57.650001 1
57.750001 1
57.850001 1
57.950001 1
58.050001 1
58.150001 1
58.250001 1
58.350001 1
58.450001 1
58.550001 1
58.650001 1
58.750001 1
58.850001 1
58.950001 1
59.050001 1
59.150001 1
59.250001 1
59.350001 1
59.450001 1
59.550001 1
59.650001 1
59.750001 1
59.850001 1
59.950001 1
60.050001 1
60.150001 1
60.250001 1
60.350001 1
60.450001 1
60.550001 1
60.650001 1
60.750001 1
60.850001 1
60.950001 1
61.050001 1
61.150001 1
61.250001 1
61.350001 1
61.450001 1
61.550001 1
61.650001 1
61.750001 1
61.850001 1
61.950001 1
62.050001 1
62.150001 1
62.250001 1
62.350001 1
62.450001 1
62.550001 1
62.650001 1
62.750001 1
62.850001 1
62.950001 1
63.050001 1
63.150001 1
63.250001 1
63.350001 1
63.450001 1
63.550001 1
63.650001 1
63.750001 1
63.850001 1
63.950001 1
64.050001 1
64.150001 1
64.250001 1
64.350001 1
64.450001 1
64.550001 1
64.650001 1
64.750001 1
64.850001 1
64.950001 1
65.050001 1
65.150001 1
65.250001 1
65.350001 1
65.450001 1
65.550001 1
65.650001 1
65.750001 1
65.850001 1
65.950001 1
66.050001 1
66.150001 1
66.250001 1
66.350001 1
66.450001 1
66.550001 1
66.650001 1
66.750001 1
66.850001 1
66.950001 1
67.050001 1
67.150001 1
67.250001 1
67.350001 1
67.450001 1
67.550001 1
67.650001 1
67.750001 1
67.850001 1
67.950001 1
68.050001 1
68.150001 1
68.250001 1
68.350001 1
68.450001 1
68.550001 1
68.650001 1
68.750001 1
68.850001 1
68.950001 1
69.050001 1
69.150001 1
69.250001 1
69.350001 1
69.450001 1
69.550001 1
69.650001 1
69.750001 1
69.850001 1
69.950001 1
70.050001 1
70.150001 1
70.250001 1
70.350001 1
70.450001 1
70.550001 1
70.650001 1
70.750001 1
70.850001 1
70.950001 1
71.050001 1
71.150001 1
71.250001 1
71.350001 1
71.450001 1
71.550001 1
71.650001 1
71.750001 1
71.850001 1
71.950001 1
72.050001 1
72.150001 1
72.250001 1
72.350001 1
72.450001 1
72.550001 1
72.650001 1
72.750001 1
72.850001 1
72.950001 1
73.050001 1
73.150001 1
73.250001 1
73.350001 1
73.450001 1
73.550001 1
73.650001 1
73.750001 1
73.850001 1
73.950001 1
74.050001 1
74.150001 1
74.250001 1
74.350001 1
74.450001 1
74.550001 1
74.650001 1
74.750001 1
74.850001 1
74.950001 1
75.050001 1
75.150001 1
75.250001 1
75.350001 1
75.450001 1
75.550001 1
75.650001 1
75.750001 1
75.850001 1
75.950001 1
76.050001 1
76.150001 1
76.250001 1
76.350001 1
76.450001 1
76.550001 1
76.650001 1
76.750001 1
76.850001 1
76.950001 1
77.050001 1
77.150001 1
77.250001 1
77.350001 1
77.450001 1
77.550001 1
77.650001 1
77.750001 1
77.850001 1
77.950001 1
78.050001 1
78.150001 1
78.250001 1
78.350001 1
78.450001 1
78.550001 1
78.650001 1
78.750001 1
78.850001 1
78.950001 1
79.050001 1
79.150001 1
79.250001 1
79.350001 1
79.450001 1
79.550001 1
79.650001 1
79.750001 1
79.850001 1
79.950001 1
80.050001 1
80.150001 1
80.250001 1
80.350001 1
80.450001 1
80.550001 1
80.650001 1
80.750001 1
80.850001 1
80.950001 1
81.050001 1
81.150001 1
81.250001 1
81.350001 1
81.450001 1
81.550001 1
81.650001 1
81.750001 1
81.850001 1
81.950001 1
82.050001 1
82.150001 1
82.250001 1
82.350001 1
82.450001 1
82.550001 1
82.650001 1
82.750001 1
82.850001 1
82.950001 1
83.050001 1
83.150001 1
83.250001 1
83.350001 1
83.450001 1
83.550001 1
83.650001 1
83.750001 1
83.850001 1
83.950001 1
84.050001 1
84.150001 1
84.250001 1
84.350001 1
84.450001 1
84.550001 1
84.650001 1
84.750001 1
84.850001 1
84.950001 1
85.050001 1
85.150001 1
85.250001 1
85.350001 1
85.450001 1
85.550001 1
85.650001 1
85.750001 1
85.850001 1
85.950001 1
86.050001 1
86.150001 1
86.250001 1
86.350001 1
86.450001 1
86.550001 1
86.650001 1
86.750001 1
86.850001 1
86.950001 1
87.050001 1
87.150001 1
87.250001 1
87.350001 1
87.450001 1
87.550001 1
87.650001 1
87.750001 1
87.850001 1
87.950001 1
88.050001 1
88.150001 1
88.250001 1
88.350001 1
88.450001 1
88.550001 1
88.650001 1
88.750001 1
88.850001 1
88.950001 1
89.050001 1
89.150001 1
89.250001 1
89.350001 1
89.450001 1
89.550001 1
89.650001 1
89.750001 1
89.850001 1
89.950001 1
90.050001 1
90.150001 1
90.250001 1
90.350001 1
90.450001 1
90.550001 1
90.650001 1
90.750001 1
90.850001 1
90.950001 1
91.050001 1
91.150001 1
91.250001 1
91.350001 1
91.450001 1
91.550001 1
91.650001 1
91.750001 1
91.850001 1
91.950001 1
92.050001 1
92.150001 1
92.250001 1
92.350001 1
92.450001 1
92.550001 1
92.650001 1
92.750001 1
92.850001 1
92.950001 1
93.050001 1
93.150001 1
93.250001 1
93.350001 1
93.450001 1
93.550001 1
93.650001 1
93.750001 1
93.850001 1
93.950001 1
94.050001 1
94.150001 1
94.250001 1
94.350001 1
94.450001 1
94.550001 1
94.650001 1
94.750001 1
94.850001 1
94.950001 1
95.050001 1
95.150001 1
95.250001 1
95.350001 1
95.450001 1
95.550001 1
95.650001 1
95.750001 1
95.850001 1
95.950001 1
96.050001 1
96.150001 1
96.250001 1
96.350001 1
96.450001 1
96.550001 1
96.650001 1
96.750001 1
96.850001 1
96.950001 1
97.050001 1
97.150001 1
97.250001 1
97.350001 1
97.450001 1
97.550001 1
97.650001 1
97.750001 1
97.850001 1
97.950001 1
98.050001 1
98.150001 1
98.250001 1
98.350001 1
98.450001 1
98.550001 1
98.650001 1
98.750001 1
98.850001 1
98.950001 1
99.050001 1
99.150001 1
99.250001 1
99.350001 1
99.450001 1
99.550001 1
99.650001 1
99.750001 1
99.850001 1
99.950001 1
100.05 1
100.15 1
100.25 1
100.35 1
100.45 1
100.55 1
100.65 1
100.75 1
100.85 1
100.95 1
101.05 1
101.15 1
101.25 1
101.35 1
101.45 1
101.55 1
101.65 1
101.75 1
101.85 1
101.95 1
102.05 1
102.15 1
102.25 1
102.35 1
102.45 1
102.55 1
102.65 1
102.75 1
102.85 1
102.95 1
103.05 1
103.15 1
103.25 1
103.35 1
103.45 1
103.55 1
103.65 1
103.75 1
103.85 1
103.95 1
104.05 1
104.15 1
104.25 1
104.35 1
104.45 1
104.55 1
104.65 1
104.75 1
104.85 1
104.95 1
105.05 1
105.15 1
105.25 1
105.35 1
105.45 1
105.55 1
105.65 1
105.75 1
105.85 1
105.95 1
106.05 1
106.15 1
106.25 1
106.35 1
106.45 1
106.55 1
106.65 1
106.75 1
106.85 1
106.95 1
107.05 1
107.15 1
107.25 1
107.35 1
107.45 1
107.55 1
107.65 1
107.75 1
107.85 1
107.95 1
108.05 1
108.15 1
108.25 1
108.35 1
108.45 1
108.55 1
108.65 1
108.75 1
108.85 1
108.95 1
109.05 1
109.15 1
109.25 1
109.35 1
109.45 1
109.55 1
109.65 1
109.75 1
109.85 1
109.95 1
110.05 1
110.15 1
110.25 1
110.35 1
110.45 1
110.55 1
110.65 1
110.75 1
110.85 1
110.95 1
111.05 1
111.15 1
111.25 1
111.35 1
111.45 1
111.55 1
111.65 1
111.75 1
111.85 1
111.95 1
112.05 1
112.15 1
112.25 1
112.35 1
112.45 1
112.55 1
112.65 1
112.75 1
112.85 1
112.95 1
113.05 1
113.15 1
113.25 1
113.35 1
113.45 1
113.55 1
113.65 1
113.75 1
113.85 1
113.95 1
114.05 1
114.15 1
114.25 1
114.35 1
114.45 1
114.55 1
114.65 1
114.75 1
114.85 1
114.95 1
115.05 1
115.15 1
115.25 1
115.35 1
115.45 1
115.55 1
115.65 1
115.75 1
115.85 1
115.95 1
116.05 1
116.15 1
116.25 1
116.35 1
116.45 1
116.55 1
116.65 1
116.75 1
116.85 1
116.95 1
117.05 1
117.15 1
117.25 1
117.35 1
117.45 1
117.55 1
117.65 1
117.75 1
117.85 1
117.95 1
118.05 1
118.15 1
118.25 1
118.35 1
118.45 1
118.55 1
118.65 1
118.75 1
118.85 1
118.95 1
119.05 1
119.15 1
119.25 1
119.35 1
119.45 1
119.55 1
119.65 1
119.75 1
119.85 1
119.95 1
120.05 1
120.15 1
120.25 1
120.35 1
120.45 1
120.55 1
120.65 1
120.75 1
120.85 1
120.95 1
121.05 1
121.15 1
121.25 1
121.35 1
121.45 1
121.55 1
121.65 1
121.75 1
121.85 1
121.95 1
122.05 1
122.15 1
122.25 1
122.35 1
122.45 1
122.55 1
122.65 1
122.75 1
122.85 1
122.95 1
123.05 1
123.15 1
123.25 1
123.35 1
123.45 1
123.55 1
123.65 1
123.75 1
123.85 1
123.95 1
124.05 1
124.15 1
124.25 1
124.35 1
124.45 1
124.55 1
124.65 1
124.75 1
124.85 1
124.95 1
125.05 1
125.15 1
125.25 1
125.35 1
125.45 1
125.55 1
125.65 1
125.75 1
125.85 1
125.95 1
126.05 1
126.15 1
126.25 1
126.35 1
126.45 1
126.55 1
126.65 1
126.75 1
126.85 1
126.95 1
127.05 1
127.15 1
127.25 1
127.35 1
127.45 1
127.55 1
127.65 1
127.75 1
127.85 1
127.95 1
128.05 1
128.15 1
128.25 1
128.35 1
128.45 1
128.55 1
128.65 1
128.75 1
128.85 1
128.95 1
129.05 1
129.15 1
129.25 1
129.35 1
129.45 1
129.55 1
129.65 1
129.75 1
129.85 1
129.95 1
130.05 1
130.15 1
130.25 1
130.35 1
130.45 1
130.55 1
130.65 1
130.75 1
130.85 1
130.95 1
131.05 1
131.15 1
131.25 1
131.35 1
131.45 1
131.55 1
131.65 1
131.75 1
131.85 1
131.95 1
132.05 1
132.15 1
132.25 1
132.35 1
132.45 1
132.55 1
132.65 1
132.75 1
132.85 1
132.95 1
133.05 1
133.15 1
133.25 1
133.35 1
133.45 1
133.55 1
133.65 1
133.75 1
133.85 1
133.95 1
134.05 1
134.15 1
134.25 1
134.35 1
134.45 1
134.55 1
134.65 1
134.75 1
134.85 1
134.95 1
135.05 1
135.15 1
135.25 1
135.35 1
135.45 1
135.55 1
135.65 1
135.75 1
135.85 1
135.95 1
136.05 1
136.15 1
136.25 1
136.35 1
136.45 1
136.55 1
136.65 1
136.75 1
136.85 1
136.95 1
137.05 1
137.15 1
137.25 1
137.35 1
137.45 1
137.55 1
137.65 1
137.75 1
137.85 1
137.95 1
138.05 1
138.15 1
138.25 1
138.35 1
138.45 1
138.55 1
138.65 1
138.75 1
138.85 1
138.95 1
139.05 1
139.15 1
139.25 1
139.35 1
139.45 1
139.55 1
139.65 1
139.75 1
139.85 1
139.95 1
140.05 1
140.15 1
140.25 1
140.35 1
140.45 1
140.55 1
140.65 1
140.75 1
140.85 1
140.95 1
141.05 1
141.15 1
141.25 1
141.35 1
141.45 1
141.55 1
141.65 1
141.75 1
141.85 1
141.95 1
142.05 1
142.15 1
142.25 1
142.35 1
142.45 1
142.55 1
142.65 1
142.75 1
142.85 1
142.95 1
143.05 1
143.15 1
143.25 1
143.35 1
143.45 1
143.55 1
143.65 1
143.75 1
143.85 1
143.95 1
144.05 1
144.15 1
144.25 1
144.35 1
144.45 1
144.55 1
144.65 1
144.75 1
144.85 1
144.95 1
145.05 1
145.15 1
145.25 1
145.35 1
145.45 1
145.55 1
145.65 1
145.75 1
145.85 1
145.95 1
146.05 1
146.15 1
146.25 1
146.35 1
146.45 1
146.55 1
146.65 1
146.75 1
146.85 1
146.95 1
147.05 1
147.15 1
147.25 1
147.35 1
147.45 1
147.55 1
147.65 1
147.75 1
147.85 1
147.95 1
148.05 1
148.15 1
148.25 1
148.35 1
148.45 1
148.55 1
148.65 1
148.75 1
148.85 1
148.95 1
149.05 1
149.15 1
149.25 1
149.35 1
149.45 1
149.55 1
149.65 1
149.75 1
149.85 1
149.95 1
150.05 1
150.15 1
150.25 1
150.35 1
150.45 1
150.55 1
150.65 1
150.75 1
150.85 1
150.95 1
151.05 1
151.15 1
151.25 1
151.35 1
151.45 1
151.55 1
151.65 1
151.75 1
151.85 1
151.95 1
152.05 1
152.15 1
152.25 1
152.35 1
152.45 1
152.55 1
152.65 1
152.75 1
152.85 1
152.95 1
153.05 1
153.15 1
153.25 1
153.35 1
153.45 1
153.55 1
153.65 1
153.75 1
153.85 1
153.95 1
154.05 1
154.15 1
154.25 1
154.35 1
154.45 1
154.55 1
154.65 1
154.75 1
154.85 1
154.95 1
155.05 1
155.15 1
155.25 1
155.35 1
155.45 1
155.55 1
155.65 1
155.75 1
155.85 1
155.95 1
156.05 1
156.15 1
156.25 1
156.35 1
156.45 1
156.55 1
156.65 1
156.75 1
156.85 1
156.95 1
157.05 1
157.15 1
157.25 1
157.35 1
157.45 1
157.55 1
157.65 1
157.75 1
157.85 1
157.95 1
158.05 1
158.15 1
158.25 1
158.35 1
158.45 1
158.55 1
158.65 1
158.75 1
158.85 1
158.95 1
159.05 1
159.15 1
159.25 1
159.35 1
159.45 1
159.55 1
159.65 1
159.75 1
159.85 1
159.95 1
160.05 1
160.15 1
160.25 1
160.35 1
160.45 1
160.55 1
160.65 1
160.75 1
160.85 1
160.95 1
161.05 1
161.15 1
161.25 1
161.35 1
161.45 1
161.55 1
161.65 1
161.75 1
161.85 1
161.95 1
162.05 1
162.15 1
162.25 1
162.35 1
162.45 1
162.55 1
162.65 1
162.75 1
162.85 1
162.95 1
163.05 1
163.15 1
163.25 1
163.35 1
163.45 1
163.55 1
163.65 1
163.75 1
163.85 1
163.95 1
164.05 1
164.15 1
164.25 1
164.35 1
164.45 1
164.55 1
164.65 1
164.75 1
164.85 1
164.95 1
165.05 1
165.15 1
165.25 1
165.35 1
165.45 1
165.55 1
165.65 1
165.75 1
165.85 1
165.95 1
166.05 1
166.15 1
166.25 1
166.35 1
166.45 1
166.55 1
166.65 1
166.75 1
166.85 1
166.95 1
167.05 1
167.15 1
167.25 1
167.35 1
167.45 1
167.55 1
167.65 1
167.75 1
167.85 1
167.95 1
168.05 1
168.15 1
168.25 1
168.35 1
168.45 1
168.55 1
168.65 1
168.75 1
168.85 1
168.95 1
169.05 1
169.15 1
169.25 1
169.35 1
169.45 1
169.55 1
169.65 1
169.75 1
169.85 1
169.95 1
170.05 1
170.15 1
170.25 1
170.35 1
170.45 1
170.55 1
170.65 1
170.75 1
170.85 1
170.95 1
171.05 1
171.15 1
171.25 1
171.35 1
171.45 1
171.55 1
171.65 1
171.75 1
171.85 1
171.95 1
172.05 1
172.15 1
172.25 1
172.35 1
172.45 1
172.55 1
172.65 1
172.75 1
172.85 1
172.95 1
173.05 1
173.15 1
173.25 1
173.35 1
173.45 1
173.55 1
173.65 1
173.75 1
173.85 1
173.95 1
174.05 1
174.15 1
174.25 1
174.35 1
174.45 1
174.55 1
174.65 1
174.75 1
174.85 1
174.95 1
175.05 1
175.15 1
175.25 1
175.35 1
175.45 1
175.55 1
175.65 1
175.75 1
175.85 1
175.95 1
176.05 1
176.15 1
176.25 1
176.35 1
176.45 1
176.55 1
176.65 1
176.75 1
176.85 1
176.95 1
177.05 1
177.15 1
177.25 1
177.35 1
177.45 1
177.55 1
177.65 1
177.75 1
177.85 1
177.95 1
178.05 1
178.15 1
178.25 1
178.35 1
178.45 1
178.55 1
178.65 1
178.75 1
178.85 1
178.95 1
179.05 1
179.15 1
179.25 1
179.35 1
179.45 1
179.55 1
179.65 1
179.75 1
179.85 1
179.95 1
180.05 1
180.15 1
180.25 1
180.35 1
180.45 1
180.55 1
180.65 1
180.75 1
180.85 1
180.95 1
181.05 1
181.15 1
181.25 1
181.35 1
181.45 1
181.55 1
181.65 1
181.75 1
181.85 1
181.95 1
182.05 1
182.15 1
182.25 1
182.35 1
182.45 1
182.55 1
182.65 1
182.75 1
182.85 1
182.95 1
183.05 1
183.15 1
183.25 1
183.35 1
183.45 1
183.55 1
183.65 1
183.75 1
183.85 1
183.95 1
184.05 1
184.15 1
184.25 1
184.35 1
184.45 1
184.55 1
184.65 1
184.75 1
184.85 1
184.95 1
185.05 1
185.15 1
185.25 1
185.35 1
185.45 1
185.55 1
185.65 1
185.75 1
185.85 1
185.95 1
186.05 1
186.15 1
186.25 1
186.35 1
186.45 1
186.55 1
186.65 1
186.75 1
186.85 1
186.95 1
187.05 1
187.15 1
187.25 1
187.35 1
187.45 1
187.55 1
187.65 1
187.75 1
187.85 1
187.95 1
188.05 1
188.15 1
188.25 1
188.35 1
188.45 1
188.55 1
188.65 1
188.75 1
188.85 1
188.95 1
189.05 1
189.15 1
189.25 1
189.35 1
189.45 1
189.55 1
189.65 1
189.75 1
189.85 1
189.95 1
190.05 1
190.15 1
190.25 1
190.35 1
190.45 1
190.55 1
190.65 1
190.75 1
190.85 1
190.95 1
191.05 1
191.15 1
191.25 1
191.35 1
191.45 1
191.55 1
191.65 1
191.75 1
191.85 1
191.95 1
192.05 1
192.15 1
192.25 1
192.35 1
192.45 1
192.55 1
192.65 1
192.75 1
192.85 1
192.95 1
193.05 1
193.15 1
193.25 1
193.35 1
193.45 1
193.55 1
193.65 1
193.75 1
193.85 1
193.95 1
194.05 1
194.15 1
194.25 1
194.35 1
194.45 1
194.55 1
194.65 1
194.75 1
194.85 1
194.95 1
195.05 1
195.15 1
195.25 1
195.35 1
195.45 1
195.55 1
195.65 1
195.75 1
195.85 1
195.95 1
196.05 1
196.15 1
196.25 1
196.35 1
196.45 1
196.55 1
196.65 1
196.75 1
196.85 1
196.95 1
197.05 1
197.15 1
197.25 1
197.35 1
197.45 1
197.55 1
197.65 1
197.75 1
197.85 1
197.95 1
198.05 1
198.15 1
198.25 1
198.35 1
198.45 1
198.55 1
198.65 1
198.75 1
198.85 1
198.95 1
199.05 1
199.15 1
199.25 1
199.35 1
199.45 1
199.55 1
199.65 1
199.75 1
199.85 1
199.95 1
200.05 1
200.15 1
200.25 1
200.35 1
200.45 1
200.55 1
200.65 1
200.75 1
200.85 1
200.95 1
201.05 1
201.15 1
201.25 1
201.35 1
201.45 1
201.55 1
201.65 1
201.75 1
201.85 1
201.95 1
202.05 1
202.15 1
202.25 1
202.35 1
202.45 1
202.55 1
202.65 1
202.75 1
202.85 1
202.95 1
203.05 1
203.15 1
203.25 1
203.35 1
203.45 1
203.55 1
203.65 1
203.75 1
203.85 1
203.95 1
204.05 1
204.15 1
204.25 1
204.35 1
204.45 1
204.55 1
204.65 1
204.75 1
204.85 1
204.95 1
205.05 1
205.15 1
205.25 1
205.35 1
205.45 1
205.55 1
205.65 1
205.75 1
205.85 1
205.95 1
206.05 1
206.15 1
206.25 1
206.35 1
206.45 1
206.55 1
206.65 1
206.75 1
206.85 1
206.95 1
207.05 1
207.15 1
207.25 1
207.35 1
207.45 1
207.55 1
207.65 1
207.75 1
207.85 1
207.95 1
208.05 1
208.15 1
208.25 1
208.35 1
208.45 1
208.55 1
208.65 1
208.75 1
208.85 1
208.95 1
209.05 1
209.15 1
209.25 1
209.35 1
209.45 1
209.55 1
209.65 1
209.75 1
209.85 1
209.95 1
210.05 1
210.15 1
210.25 1
210.35 1
210.45 1
210.55 1
210.65 1
210.75 1
210.85 1
210.95 1
211.05 1
211.15 1
211.25 1
211.35 1
211.45 1
211.55 1
211.65 1
211.75 1
211.85 1
211.95 1
212.05 1
212.15 1
212.25 1
212.35 1
212.45 1
212.55 1
212.65 1
212.75 1
212.85 1
212.95 1
213.05 1
213.15 1
213.25 1
213.35 1
213.45 1
213.55 1
213.65 1
213.75 1
213.85 1
213.95 1
214.05 1
214.15 1
214.25 1
214.35 1
214.45 1
214.55 1
214.65 1
214.75 1
214.85 1
214.95 1
215.05 1
215.15 1
215.25 1
215.35 1
215.45 1
215.55 1
215.65 1
215.75 1
215.85 1
215.95 1
216.05 1
216.15 1
216.25 1
216.35 1
216.45 1
216.55 1
216.65 1
216.75 1
216.85 1
216.95 1
217.05 1
217.15 1
217.25 1
217.35 1
217.45 1
217.55 1
217.65 1
217.75 1
217.85 1
217.95 1
218.05 1
218.15 1
218.25 1
218.35 1
218.45 1
218.55 1
218.65 1
218.75 1
218.85 1
218.95 1
219.05 1
219.15 1
219.25 1
219.35 1
219.45 1
219.55 1
219.65 1
219.75 1
219.85 1
219.95 1
220.05 1
220.15 1
220.25 1
220.35 1
220.45 1
220.55 1
220.65 1
220.75 1
220.85 1
220.95 1
221.05 1
221.15 1
221.25 1
221.35 1
221.45 1
221.55 1
221.65 1
221.75 1
221.85 1
221.95 1
222.05 1
222.15 1
222.25 1
222.35 1
222.45 1
222.55 1
222.65 1
222.75 1
222.85 1
222.95 1
223.05 1
223.15 1
223.25 1
223.35 1
223.45 1
223.55 1
223.65 1
223.75 1
223.85 1
223.95 1
224.05 1
224.15 1
224.25 1
224.35 1
224.45 1
224.55 1
224.65 1
224.75 1
224.85 1
224.95 1
225.05 1
225.15 1
225.25 1
225.35 1
225.45 1
225.55 1
225.65 1
225.75 1
225.85 1
225.95 1
226.05 1
226.15 1
226.25 1
226.35 1
226.45 1
226.55 1
226.65 1
226.75 1
226.85 1
226.95 1
227.05 1
227.15 1
227.25 1
227.35 1
227.45 1
227.55 1
227.65 1
227.75 1
227.85 1
227.95 1
228.05 1
228.15 1
228.25 1
228.35 1
228.45 1
228.55 1
228.65 1
228.75 1
228.85 1
228.95 1
229.05 1
229.15 1
229.25 1
229.35 1
229.45 1
229.55 1
229.65 1
229.75 1
229.85 1
229.95 1
230.05 1
230.15 1
230.25 1
230.35 1
230.45 1
230.55 1
230.65 1
230.75 1
230.85 1
230.95 1
231.05 1
231.15 1
231.25 1
231.35 1
231.45 1
231.55 1
231.65 1
231.75 1
231.85 1
231.95 1
232.05 1
232.15 1
232.25 1
232.35 1
232.45 1
232.55 1
232.65 1
232.75 1
232.85 1
232.95 1
233.05 1
233.15 1
233.25 1
233.35 1
233.45 1
233.55 1
233.65 1
233.75 1
233.85 1
233.95 1
234.05 1
234.15 1
234.25 1
234.35 1
234.45 1
234.55 1
234.65 1
234.75 1
234.85 1
234.95 1
235.05 1
235.15 1
235.25 1
235.35 1
235.45 1
235.55 1
235.65 1
235.75 1
235.85 1
235.95 1
236.05 1
236.15 1
236.25 1
236.35 1
236.45 1
236.55 1
236.65 1
236.75 1
236.85 1
236.95 1
237.05 1
237.15 1
237.25 1
237.35 1
237.45 1
237.55 1
237.65 1
237.75 1
237.85 1
237.95 1
238.05 1
238.15 1
238.25 1
238.35 1
238.45 1
238.55 1
238.65 1
238.75 1
238.85 1
238.95 1
239.05 1
239.15 1
239.25 1
239.35 1
239.45 1
239.55 1
239.65 1
239.75 1
239.85 1
239.95 1
240.05 1
240.15 1
240.25 1
240.35 1
240.45 1
240.55 1
240.65 1
240.75 1
240.85 1
240.95 1
241.05 1
241.15 1
241.25 1
241.35 1
241.45 1
241.55 1
241.65 1
241.75 1
241.85 1
241.95 1
242.05 1
242.15 1
242.25 1
242.35 1
242.45 1
242.55 1
242.65 1
242.75 1
242.85 1
242.95 1
243.05 1
243.15 1
243.25 1
243.35 1
243.45 1
243.55 1
243.65 1
243.75 1
243.85 1
243.95 1
244.05 1
244.15 1
244.25 1
244.35 1
244.45 1
244.55 1
244.65 1
244.75 1
244.85 1
244.95 1
245.05 1
245.15 1
245.25 1
245.35 1
245.45 1
245.55 1
245.65 1
245.75 1
245.85 1
245.95 1
246.05 1
246.15 1
246.25 1
246.35 1
246.45 1
246.55 1
246.65 1
246.75 1
246.85 1
246.95 1
247.05 1
247.15 1
247.25 1
247.35 1
247.45 1
247.55 1
247.65 1
247.75 1
247.85 1
247.95 1
248.05 1
248.15 1
248.25 1
248.35 1
248.45 1
248.55 1
248.65 1
248.75 1
248.85 1
248.95 1
249.05 1
249.15 1
249.25 1
249.35 1
249.45 1
249.55 1
249.65 1
249.75 1
249.85 1
249.95 1
250.05 1
250.15 1
250.25 1
250.35 1
250.45 1
250.55 1
250.65 1
250.75 1
250.85 1
250.95 1
251.05 1
251.15 1
251.25 1
251.35 1
251.45 1
251.55 1
251.65 1
251.75 1
251.85 1
251.95 1
252.05 1
252.15 1
252.25 1
252.35 1
252.45 1
252.55 1
252.65 1
252.75 1
252.85 1
252.95 1
253.05 1
253.15 1
253.25 1
253.35 1
253.45 1
253.55 1
253.65 1
253.75 1
253.85 1
253.95 1
254.05 1
254.15 1
254.25 1
254.35 1
254.45 1
254.55 1
254.65 1
254.75 1
254.85 1
254.95 1
255.05 1
255.15 1
255.25 1
255.35 1
255.45 1
255.55 1
255.65 1
255.75 1
255.85 1
255.95 1
256.05 1
256.15 1
256.25 1
256.35 1
256.45 1
256.55 1
256.65 1
256.75 1
256.85 1
256.95 1
257.05 1
257.15 1
257.25 1
257.35 1
257.45 1
257.55 1
257.65 1
257.75 1
257.85 1
257.95 1
258.05 1
258.15 1
258.25 1
258.35 1
258.45 1
258.55 1
258.65 1
258.75 1
258.85 1
258.95 1
259.05 1
259.15 1
259.25 1
259.35 1
259.45 1
259.55 1
259.65 1
259.75 1
259.85 1
259.95 1
260.05 1
260.15 1
260.25 1
260.35 1
260.45 1
260.55 1
260.65 1
260.75 1
260.85 1
260.95 1
261.05 1
261.15 1
261.25 1
261.35 1
261.45 1
261.55 1
261.65 1
261.75 1
261.85 1
261.95 1
262.05 1
262.15 1
262.25 1
262.35 1
262.45 1
262.55 1
262.65 1
262.75 1
262.85 1
262.95 1
263.05 1
263.15 1
263.25 1
263.35 1
263.45 1
263.55 1
263.65 1
263.75 1
263.85 1
263.95 1
264.05 1
264.15 1
264.25 1
264.35 1
264.45 1
264.55 1
264.65 1
264.75 1
264.85 1
264.95 1
265.05 1
265.15 1
265.25 1
265.35 1
265.45 1
265.55 1
265.65 1
265.75 1
265.85 1
265.95 1
266.05 1
266.15 1
266.25 1
266.35 1
266.45 1
266.55 1
266.65 1
266.75 1
266.85 1
266.95 1
267.05 1
267.15 1
267.25 1
267.35 1
267.45 1
267.55 1
267.65 1
267.75 1
267.85 1
267.95 1
268.05 1
268.15 1
268.25 1
268.35 1
268.45 1
268.55 1
268.65 1
268.75 1
268.85 1
268.95 1
269.05 1
269.15 1
269.25 1
269.35 1
269.45 1
269.55 1
269.65 1
269.75 1
269.85 1
269.95 1
270.05 1
270.15 1
270.25 1
270.35 1
270.45 1
270.55 1
270.65 1
270.75 1
270.85 1
270.95 1
271.05 1
271.15 1
271.25 1
271.35 1
271.45 1
271.55 1
271.65 1
271.75 1
271.85 1
271.95 1
272.05 1
272.15 1
272.25 1
272.35 1
272.45 1
272.55 1
272.65 1
272.75 1
272.85 1
272.95 1
273.05 1
273.15 1
273.25 1
273.35 1
273.45 1
273.55 1
273.65 1
273.75 1
273.85 1
273.95 1
274.05 1
274.15 1
274.25 1
274.35 1
274.45 1
274.55 1
274.65 1
274.75 1
274.85 1
274.95 1
275.05 1
275.15 1
275.25 1
275.35 1
275.45 1
275.55 1
275.65 1
275.75 1
275.85 1
275.95 1
276.05 1
276.15 1
276.25 1
276.35 1
276.45 1
276.55 1
276.65 1
276.75 1
276.85 1
276.95 1
277.05 1
277.15 1
277.25 1
277.35 1
277.45 1
277.55 1
277.65 1
277.75 1
277.85 1
277.95 1
278.05 1
278.15 1
278.25 1
278.35 1
278.45 1
278.55 1
278.65 1
278.75 1
278.85 1
278.95 1
279.05 1
279.15 1
279.25 1
279.35 1
279.45 1
279.55 1
279.65 1
279.75 1
279.85 1
279.95 1
280.05 1
280.15 1
280.25 1
280.35 1
280.45 1
280.55 1
280.65 1
280.75 1
280.85 1
280.95 1
281.05 1
281.15 1
281.25 1
281.35 1
281.45 1
281.55 1
281.65 1
281.75 1
281.85 1
281.95 1
282.05 1
282.15 1
282.25 1
282.35 1
282.45 1
282.55 1
282.65 1
282.75 1
282.85 1
282.95 1
283.05 1
283.15 1
283.25 1
283.35 1
283.45 1
283.55 1
283.65 1
283.75 1
283.85 1
283.95 1
284.05 1
284.15 1
284.25 1
284.35 1
284.45 1
284.55 1
284.65 1
284.75 1
284.85 1
284.95 1
285.05 1
285.15 1
285.25 1
285.35 1
285.45 1
285.55 1
285.65 1
285.75 1
285.85 1
285.95 1
286.05 1
286.15 1
286.25 1
286.35 1
286.45 1
286.55 1
286.65 1
286.75 1
286.85 1
286.95 1
287.05 1
287.15 1
287.25 1
287.35 1
287.45 1
287.55 1
287.65 1
287.75 1
287.85 1
287.95 1
288.05 1
288.15 1
288.25 1
288.35 1
288.45 1
288.55 1
288.65 1
288.75 1
288.85 1
288.95 1
289.05 1
289.15 1
289.25 1
289.35 1
289.45 1
289.55 1
289.65 1
289.75 1
289.85 1
289.95 1
290.05 1
290.15 1
290.25 1
290.35 1
290.45 1
290.55 1
290.65 1
290.75 1
290.85 1
290.95 1
291.05 1
291.15 1
291.25 1
291.35 1
291.45 1
291.55 1
291.65 1
291.75 1
291.85 1
291.95 1
292.05 1
292.15 1
292.25 1
292.35 1
292.45 1
292.55 1
292.65 1
292.75 1
292.85 1
292.95 1
293.05 1
293.15 1
293.25 1
293.35 1
293.45 1
293.55 1
293.65 1
293.75 1
293.85 1
293.95 1
294.05 1
294.15 1
294.25 1
294.35 1
294.45 1
294.55 1
294.65 1
294.75 1
294.85 1
294.95 1
295.05 1
295.15 1
295.25 1
295.35 1
295.45 1
295.55 1
295.65 1
295.75 1
295.85 1
295.95 1
296.05 1
296.15 1
296.25 1
296.35 1
296.45 1
296.55 1
296.65 1
296.75 1
296.85 1
296.95 1
297.05 1
297.15 1
297.25 1
297.35 1
297.45 1
297.55 1
297.65 1
297.75 1
297.85 1
297.95 1
298.05 1
298.15 1
298.25 1
298.35 1
298.45 1
298.55 1
298.65 1
298.75 1
298.85 1
298.95 1
299.05 1
299.15 1
299.25 1
299.35 1
299.45 1
299.55 1
299.65 1
299.75 1
299.85 1
299.95 1
300.05 1
300.15 1
300.25 1
300.35 1
300.45 1
300.55 1
300.65 1
300.75 1
300.85 1
300.95 1
301.05 1
301.15 1
301.25 1
301.35 1
301.45 1
301.55 1
301.65 1
301.75 1
301.85 1
301.95 1
302.05 1
302.15 1
302.25 1
302.35 1
302.45 1
302.55 1
302.65 1
302.75 1
302.85 1
302.95 1
303.05 1
303.15 1
303.25 1
303.35 1
303.45 1
303.55 1
303.65 1
303.75 1
303.85 1
303.95 1
304.05 1
304.15 1
304.25 1
304.35 1
304.45 1
304.55 1
304.65 1
304.75 1
304.85 1
304.95 1
305.05 1
305.15 1
305.25 1
305.35 1
305.45 1
305.55 1
305.65 1
305.75 1
305.85 1
305.95 1
306.05 1
306.15 1
306.25 1
306.35 1
306.45 1
306.55 1
306.65 1
306.75 1
306.85 1
306.95 1
307.05 1
307.15 1
307.25 1
307.35 1
307.45 1
307.55 1
307.65 1
307.75 1
307.85 1
307.95 1
308.05 1
308.15 1
308.25 1
308.35 1
308.45 1
308.55 1
308.65 1
308.75 1
308.85 1
308.95 1
309.05 1
309.15 1
309.25 1
309.35 1
309.45 1
309.55 1
309.65 1
309.75 1
309.85 1
309.95 1
310.05 1
310.15 1
310.25 1
310.35 1
310.45 1
310.55 1
310.65 1
310.75 1
310.85 1
310.95 1
311.05 1
311.15 1
311.25 1
311.35 1
311.45 1
311.55 1
311.65 1
311.75 1
311.85 1
311.95 1
312.05 1
312.15 1
312.25 1
312.35 1
312.45 1
312.55 1
312.65 1
312.75 1
312.85 1
312.95 1
313.05 1
313.15 1
313.25 1
313.35 1
313.45 1
313.55 1
313.65 1
313.75 1
313.85 1
313.95 1
314.05 1
314.15 1
314.25 1
314.35 1
314.45 1
314.55 1
314.65 1
314.75 1
314.85 1
314.95 1
315.05 1
315.15 1
315.25 1
315.35 1
315.45 1
315.55 1
315.65 1
315.75 1
315.85 1
315.95 1
316.05 1
316.15 1
316.25 1
316.35 1
316.45 1
316.55 1
316.65 1
316.75 1
316.85 1
316.95 1
317.05 1
317.15 1
317.25 1
317.35 1
317.45 1
317.55 1
317.65 1
317.75 1
317.85 1
317.95 1
318.05 1
318.15 1
318.25 1
318.35 1
318.45 1
318.55 1
318.65 1
318.75 1
318.85 1
318.95 1
319.05 1
319.15 1
319.25 1
319.35 1
319.45 1
319.55 1
319.65 1
319.75 1
319.85 1
319.95 1
320.05 1
320.15 1
320.25 1
320.35 1
320.45 1
320.55 1
320.65 1
320.75 1
320.85 1
320.95 1
321.05 1
321.15 1
321.25 1
321.35 1
321.45 1
321.55 1
321.65 1
321.75 1
321.85 1
321.95 1
322.05 1
322.15 1
322.25 1
322.35 1
322.45 1
322.55 1
322.65 1
322.75 1
322.85 1
322.95 1
323.05 1
323.15 1
323.25 1
323.35 1
323.45 1
323.55 1
323.65 1
323.75 1
323.85 1
323.95 1
324.05 1
324.15 1
324.25 1
324.35 1
324.45 1
324.55 1
324.65 1
324.75 1
324.85 1
324.95 1
325.05 1
325.15 1
325.25 1
325.35 1
325.45 1
325.55 1
325.65 1
325.75 1
325.85 1
325.95 1
326.05 1
326.15 1
326.25 1
326.35 1
326.45 1
326.55 1
326.65 1
326.75 1
326.85 1
326.95 1
327.05 1
327.15 1
327.25 1
327.35 1
327.45 1
327.55 1
327.65 1
327.75 1
327.85 1
327.95 1
328.05 1
328.15 1
328.25 1
328.35 1
328.45 1
328.55 1
328.65 1
328.75 1
328.85 1
328.95 1
329.05 1
329.15 1
329.25 1
329.35 1
329.45 1
329.55 1
329.65 1
329.75 1
329.85 1
329.95 1
330.05 1
330.15 1
330.25 1
330.35 1
330.45 1
330.55 1
330.65 1
330.75 1
330.85 1
330.95 1
331.05 1
331.15 1
331.25 1
331.35 1
331.45 1
331.55 1
331.65 1
331.75 1
331.85 1
331.95 1
332.05 1
332.15 1
332.25 1
332.35 1
332.45 1
332.55 1
332.65 1
332.75 1
332.85 1
332.95 1
333.05 1
333.15 1
333.25 1
333.35 1
333.45 1
333.55 1
333.65 1
333.75 1
333.85 1
333.95 1
334.05 1
334.15 1
334.25 1
334.35 1
334.45 1
334.55 1
334.65 1
334.75 1
334.85 1
334.95 1
335.05 1
335.15 1
335.25 1
335.35 1
335.45 1
335.55001 1
335.65001 1
335.75001 1
335.85001 1
335.95001 1
336.05001 1
336.15001 1
336.25001 1
336.35001 1
336.45001 1
336.55001 1
336.65001 1
336.75001 1
336.85001 1
336.95001 1
337.05001 1
337.15001 1
337.25001 1
337.35001 1
337.45001 1
337.55001 1
337.65001 1
337.75001 1
337.85001 1
337.95001 1
338.05001 1
338.15001 1
338.25001 1
338.35001 1
338.45001 1
338.55001 1
338.65001 1
338.75001 1
338.85001 1
338.95001 1
339.05001 1
339.15001 1
339.25001 1
339.35001 1
339.45001 1
339.55001 1
339.65001 1
339.75001 1
339.85001 1
339.95001 1
340.05001 1
340.15001 1
340.25001 1
340.35001 1
340.45001 1
340.55001 1
340.65001 1
340.75001 1
340.85001 1
340.95001 1
341.05001 1
341.15001 1
341.25001 1
341.35001 1
341.45001 1
341.55001 1
341.65001 1
341.75001 1
341.85001 1
341.95001 1
342.05001 1
342.15001 1
342.25001 1
342.35001 1
342.45001 1
342.55001 1
342.65001 1
342.75001 1
342.85001 1
342.95001 1
343.05001 1
343.15001 1
343.25001 1
343.35001 1
343.45001 1
343.55001 1
343.65001 1
343.75001 1
343.85001 1
343.95001 1
344.05001 1
344.15001 1
344.25001 1
344.35001 1
344.45001 1
344.55001 1
344.65001 1
344.75001 1
344.85001 1
344.95001 1
345.05001 1
345.15001 1
345.25001 1
345.35001 1
345.45001 1
345.55001 1
345.65001 1
345.75001 1
345.85001 1
345.95001 1
346.05001 1
346.15001 1
346.25001 1
346.35001 1
346.45001 1
346.55001 1
346.65001 1
346.75001 1
346.85001 1
346.95001 1
347.05001 1
347.15001 1
347.25001 1
347.35001 1
347.45001 1
347.55001 1
347.65001 1
347.75001 1
347.85001 1
347.95001 1
348.05001 1
348.15001 1
348.25001 1
348.35001 1
348.45001 1
348.55001 1
348.65001 1
348.75001 1
348.85001 1
348.95001 1
349.05001 1
349.15001 1
349.25001 1
349.35001 1
349.45001 1
349.55001 1
349.65001 1
349.75001 1
349.85001 1
349.95001 1
350.05001 1
350.15001 1
350.25001 1
350.35001 1
350.45001 1
350.55001 1
350.65001 1
350.75001 1
350.85001 1
350.95001 1
351.05001 1
351.15001 1
351.25001 1
351.35001 1
351.45001 1
351.55001 1
351.65001 1
351.75001 1
351.85001 1
351.95001 1
352.05001 1
352.15001 1
352.25001 1
352.35001 1
352.45001 1
352.55001 1
352.65001 1
352.75001 1
352.85001 1
352.95001 1
353.05001 1
353.15001 1
353.25001 1
353.35001 1
353.45001 1
353.55001 1
353.65001 1
353.75001 1
353.85001 1
353.95001 1
354.05001 1
354.15001 1
354.25001 1
354.35001 1
354.45001 1
354.55001 1
354.65001 1
354.75001 1
354.85001 1
354.95001 1
355.05001 1
355.15001 1
355.25001 1
355.35001 1
355.45001 1
355.55001 1
355.65001 1
355.75001 1
355.85001 1
355.95001 1
356.05001 1
356.15001 1
356.25001 1
356.35001 1
356.45001 1
356.55001 1
356.65001 1
356.75001 1
356.85001 1
356.95001 1
357.05001 1
357.15001 1
357.25001 1
357.35001 1
357.45001 1
357.55001 1
357.65001 1
357.75001 1
357.85001 1
357.95001 1
358.05001 1
358.15001 1
358.25001 1
358.35001 1
358.45001 1
358.55001 1
358.65001 1
358.75001 1
358.85001 1
358.95001 1
359.05001 1
359.15001 1
359.25001 1
359.35001 1
359.45001 1
359.55001 1
359.65001 1
359.75001 1
359.85001 1
359.95001 1
360.05001 1
360.15001 1
360.25001 1
360.35001 1
360.45001 1
360.55001 1
360.65001 1
360.75001 1
360.85001 1
360.95001 1
361.05001 1
361.15001 1
361.25001 1
361.35001 1
361.45001 1
361.55001 1
361.65001 1
361.75001 1
361.85001 1
361.95001 1
362.05001 1
362.15001 1
362.25001 1
362.35001 1
362.45001 1
362.55001 1
362.65001 1
362.75001 1
362.85001 1
362.95001 1
363.05001 1
363.15001 1
363.25001 1
363.35001 1
363.45001 1
363.55001 1
363.65001 1
363.75001 1
363.85001 1
363.95001 1
364.05001 1
364.15001 1
364.25001 1
364.35001 1
364.45001 1
364.55001 1
364.65001 1
364.75001 1
364.85001 1
364.95001 1
365.05001 1
365.15001 1
365.25001 1
365.35001 1
365.45001 1
365.55001 1
365.65001 1
365.75001 1
365.85001 1
365.95001 1
366.05001 1
366.15001 1
366.25001 1
366.35001 1
366.45001 1
366.55001 1
366.65001 1
366.75001 1
366.85001 1
366.95001 1
367.05001 1
367.15001 1
367.25001 1
367.35001 1
367.45001 1
367.55001 1
367.65001 1
367.75001 1
367.85001 1
367.95001 1
368.05001 1
368.15001 1
368.25001 1
368.35001 1
368.45001 1
368.55001 1
368.65001 1
368.75001 1
368.85001 1
368.95001 1
369.05001 1
369.15001 1
369.25001 1
369.35001 1
369.45001 1
369.55001 1
369.65001 1
369.75001 1
369.85001 1
369.95001 1
370.05001 1
370.15001 1
370.25001 1
370.35001 1
370.45001 1
370.55001 1
370.65001 1
370.75001 1
370.85001 1
370.95001 1
371.05001 1
371.15001 1
371.25001 1
371.35001 1
371.45001 1
371.55001 1
371.65001 1
371.75001 1
371.85001 1
371.95001 1
372.05001 1
372.15001 1
372.25001 1
372.35001 1
372.45001 1
372.55001 1
372.65001 1
372.75001 1
372.85001 1
372.95001 1
373.05001 1
373.15001 1
373.25001 1
373.35001 1
373.45001 1
373.55001 1
373.65001 1
373.75001 1
373.85001 1
373.95001 1
374.05001 1
374.15001 1
374.25001 1
374.35001 1
374.45001 1
374.55001 1
374.65001 1
374.75001 1
374.85001 1
374.95001 1
375.05001 1
375.15001 1
375.25001 1
375.35001 1
375.45001 1
375.55001 1
375.65001 1
375.75001 1
375.85001 1
375.95001 1
376.05001 1
376.15001 1
376.25001 1
376.35001 1
376.45001 1
376.55001 1
376.65001 1
376.75001 1
376.85001 1
376.95001 1
377.05001 1
377.15001 1
377.25001 1
377.35001 1
377.45001 1
377.55001 1
377.65001 1
377.75001 1
377.85001 1
377.95001 1
378.05001 1
378.15001 1
378.25001 1
378.35001 1
378.45001 1
378.55001 1
378.65001 1
378.75001 1
378.85001 1
378.95001 1
379.05001 1
379.15001 1
379.25001 1
379.35001 1
379.45001 1
379.55001 1
379.65001 1
379.75001 1
379.85001 1
379.95001 1
380.05001 1
380.15001 1
380.25001 1
380.35001 1
380.45001 1
380.55001 1
380.65001 1
380.75001 1
380.85001 1
380.95001 1
381.05001 1
381.15001 1
381.25001 1
381.35001 1
381.45001 1
381.55001 1
381.65001 1
381.75001 1
381.85001 1
381.95001 1
382.05001 1
382.15001 1
382.25001 1
382.35001 1
382.45001 1
382.55001 1
382.65001 1
382.75001 1
382.85001 1
382.95001 1
383.05001 1
383.15001 1
383.25001 1
383.35001 1
383.45001 1
383.55001 1
383.65001 1
383.75001 1
383.85001 1
383.95001 1
384.05001 1
384.15001 1
384.25001 1
384.35001 1
384.45001 1
384.55001 1
384.65001 1
384.75001 1
384.85001 1
384.95001 1
385.05001 1
385.15001 1
385.25001 1
385.35001 1
385.45001 1
385.55001 1
385.65001 1
385.75001 1
385.85001 1
385.95001 1
386.05001 1
386.15001 1
386.25001 1
386.35001 1
386.45001 1
386.55001 1
386.65001 1
386.75001 1
386.85001 1
386.95001 1
387.05001 1
387.15001 1
387.25001 1
387.35001 1
387.45001 1
387.55001 1
387.65001 1
387.75001 1
387.85001 1
387.95001 1
388.05001 1
388.15001 1
388.25001 1
388.35001 1
388.45001 1
388.55001 1
388.65001 1
388.75001 1
388.85001 1
388.95001 1
389.05001 1
389.15001 1
389.25001 1
389.35001 1
389.45001 1
389.55001 1
389.65001 1
389.75001 1
389.85001 1
389.95001 1
390.05001 1
390.15001 1
390.25001 1
390.35001 1
390.45001 1
390.55001 1
390.65001 1
390.75001 1
390.85001 1
390.95001 1
391.05001 1
391.15001 1
391.25001 1
391.35001 1
391.45001 1
391.55001 1
391.65001 1
391.75001 1
391.85001 1
391.95001 1
392.05001 1
392.15001 1
392.25001 1
392.35001 1
392.45001 1
392.55001 1
392.65001 1
392.75001 1
392.85001 1
392.95001 1
393.05001 1
393.15001 1
393.25001 1
393.35001 1
393.45001 1
393.55001 1
393.65001 1
393.75001 1
393.85001 1
393.95001 1
394.05001 1
394.15001 1
394.25001 1
394.35001 1
394.45001 1
394.55001 1
394.65001 1
394.75001 1
394.85001 1
394.95001 1
395.05001 1
395.15001 1
395.25001 1
395.35001 1
395.45001 1
395.55001 1
395.65001 1
395.75001 1
395.85001 1
395.95001 1
396.05001 1
396.15001 1
396.25001 1
396.35001 1
396.45001 1
396.55001 1
396.65001 1
396.75001 1
396.85001 1
396.95001 1
397.05001 1
397.15001 1
397.25001 1
397.35001 1
397.45001 1
397.55001 1
397.65001 1
397.75001 1
397.85001 1
397.95001 1
398.05001 1
398.15001 1
398.25001 1
398.35001 1
398.45001 1
398.55001 1
398.65001 1
398.75001 1
398.85001 1
398.95001 1
399.05001 1
399.15001 1
399.25001 1
399.35001 1
399.45001 1
399.55001 1
399.65001 1
399.75001 1
399.85001 1
399.95001 1
400.05001 1
400.15001 1
400.25001 1
400.35001 1
400.45001 1
400.55001 1
400.65001 1
400.75001 1
400.85001 1
400.95001 1
401.05001 1
401.15001 1
401.25001 1
401.35001 1
401.45001 1
401.55001 1
401.65001 1
401.75001 1
401.85001 1
401.95001 1
402.05001 1
402.15001 1
402.25001 1
402.35001 1
402.45001 1
402.55001 1
402.65001 1
402.75001 1
402.85001 1
402.95001 1
403.05001 1
403.15001 1
403.25001 1
403.35001 1
403.45001 1
403.55001 1
403.65001 1
403.75001 1
403.85001 1
403.95001 1
404.05001 1
404.15001 1
404.25001 1
404.35001 1
404.45001 1
404.55001 1
404.65001 1
404.75001 1
404.85001 1
404.95001 1
405.05001 1
405.15001 1
405.25001 1
405.35001 1
405.45001 1
405.55001 1
405.65001 1
405.75001 1
405.85001 1
405.95001 1
406.05001 1
406.15001 1
406.25001 1
406.35001 1
406.45001 1
406.55001 1
406.65001 1
406.75001 1
406.85001 1
406.95001 1
407.05001 1
407.15001 1
407.25001 1
407.35001 1
407.45001 1
407.55001 1
407.65001 1
407.75001 1
407.85001 1
407.95001 1
408.05001 1
408.15001 1
408.25001 1
408.35001 1
408.45001 1
408.55001 1
408.65001 1
408.75001 1
408.85001 1
408.95001 1
409.05001 1
409.15001 1
409.25001 1
409.35001 1
409.45001 1
409.55001 1
409.65001 1
409.75001 1
409.85001 1
409.95001 1
410.05001 1
410.15001 1
410.25001 1
410.35001 1
410.45001 1
410.55001 1
410.65001 1
410.75001 1
410.85001 1
410.95001 1
411.05001 1
411.15001 1
411.25001 1
411.35001 1
411.45001 1
411.55001 1
411.65001 1
411.75001 1
411.85001 1
411.95001 1
412.05001 1
412.15001 1
412.25001 1
412.35001 1
412.45001 1
412.55001 1
412.65001 1
412.75001 1
412.85001 1
412.95001 1
413.05001 1
413.15001 1
413.25001 1
413.35001 1
413.45001 1
413.55001 1
413.65001 1
413.75001 1
413.85001 1
413.95001 1
414.05001 1
414.15001 1
414.25001 1
414.35001 1
414.45001 1
414.55001 1
414.65001 1
414.75001 1
414.85001 1
414.95001 1
415.05001 1
415.15001 1
415.25001 1
415.35001 1
415.45001 1
415.55001 1
415.65001 1
415.75001 1
415.85001 1
415.95001 1
416.05001 1
416.15001 1
416.25001 1
416.35001 1
416.45001 1
416.55001 1
416.65001 1
416.75001 1
416.85001 1
416.95001 1
417.05001 1
417.15001 1
417.25001 1
417.35001 1
417.45001 1
417.55001 1
417.65001 1
417.75001 1
417.85001 1
417.95001 1
418.05001 1
418.15001 1
418.25001 1
418.35001 1
418.45001 1
418.55001 1
418.65001 1
418.75001 1
418.85001 1
418.95001 1
419.05001 1
419.15001 1
419.25001 1
419.35001 1
419.45001 1
419.55001 1
419.65001 1
419.75001 1
419.85001 1
419.95001 1
420.05001 1
420.15001 1
420.25001 1
420.35001 1
420.45001 1
420.55001 1
420.65001 1
420.75001 1
420.85001 1
420.95001 1
421.05001 1
421.15001 1
421.25001 1
421.35001 1
421.45001 1
421.55001 1
421.65001 1
421.75001 1
421.85001 1
421.95001 1
422.05001 1
422.15001 1
422.25001 1
422.35001 1
422.45001 1
422.55001 1
422.65001 1
422.75001 1
422.85001 1
422.95001 1
423.05001 1
423.15001 1
423.25001 1
423.35001 1
423.45001 1
423.55001 1
423.65001 1
423.75001 1
423.85001 1
423.95001 1
424.05001 1
424.15001 1
424.25001 1
424.35001 1
424.45001 1
424.55001 1
424.65001 1
424.75001 1
424.85001 1
424.95001 1
425.05001 1
425.15001 1
425.25001 1
425.35001 1
425.45001 1
425.55001 1
425.65001 1
425.75001 1
425.85001 1
425.95001 1
426.05001 1
426.15001 1
426.25001 1
426.35001 1
426.45001 1
426.55001 1
426.65001 1
426.75001 1
426.85001 1
426.95001 1
427.05001 1
427.15001 1
427.25001 1
427.35001 1
427.45001 1
427.55001 1
427.65001 1
427.75001 1
427.85001 1
427.95001 1
428.05001 1
428.15001 1
428.25001 1
428.35001 1
428.45001 1
428.55001 1
428.65001 1
428.75001 1
428.85001 1
428.95001 1
429.05001 1
429.15001 1
429.25001 1
429.35001 1
429.45001 1
429.55001 1
429.65001 1
429.75001 1
429.85001 1
429.95001 1
430.05001 1
430.15001 1
430.25001 1
430.35001 1
430.45001 1
430.55001 1
430.65001 1
430.75001 1
430.85001 1
430.95001 1
431.05001 1
431.15001 1
431.25001 1
431.35001 1
431.45001 1
431.55001 1
431.65001 1
431.75001 1
431.85001 1
431.95001 1
432.05001 1
432.15001 1
432.25001 1
432.35001 1
432.45001 1
432.55001 1
432.65001 1
432.75001 1
432.85001 1
432.95001 1
433.05001 1
433.15001 1
433.25001 1
433.35001 1
433.45001 1
433.55001 1
433.65001 1
433.75001 1
433.85001 1
433.95001 1
434.05001 1
434.15001 1
434.25001 1
434.35001 1
434.45001 1
434.55001 1
434.65001 1
434.75001 1
434.85001 1
434.95001 1
435.05001 1
435.15001 1
435.25001 1
435.35001 1
435.45001 1
435.55001 1
435.65001 1
435.75001 1
435.85001 1
435.95001 1
436.05001 1
436.15001 1
436.25001 1
436.35001 1
436.45001 1
436.55001 1
436.65001 1
436.75001 1
436.85001 1
436.95001 1
437.05001 1
437.15001 1
437.25001 1
437.35001 1
437.45001 1
437.55001 1
437.65001 1
437.75001 1
437.85001 1
437.95001 1
438.05001 1
438.15001 1
438.25001 1
438.35001 1
438.45001 1
438.55001 1
438.65001 1
438.75001 1
438.85001 1
438.95001 1
439.05001 1
439.15001 1
439.25001 1
439.35001 1
439.45001 1
439.55001 1
439.65001 1
439.75001 1
439.85001 1
439.95001 1
440.05001 1
440.15001 1
440.25001 1
440.35001 1
440.45001 1
440.55001 1
440.65001 1
440.75001 1
440.85001 1
440.95001 1
441.05001 1
441.15001 1
441.25001 1
441.35001 1
441.45001 1
441.55001 1
441.65001 1
441.75001 1
441.85001 1
441.95001 1
442.05001 1
442.15001 1
442.25001 1
442.35001 1
442.45001 1
442.55001 1
442.65001 1
442.75001 1
442.85001 1
442.95001 1
443.05001 1
443.15001 1
443.25001 1
443.35001 1
443.45001 1
443.55001 1
443.65001 1
443.75001 1
443.85001 1
443.95001 1
444.05001 1
444.15001 1
444.25001 1
444.35001 1
444.45001 1
444.55001 1
444.65001 1
444.75001 1
444.85001 1
444.95001 1
445.05001 1
445.15001 1
445.25001 1
445.35001 1
445.45001 1
445.55001 1
445.65001 1
445.75001 1
445.85001 1
445.95001 1
446.05001 1
446.15001 1
446.25001 1
446.35001 1
446.45001 1
446.55001 1
446.65001 1
446.75001 1
446.85001 1
446.95001 1
447.05001 1
447.15001 1
447.25001 1
447.35001 1
447.45001 1
447.55001 1
447.65001 1
447.75001 1
447.85001 1
447.95001 1
448.05001 1
448.15001 1
448.25001 1
448.35001 1
448.45001 1
448.55001 1
448.65001 1
448.75001 1
448.85001 1
448.95001 1
449.05001 1
449.15001 1
449.25001 1
449.35001 1
449.45001 1
449.55001 1
449.65001 1
449.75001 1
449.85001 1
449.95001 1
450.05001 1
450.15001 1
450.25001 1
450.35001 1
450.45001 1
450.55001 1
450.65001 1
450.75001 1
450.85001 1
450.95001 1
451.05001 1
451.15001 1
451.25001 1
451.35001 1
451.45001 1
451.55001 1
451.65001 1
451.75001 1
451.85001 1
451.95001 1
452.05001 1
452.15001 1
452.25001 1
452.35001 1
452.45001 1
452.55001 1
452.65001 1
452.75001 1
452.85001 1
452.95001 1
453.05001 1
453.15001 1
453.25001 1
453.35001 1
453.45001 1
453.55001 1
453.65001 1
453.75001 1
453.85001 1
453.95001 1
454.05001 1
454.15001 1
454.25001 1
454.35001 1
454.45001 1
454.55001 1
454.65001 1
454.75001 1
454.85001 1
454.95001 1
455.05001 1
455.15001 1
455.25001 1
455.35001 1
455.45001 1
455.55001 1
455.65001 1
455.75001 1
455.85001 1
455.95001 1
456.05001 1
456.15001 1
456.25001 1
456.35001 1
456.45001 1
456.55001 1
456.65001 1
456.75001 1
456.85001 1
456.95001 1
457.05001 1
457.15001 1
457.25001 1
457.35001 1
457.45001 1
457.55001 1
457.65001 1
457.75001 1
457.85001 1
457.95001 1
458.05001 1
458.15001 1
458.25001 1
458.35001 1
458.45001 1
458.55001 1
458.65001 1
458.75001 1
458.85001 1
458.95001 1
459.05001 1
459.15001 1
459.25001 1
459.35001 1
459.45001 1
459.55001 1
459.65001 1
459.75001 1
459.85001 1
459.95001 1
460.05001 1
460.15001 1
460.25001 1
460.35001 1
460.45001 1
460.55001 1
460.65001 1
460.75001 1
460.85001 1
460.95001 1
461.05001 1
461.15001 1
461.25001 1
461.35001 1
461.45001 1
461.55001 1
461.65001 1
461.75001 1
461.85001 1
461.95001 1
462.05001 1
462.15001 1
462.25001 1
462.35001 1
462.45001 1
462.55001 1
462.65001 1
462.75001 1
462.85001 1
462.95001 1
463.05001 1
463.15001 1
463.25001 1
463.35001 1
463.45001 1
463.55001 1
463.65001 1
463.75001 1
463.85001 1
463.95001 1
464.05001 1
464.15001 1
464.25001 1
464.35001 1
464.45001 1
464.55001 1
464.65001 1
464.75001 1
464.85001 1
464.95001 1
465.05001 1
465.15001 1
465.25001 1
465.35001 1
465.45001 1
465.55001 1
465.65001 1
465.75001 1
465.85001 1
465.95001 1
466.05001 1
466.15001 1
466.25001 1
466.35001 1
466.45001 1
466.55001 1
466.65001 1
466.75001 1
466.85001 1
466.95001 1
467.05001 1
467.15001 1
467.25001 1
467.35001 1
467.45001 1
467.55001 1
467.65001 1
467.75001 1
467.85001 1
467.95001 1
468.05001 1
468.15001 1
468.25001 1
468.35001 1
468.45001 1
468.55001 1
468.65001 1
468.75001 1
468.85001 1
468.95001 1
469.05001 1
469.15001 1
469.25001 1
469.35001 1
469.45001 1
469.55001 1
469.65001 1
469.75001 1
469.85001 1
469.95001 1
470.05001 1
470.15001 1
470.25001 1
470.35001 1
470.45001 1
470.55001 1
470.65001 1
470.75001 1
470.85001 1
470.95001 1
471.05001 1
471.15001 1
471.25001 1
471.35001 1
471.45001 1
471.55001 1
471.65001 1
471.75001 1
471.85001 1
471.95001 1
472.05001 1
472.15001 1
472.25001 1
472.35001 1
472.45001 1
472.55001 1
472.65001 1
472.75001 1
472.85001 1
472.95001 1
473.05001 1
473.15001 1
473.25001 1
473.35001 1
473.45001 1
473.55001 1
473.65001 1
473.75001 1
473.85001 1
473.95001 1
474.05001 1
474.15001 1
474.25001 1
474.35001 1
474.45001 1
474.55001 1
474.65001 1
474.75001 1
474.85001 1
474.95001 1
475.05001 1
475.15001 1
475.25001 1
475.35001 1
475.45001 1
475.55001 1
475.65001 1
475.75001 1
475.85001 1
475.95001 1
476.05001 1
476.15001 1
476.25001 1
476.35001 1
476.45001 1
476.55001 1
476.65001 1
476.75001 1
476.85001 1
476.95001 1
477.05001 1
477.15001 1
477.25001 1
477.35001 1
477.45001 1
477.55001 1
477.65001 1
477.75001 1
477.85001 1
477.95001 1
478.05001 1
478.15001 1
478.25001 1
478.35001 1
478.45001 1
478.55001 1
478.65001 1
478.75001 1
478.85001 1
478.95001 1
479.05001 1
479.15001 1
479.25001 1
479.35001 1
479.45001 1
479.55001 1
479.65001 1
479.75001 1
479.85001 1
479.95001 1
480.05001 1
480.15001 1
480.25001 1
480.35001 1
480.45001 1
480.55001 1
480.65001 1
480.75001 1
480.85001 1
480.95001 1
481.05001 1
481.15001 1
481.25001 1
481.35001 1
481.45001 1
481.55001 1
481.65001 1
481.75001 1
481.85001 1
481.95001 1
482.05001 1
482.15001 1
482.25001 1
482.35001 1
482.45001 1
482.55001 1
482.65001 1
482.75001 1
482.85001 1
482.95001 1
483.05001 1
483.15001 1
483.25001 1
483.35001 1
483.45001 1
483.55001 1
483.65001 1
483.75001 1
483.85001 1
483.95001 1
484.05001 1
484.15001 1
484.25001 1
484.35001 1
484.45001 1
484.55001 1
484.65001 1
484.75001 1
484.85001 1
484.95001 1
485.05001 1
485.15001 1
485.25001 1
485.35001 1
485.45001 1
485.55001 1
485.65001 1
485.75001 1
485.85001 1
485.95001 1
486.05001 1
486.15001 1
486.25001 1
486.35001 1
486.45001 1
486.55001 1
486.65001 1
486.75001 1
486.85001 1
486.95001 1
487.05001 1
487.15001 1
487.25001 1
487.35001 1
487.45001 1
487.55001 1
487.65001 1
487.75001 1
487.85001 1
487.95001 1
488.05001 1
488.15001 1
488.25001 1
488.35001 1
488.45001 1
488.55001 1
488.65001 1
488.75001 1
488.85001 1
488.95001 1
489.05001 1
489.15001 1
489.25001 1
489.35001 1
489.45001 1
489.55001 1
489.65001 1
489.75001 1
489.85001 1
489.95001 1
490.05001 1
490.15001 1
490.25001 1
490.35001 1
490.45001 1
490.55001 1
490.65001 1
490.75001 1
490.85001 1
490.95001 1
491.05001 1
491.15001 1
491.25001 1
491.35001 1
491.45001 1
491.55001 1
491.65001 1
491.75001 1
491.85001 1
491.95001 1
492.05001 1
492.15001 1
492.25001 1
492.35001 1
492.45001 1
492.55001 1
492.65001 1
492.75001 1
492.85001 1
492.95001 1
493.05001 1
493.15001 1
493.25001 1
493.35001 1
493.45001 1
493.55001 1
493.65001 1
493.75001 1
493.85001 1
493.95001 1
494.05001 1
494.15001 1
494.25001 1
494.35001 1
494.45001 1
494.55001 1
494.65001 1
494.75001 1
494.85001 1
494.95001 1
495.05001 1
495.15001 1
495.25001 1
495.35001 1
495.45001 1
495.55001 1
495.65001 1
495.75001 1
495.85001 1
495.95001 1
496.05001 1
496.15001 1
496.25001 1
496.35001 1
496.45001 1
496.55001 1
496.65001 1
496.75001 1
496.85001 1
496.95001 1
497.05001 1
497.15001 1
497.25001 1
497.35001 1
497.45001 1
497.55001 1
497.65001 1
497.75001 1
497.85001 1
497.95001 1
498.05001 1
498.15001 1
498.25001 1
498.35001 1
498.45001 1
498.55001 1
498.65001 1
498.75001 1
498.85001 1
498.95001 1
499.05001 1
499.15001 1
499.25001 1
499.35001 1
499.45001 1
499.55001 1
499.65001 1
499.75001 1
499.85001 1
499.95001 1
500.05001 1
500.15001 1
500.25001 1
500.35001 1
500.45001 1
500.55001 1
500.65001 1
500.75001 1
500.85001 1
500.95001 1
501.05001 1
501.15001 1
501.25001 1
501.35001 1
501.45001 1
501.55001 1
501.65001 1
501.75001 1
501.85001 1
501.95001 1
502.05001 1
502.15001 1
502.25001 1
502.35001 1
502.45001 1
502.55001 1
502.65001 1
502.75001 1
502.85001 1
502.95001 1
503.05001 1
503.15001 1
503.25001 1
503.35001 1
503.45001 1
503.55001 1
503.65001 1
503.75001 1
503.85001 1
503.95001 1
504.05001 1
504.15001 1
504.25001 1
504.35001 1
504.45001 1
504.55001 1
504.65001 1
504.75001 1
504.85001 1
504.95001 1
505.05001 1
505.15001 1
505.25001 1
505.35001 1
505.45001 1
505.55001 1
505.65001 1
505.75001 1
505.85001 1
505.95001 1
506.05001 1
506.15001 1
506.25001 1
506.35001 1
506.45001 1
506.55001 1
506.65001 1
506.75001 1
506.85001 1
506.95001 1
507.05001 1
507.15001 1
507.25001 1
507.35001 1
507.45001 1
507.55001 1
507.65001 1
507.75001 1
507.85001 1
507.95001 1
508.05001 1
508.15001 1
508.25001 1
508.35001 1
508.45001 1
508.55001 1
508.65001 1
508.75001 1
508.85001 1
508.95001 1
509.05001 1
509.15001 1
509.25001 1
509.35001 1
509.45001 1
509.55001 1
509.65001 1
509.75001 1
509.85001 1
509.95001 1
510.05001 1
510.15001 1
510.25001 1
510.35001 1
510.45001 1
510.55001 1
510.65001 1
510.75001 1
510.85001 1
510.95001 1
511.05001 1
511.15001 1
511.25001 1
511.35001 1
511.45001 1
511.55001 1
511.65001 1
511.75001 1
511.85001 1
511.95001 1
512.05001 1
512.15001 1
512.25001 1
512.35001 1
512.45001 1
512.55001 1
512.65001 1
512.75001 1
512.85001 1
512.95001 1
513.05001 1
513.15001 1
513.25001 1
513.35001 1
513.45001 1
513.55001 1
513.65001 1
513.75001 1
513.85001 1
513.95001 1
514.05001 1
514.15001 1
514.25001 1
514.35001 1
514.45001 1
514.55001 1
514.65001 1
514.75001 1
514.85001 1
514.95001 1
515.05001 1
515.15001 1
515.25001 1
515.35001 1
515.45001 1
515.55001 1
515.65001 1
515.75001 1
515.85001 1
515.95001 1
516.05001 1
516.15001 1
516.25001 1
516.35001 1
516.45001 1
516.55001 1
516.65001 1
516.75001 1
516.85001 1
516.95001 1
517.05001 1
517.15001 1
517.25001 1
517.35001 1
517.45001 1
517.55001 1
517.65001 1
517.75001 1
517.85001 1
517.95001 1
518.05001 1
518.15001 1
518.25001 1
518.35001 1
518.45001 1
518.55001 1
518.65001 1
518.75001 1
518.85001 1
518.95001 1
519.05001 1
519.15001 1
519.25001 1
519.35001 1
519.45001 1
519.55001 1
519.65001 1
519.75001 1
519.85001 1
519.95001 1
520.05001 1
520.15001 1
520.25001 1
520.35001 1
520.45001 1
520.55001 1
520.65001 1
520.75001 1
520.85001 1
520.95001 1
521.05001 1
521.15001 1
521.25001 1
521.35001 1
521.45001 1
521.55001 1
521.65001 1
521.75001 1
521.85001 1
521.95001 1
522.05001 1
522.15001 1
522.25001 1
522.35001 1
522.45001 1
522.55001 1
522.65001 1
522.75001 1
522.85001 1
522.95001 1
523.05001 1
523.15001 1
523.25001 1
523.35001 1
523.45001 1
523.55001 1
523.65001 1
523.75001 1
523.85001 1
523.95001 1
524.05001 1
524.15001 1
524.25001 1
524.35001 1
524.45001 1
524.55001 1
524.65001 1
524.75001 1
524.85001 1
524.95001 1
525.05001 1
525.15001 1
525.25001 1
525.35001 1
525.45001 1
525.55001 1
525.65001 1
525.75001 1
525.85001 1
525.95001 1
526.05001 1
526.15001 1
526.25001 1
526.35001 1
526.45001 1
526.55001 1
526.65001 1
526.75001 1
526.85001 1
526.95001 1
527.05001 1
527.15001 1
527.25001 1
527.35001 1
527.45001 1
527.55001 1
527.65001 1
527.75001 1
527.85001 1
527.95001 1
528.05001 1
528.15001 1
528.25001 1
528.35001 1
528.45001 1
528.55001 1
528.65001 1
528.75001 1
528.85001 1
528.95001 1
529.05001 1
529.15001 1
529.25001 1
529.35001 1
529.45001 1
529.55001 1
529.65001 1
529.75001 1
529.85001 1
529.95001 1
530.05001 1
530.15001 1
530.25001 1
530.35001 1
530.45001 1
530.55001 1
530.65001 1
530.75001 1
530.85001 1
530.95001 1
531.05001 1
531.15001 1
531.25001 1
531.35001 1
531.45001 1
531.55001 1
531.65001 1
531.75001 1
531.85001 1
531.95001 1
532.05001 1
532.15001 1
532.25001 1
532.35001 1
532.45001 1
532.55001 1
532.65001 1
532.75001 1
532.85001 1
532.95001 1
533.05001 1
533.15001 1
533.25001 1
533.35001 1
533.45001 1
533.55001 1
533.65001 1
533.75001 1
533.85001 1
533.95001 1
534.05001 1
534.15001 1
534.25001 1
534.35001 1
534.45001 1
534.55001 1
534.65001 1
534.75001 1
534.85001 1
534.95001 1
535.05001 1
535.15001 1
535.25001 1
535.35001 1
535.45001 1
535.55001 1
535.65001 1
535.75001 1
535.85001 1
535.95001 1
536.05001 1
536.15001 1
536.25001 1
536.35001 1
536.45001 1
536.55001 1
536.65001 1
536.75001 1
536.85001 1
536.95001 1
537.05001 1
537.15001 1
537.25001 1
537.35001 1
537.45001 1
537.55001 1
537.65001 1
537.75001 1
537.85001 1
537.95001 1
538.05001 1
538.15001 1
538.25001 1
538.35001 1
538.45001 1
538.55001 1
538.65001 1
538.75001 1
538.85001 1
538.95001 1
539.05001 1
539.15001 1
539.25001 1
539.35001 1
539.45001 1
539.55001 1
539.65001 1
539.75001 1
539.85001 1
539.95001 1
540.05001 1
540.15001 1
540.25001 1
540.35001 1
540.45001 1
540.55001 1
540.65001 1
540.75001 1
540.85001 1
540.95001 1
541.05001 1
541.15001 1
541.25001 1
541.35001 1
541.45001 1
541.55001 1
541.65001 1
541.75001 1
541.85001 1
541.95001 1
542.05001 1
542.15001 1
542.25001 1
542.35001 1
542.45001 1
542.55001 1
542.65001 1
542.75001 1
542.85001 1
542.95001 1
543.05001 1
543.15001 1
543.25001 1
543.35001 1
543.45001 1
543.55001 1
543.65001 1
543.75001 1
543.85001 1
543.95001 1
544.05001 1
544.15001 1
544.25001 1
544.35001 1
544.45001 1
544.55001 1
544.65001 1
544.75001 1
544.85001 1
544.95001 1
545.05001 1
545.15001 1
545.25001 1
545.35001 1
545.45001 1
545.55001 1
545.65001 1
545.75001 1
545.85001 1
545.95001 1
546.05001 1
546.15001 1
546.25001 1
546.35001 1
546.45001 1
546.55001 1
546.65001 1
546.75001 1
546.85001 1
546.95001 1
547.05001 1
547.15001 1
547.25001 1
547.35001 1
547.45001 1
547.55001 1
547.65001 1
547.75001 1
547.85001 1
547.95001 1
548.05001 1
548.15001 1
548.25001 1
548.35001 1
548.45001 1
548.55001 1
548.65001 1
548.75001 1
548.85001 1
548.95001 1
549.05001 1
549.15001 1
549.25001 1
549.35001 1
549.45001 1
549.55001 1
549.65001 1
549.75001 1
549.85001 1
549.95001 1
550.05001 1
550.15001 1
550.25001 1
550.35001 1
550.45001 1
550.55001 1
550.65001 1
550.75001 1
550.85001 1
550.95001 1
551.05001 1
551.15001 1
551.25001 1
551.35001 1
551.45001 1
551.55001 1
551.65001 1
551.75001 1
551.85001 1
551.95001 1
552.05001 1
552.15001 1
552.25001 1
552.35001 1
552.45001 1
552.55001 1
552.65001 1
552.75001 1
552.85001 1
552.95001 1
553.05001 1
553.15001 1
553.25001 1
553.35001 1
553.45001 1
553.55001 1
553.65001 1
553.75001 1
553.85001 1
553.95001 1
554.05001 1
554.15001 1
554.25001 1
554.35001 1
554.45001 1
554.55001 1
554.65001 1
554.75001 1
554.85001 1
554.95001 1
555.05001 1
555.15001 1
555.25001 1
555.35001 1
555.45001 1
555.55001 1
555.65001 1
555.75001 1
555.85001 1
555.95001 1
556.05001 1
556.15001 1
556.25001 1
556.35001 1
556.45001 1
556.55001 1
556.65001 1
556.75001 1
556.85001 1
556.95001 1
557.05001 1
557.15001 1
557.25001 1
557.35001 1
557.45001 1
557.55001 1
557.65001 1
557.75001 1
557.85001 1
557.95001 1
558.05001 1
558.15001 1
558.25001 1
558.35001 1
558.45001 1
558.55001 1
558.65001 1
558.75001 1
558.85001 1
558.95001 1
559.05001 1
559.15001 1
559.25001 1
559.35001 1
559.45001 1
559.55001 1
559.65001 1
559.75001 1
559.85001 1
559.95001 1
560.05001 1
560.15001 1
560.25001 1
560.35001 1
560.45001 1
560.55001 1
560.65001 1
560.75001 1
560.85001 1
560.95001 1
561.05001 1
561.15001 1
561.25001 1
561.35001 1
561.45001 1
561.55001 1
561.65001 1
561.75001 1
561.85001 1
561.95001 1
562.05001 1
562.15001 1
562.25001 1
562.35001 1
562.45001 1
562.55001 1
562.65001 1
562.75001 1
562.85001 1
562.95001 1
563.05001 1
563.15001 1
563.25001 1
563.35001 1
563.45001 1
563.55001 1
563.65001 1
563.75001 1
563.85001 1
563.95001 1
564.05001 1
564.15001 1
564.25001 1
564.35001 1
564.45001 1
564.55001 1
564.65001 1
564.75001 1
564.85001 1
564.95001 1
565.05001 1
565.15001 1
565.25001 1
565.35001 1
565.45001 1
565.55001 1
565.65001 1
565.75001 1
565.85001 1
565.95001 1
566.05001 1
566.15001 1
566.25001 1
566.35001 1
566.45001 1
566.55001 1
566.65001 1
566.75001 1
566.85001 1
566.95001 1
567.05001 1
567.15001 1
567.25001 1
567.35001 1
567.45001 1
567.55001 1
567.65001 1
567.75001 1
567.85001 1
567.95001 1
568.05001 1
568.15001 1
568.25001 1
568.35001 1
568.45001 1
568.55001 1
568.65001 1
568.75001 1
568.85001 1
568.95001 1
569.05001 1
569.15001 1
569.25001 1
569.35001 1
569.45001 1
569.55001 1
569.65001 1
569.75001 1
569.85001 1
569.95001 1
570.05001 1
570.15001 1
570.25001 1
570.35001 1
570.45001 1
570.55001 1
570.65001 1
570.75001 1
570.85001 1
570.95001 1
571.05001 1
571.15001 1
571.25001 1
571.35001 1
571.45001 1
571.55001 1
571.65001 1
571.75001 1
571.85001 1
571.95001 1
572.05001 1
572.15001 1
572.25001 1
572.35001 1
572.45001 1
572.55001 1
572.65001 1
572.75001 1
572.85001 1
572.95001 1
573.05001 1
573.15001 1
573.25001 1
573.35001 1
573.45001 1
573.55001 1
573.65001 1
573.75001 1
573.85001 1
573.95001 1
574.05001 1
574.15001 1
574.25001 1
574.35001 1
574.45001 1
574.55001 1
574.65001 1
574.75001 1
574.85001 1
574.95001 1
575.05001 1
575.15001 1
575.25001 1
575.35001 1
575.45001 1
575.55001 1
575.65001 1
575.75001 1
575.85001 1
575.95001 1
576.05001 1
576.15001 1
576.25001 1
576.35001 1
576.45001 1
576.55001 1
576.65001 1
576.75001 1
576.85001 1
576.95001 1
577.05001 1
577.15001 1
577.25001 1
577.35001 1
577.45001 1
577.55001 1
577.65001 1
577.75001 1
577.85001 1
577.95001 1
578.05001 1
578.15001 1
578.25001 1
578.35001 1
578.45001 1
578.55001 1
578.65001 1
578.75001 1
578.85001 1
578.95001 1
579.05001 1
579.15001 1
579.25001 1
579.35001 1
579.45001 1
579.55001 1
579.65001 1
579.75001 1
579.85001 1
579.95001 1
580.05001 1
580.15001 1
580.25001 1
580.35001 1
580.45001 1
580.55001 1
580.65001 1
580.75001 1
580.85001 1
580.95001 1
581.05001 1
581.15001 1
581.25001 1
581.35001 1
581.45001 1
581.55001 1
581.65001 1
581.75001 1
581.85001 1
581.95001 1
582.05001 1
582.15001 1
582.25001 1
582.35001 1
582.45001 1
582.55001 1
582.65001 1
582.75001 1
582.85001 1
582.95001 1
583.05001 1
583.15001 1
583.25001 1
583.35001 1
583.45001 1
583.55001 1
583.65001 1
583.75001 1
583.85001 1
583.95001 1
584.05001 1
584.15001 1
584.25001 1
584.35001 1
584.45001 1
584.55001 1
584.65001 1
584.75001 1
584.85001 1
584.95001 1
585.05001 1
585.15001 1
585.25001 1
585.35001 1
585.45001 1
585.55001 1
585.65001 1
585.75001 1
585.85001 1
585.95001 1
586.05001 1
586.15001 1
586.25001 1
586.35001 1
586.45001 1
586.55001 1
586.65001 1
586.75001 1
586.85001 1
586.95001 1
587.05001 1
587.15001 1
587.25001 1
587.35001 1
587.45001 1
587.55001 1
587.65001 1
587.75001 1
587.85001 1
587.95001 1
588.05001 1
588.15001 1
588.25001 1
588.35001 1
588.45001 1
588.55001 1
588.65001 1
588.75001 1
588.85001 1
588.95001 1
589.05001 1
589.15001 1
589.25001 1
589.35001 1
589.45001 1
589.55001 1
589.65001 1
589.75001 1
589.85001 1
589.95001 1
590.05001 1
590.15001 1
590.25001 1
590.35001 1
590.45001 1
590.55001 1
590.65001 1
590.75001 1
590.85001 1
590.95001 1
591.05001 1
591.15001 1
591.25001 1
591.35001 1
591.45001 1
591.55001 1
591.65001 1
591.75001 1
591.85001 1
591.95001 1
592.05001 1
592.15001 1
592.25001 1
592.35001 1
592.45001 1
592.55001 1
592.65001 1
592.75001 1
592.85001 1
592.95001 1
593.05001 1
593.15001 1
593.25001 1
593.35001 1
593.45001 1
593.55001 1
593.65001 1
593.75001 1
593.85001 1
593.95001 1
594.05001 1
594.15001 1
594.25001 1
594.35001 1
594.45001 1
594.55001 1
594.65001 1
594.75001 1
594.85001 1
594.95001 1
595.05001 1
595.15001 1
595.25001 1
595.35001 1
595.45001 1
595.55001 1
595.65001 1
595.75001 1
595.85001 1
595.95001 1
596.05001 1
596.15001 1
596.25001 1
596.35001 1
596.45001 1
596.55001 1
596.65001 1
596.75001 1
596.85001 1
596.95001 1
597.05001 1
597.15001 1
597.25001 1
597.35001 1
597.45001 1
597.55001 1
597.65001 1
597.75001 1
597.85001 1
597.95001 1
598.05001 1
598.15001 1
598.25001 1
598.35001 1
598.45001 1
598.55001 1
598.65001 1
598.75001 1
598.85001 1
598.95001 1
599.05001 1
599.15001 1
599.25001 1
599.35001 1
599.45001 1
599.55001 1
599.65001 1
599.75001 1
599.85001 1
599.95001 1
600.05001 1
600.15001 1
600.25001 1
600.35001 1
600.45001 1
600.55001 1
600.65001 1
600.75001 1
600.85001 1
600.95001 1
601.05001 1
601.15001 1
601.25001 1
601.35001 1
601.45001 1
601.55001 1
601.65001 1
601.75001 1
601.85001 1
601.95001 1
602.05001 1
602.15001 1
602.25001 1
602.35001 1
602.45001 1
602.55001 1
602.65001 1
602.75001 1
602.85001 1
602.95001 1
603.05001 1
603.15001 1
603.25001 1
603.35001 1
603.45001 1
603.55001 1
603.65001 1
603.75001 1
603.85001 1
603.95001 1
604.05001 1
604.15001 1
604.25001 1
604.35001 1
604.45001 1
604.55001 1
604.65001 1
604.75001 1
604.85001 1
604.95001 1
605.05001 1
605.15001 1
605.25001 1
605.35001 1
605.45001 1
605.55001 1
605.65001 1
605.75001 1
605.85001 1
605.95001 1
606.05001 1
606.15001 1
606.25001 1
606.35001 1
606.45001 1
606.55001 1
606.65001 1
606.75001 1
606.85001 1
606.95001 1
607.05001 1
607.15001 1
607.25001 1
607.35001 1
607.45001 1
607.55001 1
607.65001 1
607.75001 1
607.85001 1
607.95001 1
608.05001 1
608.15001 1
608.25001 1
608.35001 1
608.45001 1
608.55001 1
608.65001 1
608.75001 1
608.85001 1
608.95001 1
609.05001 1
609.15001 1
609.25001 1
609.35001 1
609.45001 1
609.55001 1
609.65001 1
609.75001 1
609.85001 1
609.95001 1
610.05001 1
610.15001 1
610.25001 1
610.35001 1
610.45001 1
610.55001 1
610.65001 1
610.75001 1
610.85001 1
610.95001 1
611.05001 1
611.15001 1
611.25001 1
611.35001 1
611.45001 1
611.55001 1
611.65001 1
611.75001 1
611.85001 1
611.95001 1
612.05001 1
612.15001 1
612.25001 1
612.35001 1
612.45001 1
612.55001 1
612.65001 1
612.75001 1
612.85001 1
612.95001 1
613.05001 1
613.15001 1
613.25001 1
613.35001 1
613.45001 1
613.55001 1
613.65001 1
613.75001 1
613.85001 1
613.95001 1
614.05001 1
614.15001 1
614.25001 1
614.35001 1
614.45001 1
614.55001 1
614.65001 1
614.75001 1
614.85001 1
614.95001 1
615.05001 1
615.15001 1
615.25001 1
615.35001 1
615.45001 1
615.55001 1
615.65001 1
615.75001 1
615.85001 1
615.95001 1
616.05001 1
616.15001 1
616.25001 1
616.35001 1
616.45001 1
616.55001 1
616.65001 1
616.75001 1
616.85001 1
616.95001 1
617.05001 1
617.15001 1
617.25001 1
617.35001 1
617.45001 1
617.55001 1
617.65001 1
617.75001 1
617.85001 1
617.95001 1
618.05001 1
618.15001 1
618.25001 1
618.35001 1
618.45001 1
618.55001 1
618.65001 1
618.75001 1
618.85001 1
618.95001 1
619.05001 1
619.15001 1
619.25001 1
619.35001 1
619.45001 1
619.55001 1
619.65001 1
619.75001 1
619.85001 1
619.95001 1
620.05001 1
620.15001 1
620.25001 1
620.35001 1
620.45001 1
620.55001 1
620.65001 1
620.75001 1
620.85001 1
620.95001 1
621.05001 1
621.15001 1
621.25001 1
621.35001 1
621.45001 1
621.55001 1
621.65001 1
621.75001 1
621.85001 1
621.95001 1
622.05001 1
622.15001 1
622.25001 1
622.35001 1
622.45001 1
622.55001 1
622.65001 1
622.75001 1
622.85001 1
622.95001 1
623.05001 1
623.15001 1
623.25001 1
623.35001 1
623.45001 1
623.55001 1
623.65001 1
623.75001 1
623.85001 1
623.95001 1
624.05001 1
624.15001 1
624.25001 1
624.35001 1
624.45001 1
624.55001 1
624.65001 1
624.75001 1
624.85001 1
624.95001 1
625.05001 1
625.15001 1
625.25001 1
625.35001 1
625.45001 1
625.55001 1
625.65001 1
625.75001 1
625.85001 1
625.95001 1
626.05001 1
626.15001 1
626.25001 1
626.35001 1
626.45001 1
626.55001 1
626.65001 1
626.75001 1
626.85001 1
626.95001 1
627.05001 1
627.15001 1
627.25001 1
627.35001 1
627.45001 1
627.55001 1
627.65001 1
627.75001 1
627.85001 1
627.95001 1
628.05001 1
628.15001 1
628.25001 1
628.35001 1
628.45001 1
628.55001 1
628.65001 1
628.75001 1
628.85001 1
628.95001 1
629.05001 1
629.15001 1
629.25001 1
629.35001 1
629.45001 1
629.55001 1
629.65001 1
629.75001 1
629.85001 1
629.95001 1
630.05001 1
630.15001 1
630.25001 1
630.35001 1
630.45001 1
630.55001 1
630.65001 1
630.75001 1
630.85001 1
630.95001 1
631.05001 1
631.15001 1
631.25001 1
631.35001 1
631.45001 1
631.55001 1
631.65001 1
631.75001 1
631.85001 1
631.95001 1
632.05001 1
632.15001 1
632.25001 1
632.35001 1
632.45001 1
632.55001 1
632.65001 1
632.75001 1
632.85001 1
632.95001 1
633.05001 1
633.15001 1
633.25001 1
633.35001 1
633.45001 1
633.55001 1
633.65001 1
633.75001 1
633.85001 1
633.95001 1
634.05001 1
634.15001 1
634.25001 1
634.35001 1
634.45001 1
634.55001 1
634.65001 1
634.75001 1
634.85001 1
634.95001 1
635.05001 1
635.15001 1
635.25001 1
635.35001 1
635.45001 1
635.55001 1
635.65001 1
635.75001 1
635.85001 1
635.95001 1
636.05001 1
636.15001 1
636.25001 1
636.35001 1
636.45001 1
636.55001 1
636.65001 1
636.75001 1
636.85001 1
636.95001 1
637.05001 1
637.15001 1
637.25001 1
637.35001 1
637.45001 1
637.55001 1
637.65001 1
637.75001 1
637.85001 1
637.95001 1
638.05001 1
638.15001 1
638.25001 1
638.35001 1
638.45001 1
638.55001 1
638.65001 1
638.75001 1
638.85001 1
638.95001 1
639.05001 1
639.15001 1
639.25001 1
639.35001 1
639.45001 1
639.55001 1
639.65001 1
639.75001 1
639.85001 1
639.95001 1
640.05001 1
640.15001 1
640.25001 1
640.35001 1
640.45001 1
640.55001 1
640.65001 1
640.75001 1
640.85001 1
640.95001 1
641.05001 1
641.15001 1
641.25001 1
641.35001 1
641.45001 1
641.55001 1
641.65001 1
641.75001 1
641.85001 1
641.95001 1
642.05001 1
642.15001 1
642.25001 1
642.35001 1
642.45001 1
642.55001 1
642.65001 1
642.75001 1
642.85001 1
642.95001 1
643.05001 1
643.15001 1
643.25001 1
643.35001 1
643.45001 1
643.55001 1
643.65001 1
643.75001 1
643.85001 1
643.95001 1
644.05001 1
644.15001 1
644.25001 1
644.35001 1
644.45001 1
644.55001 1
644.65001 1
644.75001 1
644.85001 1
644.95001 1
645.05001 1
645.15001 1
645.25001 1
645.35001 1
645.45001 1
645.55001 1
645.65001 1
645.75001 1
645.85001 1
645.95001 1
646.05001 1
646.15001 1
646.25001 1
646.35001 1
646.45001 1
646.55001 1
646.65001 1
646.75001 1
646.85001 1
646.95001 1
647.05001 1
647.15001 1
647.25001 1
647.35001 1
647.45001 1
647.55001 1
647.65001 1
647.75001 1
647.85001 1
647.95001 1
648.05001 1
648.15001 1
648.25001 1
648.35001 1
648.45001 1
648.55001 1
648.65001 1
648.75001 1
648.85001 1
648.95001 1
649.05001 1
649.15001 1
649.25001 1
649.35001 1
649.45001 1
649.55001 1
649.65001 1
649.75001 1
649.85001 1
649.95001 1
650.05001 1
650.15001 1
650.25001 1
650.35001 1
650.45001 1
650.55001 1
650.65001 1
650.75001 1
650.85001 1
650.95001 1
651.05001 1
651.15001 1
651.25001 1
651.35001 1
651.45001 1
651.55001 1
651.65001 1
651.75001 1
651.85001 1
651.95001 1
652.05001 1
652.15001 1
652.25001 1
652.35001 1
652.45001 1
652.55001 1
652.65001 1
652.75001 1
652.85001 1
652.95001 1
653.05001 1
653.15001 1
653.25001 1
653.35001 1
653.45001 1
653.55001 1
653.65001 1
653.75001 1
653.85001 1
653.95001 1
654.05001 1
654.15001 1
654.25001 1
654.35001 1
654.45001 1
654.55001 1
654.65001 1
654.75001 1
654.85001 1
654.95001 1
655.05001 1
655.15001 1
655.25001 1
655.35001 1
655.45001 1
655.55001 1
655.65001 1
655.75001 1
655.85001 1
655.95001 1
656.05001 1
656.15001 1
656.25001 1
656.35001 1
656.45001 1
656.55001 1
656.65001 1
656.75001 1
656.85001 1
656.95001 1
657.05001 1
657.15001 1
657.25001 1
657.35001 1
657.45001 1
657.55001 1
657.65001 1
657.75001 1
657.85001 1
657.95001 1
658.05001 1
658.15001 1
658.25001 1
658.35001 1
658.45001 1
658.55001 1
658.65001 1
658.75001 1
658.85001 1
658.95001 1
659.05001 1
659.15001 1
659.25001 1
659.35001 1
659.45001 1
659.55001 1
659.65001 1
659.75001 1
659.85001 1
659.95001 1
660.05001 1
660.15001 1
660.25001 1
660.35001 1
660.45001 1
660.55001 1
660.65001 1
660.75001 1
660.85001 1
660.95001 1
661.05001 1
661.15001 1
661.25001 1
661.35001 1
661.45001 1
661.55001 1
661.65001 1
661.75001 1
661.85001 1
661.95001 1
662.05001 1
662.15001 1
662.25001 1
662.35001 1
662.45001 1
662.55001 1
662.65001 1
662.75001 1
662.85001 1
662.95001 1
663.05001 1
663.15001 1
663.25001 1
663.35001 1
663.45001 1
663.55001 1
663.65001 1
663.75001 1
663.85001 1
663.95001 1
664.05001 1
664.15001 1
664.25001 1
664.35001 1
664.45001 1
664.55001 1
664.65001 1
664.75001 1
664.85001 1
664.95001 1
665.05001 1
665.15001 1
665.25001 1
665.35001 1
665.45001 1
665.55001 1
665.65001 1
665.75001 1
665.85001 1
665.95001 1
666.05001 1
666.15001 1
666.25001 1
666.35001 1
666.45001 1
666.55001 1
666.65001 1
666.75001 1
666.85001 1
666.95001 1
667.05001 1
667.15001 1
667.25001 1
667.35001 1
667.45001 1
667.55001 1
667.65001 1
667.75001 1
667.85001 1
667.95001 1
668.05001 1
668.15001 1
668.25001 1
668.35001 1
668.45001 1
668.55001 1
668.65001 1
668.75001 1
668.85001 1
668.95001 1
669.05001 1
669.15001 1
669.25001 1
669.35001 1
669.45001 1
669.55001 1
669.65001 1
669.75001 1
669.85001 1
669.95001 1
670.05001 1
670.15001 1
670.25001 1
670.35001 1
670.45001 1
670.55001 1
670.65001 1
670.75001 1
670.85001 1
670.95001 1
671.05001 1
671.15001 1
671.25001 1
671.35001 1
671.45001 1
671.55001 1
671.65001 1
671.75001 1
671.85001 1
671.95001 1
672.05001 1
672.15001 1
672.25001 1
672.35001 1
672.45001 1
672.55001 1
672.65001 1
672.75001 1
672.85001 1
672.95001 1
673.05001 1
673.15001 1
673.25001 1
673.35001 1
673.45001 1
673.55001 1
673.65001 1
673.75001 1
673.85001 1
673.95001 1
674.05001 1
674.15001 1
674.25001 1
674.35001 1
674.45001 1
674.55001 1
674.65001 1
674.75001 1
674.85001 1
674.95001 1
675.05001 1
675.15001 1
675.25001 1
675.35001 1
675.45001 1
675.55001 1
675.65001 1
675.75001 1
675.85001 1
675.95001 1
676.05001 1
676.15001 1
676.25001 1
676.35001 1
676.45001 1
676.55001 1
676.65001 1
676.75001 1
676.85001 1
676.95001 1
677.05001 1
677.15001 1
677.25001 1
677.35001 1
677.45001 1
677.55001 1
677.65001 1
677.75001 1
677.85001 1
677.95001 1
678.05001 1
678.15001 1
678.25001 1
678.35001 1
678.45001 1
678.55001 1
678.65001 1
678.75001 1
678.85001 1
678.95001 1
679.05001 1
679.15001 1
679.25001 1
679.35001 1
679.45001 1
679.55001 1
679.65001 1
679.75001 1
679.85001 1
679.95001 1
680.05001 1
680.15001 1
680.25001 1
680.35001 1
680.45001 1
680.55001 1
680.65001 1
680.75001 1
680.85001 1
680.95001 1
681.05001 1
681.15001 1
681.25001 1
681.35001 1
681.45001 1
681.55001 1
681.65001 1
681.75001 1
681.85001 1
681.95001 1
682.05001 1
682.15001 1
682.25001 1
682.35001 1
682.45001 1
682.55001 1
682.65001 1
682.75001 1
682.85001 1
682.95001 1
683.05001 1
683.15001 1
683.25001 1
683.35001 1
683.45001 1
683.55001 1
683.65001 1
683.75001 1
683.85001 1
683.95001 1
684.05001 1
684.15001 1
684.25001 1
684.35001 1
684.45001 1
684.55001 1
684.65001 1
684.75001 1
684.85001 1
684.95001 1
685.05001 1
685.15001 1
685.25001 1
685.35001 1
685.45001 1
685.55001 1
685.65001 1
685.75001 1
685.85001 1
685.95001 1
686.05001 1
686.15001 1
686.25001 1
686.35001 1
686.45001 1
686.55001 1
686.65001 1
686.75001 1
686.85001 1
686.95001 1
687.05001 1
687.15001 1
687.25001 1
687.35001 1
687.45001 1
687.55001 1
687.65001 1
687.75001 1
687.85001 1
687.95001 1
688.05001 1
688.15001 1
688.25001 1
688.35001 1
688.45001 1
688.55001 1
688.65001 1
688.75001 1
688.85001 1
688.95001 1
689.05001 1
689.15001 1
689.25001 1
689.35001 1
689.45001 1
689.55001 1
689.65001 1
689.75001 1
689.85001 1
689.95001 1
690.05001 1
690.15001 1
690.25001 1
690.35001 1
690.45001 1
690.55001 1
690.65001 1
690.75001 1
690.85001 1
690.95001 1
691.05001 1
691.15001 1
691.25001 1
691.35001 1
691.45001 1
691.55001 1
691.65001 1
691.75001 1
691.85001 1
691.95001 1
692.05001 1
692.15001 1
692.25001 1
692.35001 1
692.45001 1
692.55001 1
692.65001 1
692.75001 1
692.85001 1
692.95001 1
693.05001 1
693.15001 1
693.25001 1
693.35001 1
693.45001 1
693.55001 1
693.65001 1
693.75001 1
693.85001 1
693.95001 1
694.05001 1
694.15001 1
694.25001 1
694.35001 1
694.45001 1
694.55001 1
694.65001 1
694.75001 1
694.85001 1
694.95001 1
695.05001 1
695.15001 1
695.25001 1
695.35001 1
695.45001 1
695.55001 1
695.65001 1
695.75001 1
695.85001 1
695.95001 1
696.05001 1
696.15001 1
696.25001 1
696.35001 1
696.45001 1
696.55001 1
696.65001 1
696.75001 1
696.85001 1
696.95001 1
697.05001 1
697.15001 1
697.25001 1
697.35001 1
697.45001 1
697.55001 1
697.65001 1
697.75001 1
697.85001 1
697.95001 1
698.05001 1
698.15001 1
698.25001 1
698.35001 1
698.45001 1
698.55001 1
698.65001 1
698.75001 1
698.85001 1
698.95001 1
699.05001 1
699.15001 1
699.25001 1
699.35001 1
699.45001 1
699.55001 1
699.65001 1
699.75001 1
699.85001 1
699.95001 1
700.05001 1
700.15001 1
700.25001 1
700.35001 1
700.45001 1
700.55001 1
700.65001 1
700.75001 1
700.85001 1
700.95001 1
701.05001 1
701.15001 1
701.25001 1
701.35001 1
701.45001 1
701.55001 1
701.65001 1
701.75001 1
701.85001 1
701.95001 1
702.05001 1
702.15001 1
702.25001 1
702.35001 1
702.45001 1
702.55001 1
702.65001 1
702.75001 1
702.85001 1
702.95001 1
703.05001 1
703.15001 1
703.25001 1
703.35001 1
703.45001 1
703.55001 1
703.65001 1
703.75001 1
703.85001 1
703.95001 1
704.05001 1
704.15001 1
704.25001 1
704.35001 1
704.45001 1
704.55001 1
704.65001 1
704.75001 1
704.85001 1
704.95001 1
705.05001 1
705.15001 1
705.25001 1
705.35001 1
705.45001 1
705.55001 1
705.65001 1
705.75001 1
705.85001 1
705.95001 1
706.05001 1
706.15001 1
706.25001 1
706.35001 1
706.45001 1
706.55001 1
706.65001 1
706.75001 1
706.85001 1
706.95001 1
707.05001 1
707.15001 1
707.25001 1
707.35001 1
707.45001 1
707.55001 1
707.65001 1
707.75001 1
707.85001 1
707.95001 1
708.05001 1
708.15001 1
708.25001 1
708.35001 1
708.45001 1
708.55001 1
708.65001 1
708.75001 1
708.85001 1
708.95001 1
709.05001 1
709.15001 1
709.25001 1
709.35001 1
709.45001 1
709.55001 1
709.65001 1
709.75001 1
709.85001 1
709.95001 1
710.05001 1
710.15001 1
710.25001 1
710.35001 1
710.45001 1
710.55001 1
710.65001 1
710.75001 1
710.85001 1
710.95001 1
711.05001 1
711.15001 1
711.25001 1
711.35001 1
711.45001 1
711.55001 1
711.65001 1
711.75001 1
711.85001 1
711.95001 1
712.05001 1
712.15001 1
712.25001 1
712.35001 1
712.45001 1
712.55001 1
712.65001 1
712.75001 1
712.85001 1
712.95001 1
713.05001 1
713.15001 1
713.25001 1
713.35001 1
713.45001 1
713.55001 1
713.65001 1
713.75001 1
713.85001 1
713.95001 1
714.05001 1
714.15001 1
714.25001 1
714.35001 1
714.45001 1
714.55001 1
714.65001 1
714.75001 1
714.85001 1
714.95001 1
715.05001 1
715.15001 1
715.25001 1
715.35001 1
715.45001 1
715.55001 1
715.65001 1
715.75001 1
715.85001 1
715.95001 1
716.05001 1
716.15001 1
716.25001 1
716.35001 1
716.45001 1
716.55001 1
716.65001 1
716.75001 1
716.85001 1
716.95001 1
717.05001 1
717.15001 1
717.25001 1
717.35001 1
717.45001 1
717.55001 1
717.65001 1
717.75001 1
717.85001 1
717.95001 1
718.05001 1
718.15001 1
718.25001 1
718.35001 1
718.45001 1
718.55001 1
718.65001 1
718.75001 1
718.85001 1
718.95001 1
719.05001 1
719.15001 1
719.25001 1
719.35001 1
719.45001 1
719.55001 1
719.65001 1
719.75001 1
719.85001 1
719.95001 1
720.05001 1
720.15001 1
720.25001 1
720.35001 1
720.45001 1
720.55001 1
720.65001 1
720.75001 1
720.85001 1
720.95001 1
721.05001 1
721.15001 1
721.25001 1
721.35001 1
721.45001 1
721.55001 1
721.65001 1
721.75001 1
721.85001 1
721.95001 1
722.05001 1
722.15001 1
722.25001 1
722.35001 1
722.45001 1
722.55001 1
722.65001 1
722.75001 1
722.85001 1
722.95001 1
723.05001 1
723.15001 1
723.25001 1
723.35001 1
723.45001 1
723.55001 1
723.65001 1
723.75001 1
723.85001 1
723.95001 1
724.05001 1
724.15001 1
724.25001 1
724.35001 1
724.45001 1
724.55001 1
724.65001 1
724.75001 1
724.85001 1
724.95001 1
725.05001 1
725.15001 1
725.25001 1
725.35001 1
725.45001 1
725.55001 1
725.65001 1
725.75001 1
725.85001 1
725.95001 1
726.05001 1
726.15001 1
726.25001 1
726.35001 1
726.45001 1
726.55001 1
726.65001 1
726.75001 1
726.85001 1
726.95001 1
727.05001 1
727.15001 1
727.25001 1
727.35001 1
727.45001 1
727.55001 1
727.65001 1
727.75001 1
727.85001 1
727.95001 1
728.05001 1
728.15001 1
728.25001 1
728.35001 1
728.45001 1
728.55001 1
728.65001 1
728.75001 1
728.85001 1
728.95001 1
729.05001 1
729.15001 1
729.25001 1
729.35001 1
729.45001 1
729.55001 1
729.65001 1
729.75001 1
729.85001 1
729.95001 1
730.05001 1
730.15001 1
730.25001 1
730.35001 1
730.45001 1
730.55001 1
730.65001 1
730.75001 1
730.85001 1
730.95001 1
731.05001 1
731.15001 1
731.25001 1
731.35001 1
731.45001 1
731.55001 1
731.65001 1
731.75001 1
731.85001 1
731.95001 1
732.05001 1
732.15001 1
732.25001 1
732.35001 1
732.45001 1
732.55001 1
732.65001 1
732.75001 1
732.85001 1
732.95001 1
733.05001 1
733.15001 1
733.25001 1
733.35001 1
733.45001 1
733.55001 1
733.65001 1
733.75001 1
733.85001 1
733.95001 1
734.05001 1
734.15001 1
734.25001 1
734.35001 1
734.45001 1
734.55001 1
734.65001 1
734.75001 1
734.85001 1
734.95001 1
735.05001 1
735.15001 1
735.25001 1
735.35001 1
735.45001 1
735.55001 1
735.65001 1
735.75001 1
735.85001 1
735.95001 1
736.05001 1
736.15001 1
736.25001 1
736.35001 1
736.45001 1
736.55001 1
736.65001 1
736.75001 1
736.85001 1
736.95001 1
737.05001 1
737.15001 1
737.25001 1
737.35001 1
737.45001 1
737.55001 1
737.65001 1
737.75001 1
737.85001 1
737.95001 1
738.05001 1
738.15001 1
738.25001 1
738.35001 1
738.45001 1
738.55001 1
738.65001 1
738.75001 1
738.85001 1
738.95001 1
739.05001 1
739.15001 1
739.25001 1
739.35001 1
739.45001 1
739.55001 1
739.65001 1
739.75001 1
739.85001 1
739.95001 1
740.05001 1
740.15001 1
740.25001 1
740.35001 1
740.45001 1
740.55001 1
740.65001 1
740.75001 1
740.85001 1
740.95001 1
741.05001 1
741.15001 1
741.25001 1
741.35001 1
741.45001 1
741.55001 1
741.65001 1
741.75001 1
741.85001 1
741.95001 1
742.05001 1
742.15001 1
742.25001 1
742.35001 1
742.45001 1
742.55001 1
742.65001 1
742.75001 1
742.85001 1
742.95001 1
743.05001 1
743.15001 1
743.25001 1
743.35001 1
743.45001 1
743.55001 1
743.65001 1
743.75001 1
743.85001 1
743.95001 1
744.05001 1
744.15001 1
744.25001 1
744.35001 1
744.45001 1
744.55001 1
744.65001 1
744.75001 1
744.85001 1
744.95001 1
745.05001 1
745.15001 1
745.25001 1
745.35001 1
745.45001 1
745.55001 1
745.65001 1
745.75001 1
745.85001 1
745.95001 1
746.05001 1
746.15001 1
746.25001 1
746.35001 1
746.45001 1
746.55001 1
746.65001 1
746.75001 1
746.85001 1
746.95001 1
747.05001 1
747.15001 1
747.25001 1
747.35001 1
747.45001 1
747.55001 1
747.65001 1
747.75001 1
747.85001 1
747.95001 1
748.05001 1
748.15001 1
748.25001 1
748.35001 1
748.45001 1
748.55001 1
748.65001 1
748.75001 1
748.85001 1
748.95001 1
749.05001 1
749.15001 1
749.25001 1
749.35001 1
749.45001 1
749.55001 1
749.65001 1
749.75001 1
749.85001 1
749.95001 1
750.05001 1
750.15001 1
750.25001 1
750.35001 1
750.45001 1
750.55001 1
750.65001 1
750.75001 1
750.85001 1
750.95001 1
751.05001 1
751.15001 1
751.25001 1
751.35001 1
751.45001 1
751.55001 1
751.65001 1
751.75001 1
751.85001 1
751.95001 1
752.05001 1
752.15001 1
752.25001 1
752.35001 1
752.45001 1
752.55001 1
752.65001 1
752.75001 1
752.85001 1
752.95001 1
753.05001 1
753.15001 1
753.25001 1
753.35001 1
753.45001 1
753.55001 1
753.65001 1
753.75001 1
753.85001 1
753.95001 1
754.05001 1
754.15001 1
754.25001 1
754.35001 1
754.45001 1
754.55001 1
754.65001 1
754.75001 1
754.85001 1
754.95001 1
755.05001 1
755.15001 1
755.25001 1
755.35001 1
755.45001 1
755.55001 1
755.65001 1
755.75001 1
755.85001 1
755.95001 1
756.05001 1
756.15001 1
756.25001 1
756.35001 1
756.45001 1
756.55001 1
756.65001 1
756.75001 1
756.85001 1
756.95001 1
757.05001 1
757.15001 1
757.25001 1
757.35001 1
757.45001 1
757.55001 1
757.65001 1
757.75001 1
757.85001 1
757.95001 1
758.05001 1
758.15001 1
758.25001 1
758.35001 1
758.45001 1
758.55001 1
758.65001 1
758.75001 1
758.85001 1
758.95001 1
759.05001 1
759.15001 1
759.25001 1
759.35001 1
759.45001 1
759.55001 1
759.65001 1
759.75001 1
759.85001 1
759.95001 1
760.05001 1
760.15001 1
760.25001 1
760.35001 1
760.45001 1
760.55001 1
760.65001 1
760.75001 1
760.85001 1
760.95001 1
761.05001 1
761.15001 1
761.25001 1
761.35001 1
761.45001 1
761.55001 1
761.65001 1
761.75001 1
761.85001 1
761.95001 1
762.05001 1
762.15001 1
762.25001 1
762.35001 1
762.45001 1
762.55001 1
762.65001 1
762.75001 1
762.85001 1
762.95001 1
763.05001 1
763.15001 1
763.25001 1
763.35001 1
763.45001 1
763.55001 1
763.65001 1
763.75001 1
763.85001 1
763.95001 1
764.05001 1
764.15001 1
764.25001 1
764.35001 1
764.45001 1
764.55001 1
764.65001 1
764.75001 1
764.85001 1
764.95001 1
765.05001 1
765.15001 1
765.25001 1
765.35001 1
765.45001 1
765.55001 1
765.65001 1
765.75001 1
765.85001 1
765.95001 1
766.05001 1
766.15001 1
766.25001 1
766.35001 1
766.45001 1
766.55001 1
766.65001 1
766.75001 1
766.85001 1
766.95001 1
767.05001 1
767.15001 1
767.25001 1
767.35001 1
767.45001 1
767.55001 1
767.65001 1
767.75001 1
767.85001 1
767.95001 1
768.05001 1
768.15001 1
768.25001 1
768.35001 1
768.45001 1
768.55001 1
768.65001 1
768.75001 1
768.85001 1
768.95001 1
769.05001 1
769.15001 1
769.25001 1
769.35001 1
769.45001 1
769.55001 1
769.65001 1
769.75001 1
769.85001 1
769.95001 1
770.05001 1
770.15001 1
770.25001 1
770.35001 1
770.45001 1
770.55001 1
770.65001 1
770.75001 1
770.85001 1
770.95001 1
771.05001 1
771.15001 1
771.25001 1
771.35001 1
771.45001 1
771.55001 1
771.65001 1
771.75001 1
771.85001 1
771.95001 1
772.05001 1
772.15001 1
772.25001 1
772.35001 1
772.45001 1
772.55001 1
772.65001 1
772.75001 1
772.85001 1
772.95001 1
773.05001 1
773.15001 1
773.25001 1
773.35001 1
773.45001 1
773.55001 1
773.65001 1
773.75001 1
773.85001 1
773.95001 1
774.05001 1
774.15001 1
774.25001 1
774.35001 1
774.45001 1
774.55001 1
774.65001 1
774.75001 1
774.85001 1
774.95001 1
775.05001 1
775.15001 1
775.25001 1
775.35001 1
775.45001 1
775.55001 1
775.65001 1
775.75001 1
775.85001 1
775.95001 1
776.05001 1
776.15001 1
776.25001 1
776.35001 1
776.45001 1
776.55001 1
776.65001 1
776.75001 1
776.85001 1
776.95001 1
777.05001 1
777.15001 1
777.25001 1
777.35001 1
777.45001 1
777.55001 1
777.65001 1
777.75001 1
777.85001 1
777.95001 1
778.05001 1
778.15001 1
778.25001 1
778.35001 1
778.45001 1
778.55001 1
778.65001 1
778.75001 1
778.85001 1
778.95001 1
779.05001 1
779.15001 1
779.25001 1
779.35001 1
779.45001 1
779.55001 1
779.65001 1
779.75001 1
779.85001 1
779.95001 1
780.05001 1
780.15001 1
780.25001 1
780.35001 1
780.45001 1
780.55001 1
780.65001 1
780.75001 1
780.85001 1
780.95001 1
781.05001 1
781.15001 1
781.25001 1
781.35001 1
781.45001 1
781.55001 1
781.65001 1
781.75001 1
781.85001 1
781.95001 1
782.05001 1
782.15001 1
782.25001 1
782.35001 1
782.45001 1
782.55001 1
782.65001 1
782.75001 1
782.85001 1
782.95001 1
783.05001 1
783.15001 1
783.25001 1
783.35001 1
783.45001 1
783.55001 1
783.65001 1
783.75001 1
783.85001 1
783.95001 1
784.05001 1
784.15001 1
784.25001 1
784.35001 1
784.45001 1
784.55001 1
784.65001 1
784.75001 1
784.85001 1
784.95001 1
785.05001 1
785.15001 1
785.25001 1
785.35001 1
785.45001 1
785.55001 1
785.65001 1
785.75001 1
785.85001 1
785.95001 1
786.05001 1
786.15001 1
786.25001 1
786.35001 1
786.45001 1
786.55001 1
786.65001 1
786.75001 1
786.85001 1
786.95001 1
787.05001 1
787.15001 1
787.25001 1
787.35001 1
787.45001 1
787.55001 1
787.65001 1
787.75001 1
787.85001 1
787.95001 1
788.05001 1
788.15001 1
788.25001 1
788.35001 1
788.45001 1
788.55001 1
788.65001 1
788.75001 1
788.85001 1
788.95001 1
789.05001 1
789.15001 1
789.25001 1
789.35001 1
789.45001 1
789.55001 1
789.65001 1
789.75001 1
789.85001 1
789.95001 1
790.05001 1
790.15001 1
790.25001 1
790.35001 1
790.45001 1
790.55001 1
790.65001 1
790.75001 1
790.85001 1
790.95001 1
791.05001 1
791.15001 1
791.25001 1
791.35001 1
791.45001 1
791.55001 1
791.65001 1
791.75001 1
791.85001 1
791.95001 1
792.05001 1
792.15001 1
792.25001 1
792.35001 1
792.45001 1
792.55001 1
792.65001 1
792.75001 1
792.85001 1
792.95001 1
793.05001 1
793.15001 1
793.25001 1
793.35001 1
793.45001 1
793.55001 1
793.65001 1
793.75001 1
793.85001 1
793.95001 1
794.05001 1
794.15001 1
794.25001 1
794.35001 1
794.45001 1
794.55001 1
794.65001 1
794.75001 1
794.85001 1
794.95001 1
795.05001 1
795.15001 1
795.25001 1
795.35001 1
795.45001 1
795.55001 1
795.65001 1
795.75001 1
795.85001 1
795.95001 1
796.05001 1
796.15001 1
796.25001 1
796.35001 1
796.45001 1
796.55001 1
796.65001 1
796.75001 1
796.85001 1
796.95001 1
797.05001 1
797.15001 1
797.25001 1
797.35001 1
797.45001 1
797.55001 1
797.65001 1
797.75001 1
797.85001 1
797.95001 1
798.05001 1
798.15001 1
798.25001 1
798.35001 1
798.45001 1
798.55001 1
798.65001 1
798.75001 1
798.85001 1
798.95001 1
799.05001 1
799.15001 1
799.25001 1
799.35001 1
799.45001 1
799.55001 1
799.65001 1
799.75001 1
799.85001 1
799.95001 1
800.05001 1

