0.15 2
0.25 2
0.35000001 2
0.45000001 2
0.55000001 2
0.65000001 2
0.75000001 2
0.85000001 2
0.95000001 2
1.05 2
1.15 2
1.25 2
1.35 2
1.45 2
1.55 2
1.65 2
1.75 2
1.85 2
1.95 2
2.05 2
2.15 2
2.25 2
2.35 2.0184811
2.45 2.0708444
2.55 2.2550397
2.65 3.1689319
2.75 4.8180311
2.85 4.8919679
2.95 4.0080711
3.05 3.1193408
3.15 2.8638441
3.25 2.3852162
3.35 2.0128808
3.4500001 1.8812315
3.5500001 1.6963813
3.6500001 1.8406002
3.7500001 1.8851173
3.8500001 1.8937335
3.9500001 1.9673026
4.0500001 1.9415534
4.1500001 1.8859579
4.2500001 1.7267432
4.3500001 1.4414829
4.4500001 1.2947766
4.5500001 0.93733464
4.6500001 1.122146
4.7500001 1.5025822
4.8500001 1.7431892
4.9500001 1.926264
5.0500001 1.9149868
5.1500001 1.9749961
5.2500001 1.9141693
5.3500001 1.931829
5.4500001 1.9488346
5.5500001 2.0772848
5.6500001 2.1745807
5.7500001 2.3504931
5.8500001 2.5020178
5.9500001 2.4610887
6.0500001 2.3294263
6.1500001 2.2160172
6.2500001 2.1131224
6.3500001 2.0033735
6.4500001 2.1228707
6.5500001 2.2681186
6.6500001 2.293038
6.7500001 2.1110247
6.8500001 2.0468823
6.9500001 1.9661179
7.0500001 1.9332039
7.1500001 1.8892433
7.2500001 1.8789742
7.3500001 1.9417718
7.4500001 1.9913838
7.5500001 1.9093192
7.6500001 1.7567056
7.7500001 1.870272
7.8500001 1.74932
7.9500001 1.7094485
8.0500001 1.8565402
8.1500001 1.9842568
8.2500001 1.9274277
8.3500001 1.9769542
8.4500001 2.0177111
8.5500001 2.0025004
8.6500001 1.9085614
8.7500001 1.9926713
8.8500001 2.048303
8.9500001 2.1456687
9.0500001 2.1771109
9.1500001 2.1891778
9.2500001 2.1409187
9.3500001 2.0365648
9.4500001 1.9796511
9.5500001 2.0268463
9.6500001 2.0022139
9.7500001 2.0788783
9.8500001 2.0759047
9.9500001 2.0364956
10.05 2.0446319
10.15 2.0483986
10.25 1.91457
10.35 1.9690486
10.45 1.9448231
10.55 1.951421
10.65 2.0240603
10.75 2.0178766
10.85 1.940963
10.95 1.861561
11.05 1.9130547
11.15 1.9444733
11.25 1.9829214
11.35 2.0188082
11.45 1.9161054
11.55 1.9981519
11.65 2.0018322
11.75 2.0472296
11.85 2.0072045
11.95 1.9624942
12.05 2.0265666
12.15 2.0158082
12.25 2.0766513
12.35 2.0120954
12.45 2.071987
12.55 1.9880981
12.65 2.0421693
12.75 2.0384902
12.85 2.0265666
12.95 1.9736393
13.05 2.0179836
13.15 2.0210911
13.25 2.0241515
13.35 2.00799
13.45 2.0047582
13.55 1.926007
13.65 1.9640569
13.75 1.9751786
13.85 2.0138609
13.95 2.0168192
14.05 1.9726743
14.15 2.0075366
14.25 1.9760526
14.35 1.9658164
14.45 1.9321075
14.55 2.0029315
14.65 2.0029114
14.75 1.9522885
14.85 2.0272847
14.95 2.0228223
15.05 2.0042507
15.15 2.0520776
15.25 1.9272913
15.35 2.0208366
15.45 2.0565835
15.55 2.0767861
15.65 2.0299726
15.75 2.0067686
15.85 1.9973097
15.95 2.0013367
16.05 2.0066417
16.15 2.0422426
16.25 2.0275506
16.35 1.9791379
16.45 2.0311024
16.55 1.983255
16.65 1.9321431
16.75 1.9440033
16.85 1.967108
16.95 2.006288
17.05 1.9562432
17.15 1.9552562
17.25 2.0049426
17.35 1.9963145
17.45 2.0439724
17.55 2.0145737
17.65 1.943244
17.75 2.004803
17.85 2.00597
17.95 2.0522428
18.05 2
18.15 1.9635993
18.25 1.9918257
18.35 2.0278732
18.45 2.0785448
18.55 2.0126371
18.65 2.0479913
18.75 1.9806788
18.85 2.0079135
18.95 1.9685136
19.05 2.0313207
19.15 2.0367204
19.25 1.9690056
19.35 2.0198217
19.45 2.0043821
19.55 1.9651228
19.65 2.0162653
19.75 1.9126133
19.85 1.983899
19.95 1.9583478
20.05 1.9373027
20.15 2.0274918
20.25 1.9989479
20.35 2.0115166
20.45 1.9656197
20.55 1.9771916
20.65 2.0226977
20.75 1.9897327
20.85 1.9846731
20.95 2.0518621
21.05 2.048579
21.15 2.0130945
21.25 2.0100251
21.35 2.0179605
21.45 2.0089383
21.55 2.0454722
21.65 2.0452617
21.75 2.0186089
21.85 1.9785517
21.95 2.0446416
22.05 2.0086945
22.15 1.9990383
22.25 1.9406439
22.35 1.9647367
22.45 2.0009488
22.55 1.9499367
22.65 1.936052
22.75 1.9681669
22.85 2.0307614
22.95 2.0176337
23.05 2.0018481
23.15 1.9613576
23.25 1.979846
23.35 2.045608
23.45 2.0136239
23.55 2.0198967
23.65 1.9846904
23.75 1.9551618
23.85 2.009823
23.95 2.0062248
24.05 2.0115122
24.15 2.0405665
24.25 2.0360077
24.35 2.0262387
24.45 2.0383256
24.55 1.9705056
24.65 1.9723534
24.75 2.0068837
24.85 2.0248527
24.95 2
25.05 2.0034005
25.15 1.993226
25.25 1.9527704
25.35 2.0126008
25.45 1.9665302
25.55 2
25.65 1.9883771
25.75 2.0115777
25.85 1.9719918
25.95 1.9359939
26.05 2.0220707
26.15 1.9568419
26.25 2.0137903
26.35 1.9894946
26.45 1.9959748
26.55 2.0048121
26.65 2.0535328
26.75 2.0390042
26.85 1.9635204
26.95 2.0173819
27.05 2.0700572
27.15 1.96314
27.25 1.9859353
27.35 2.0350329
27.45 2.0651561
27.55 2.0007728
27.65 1.9922995
27.75 1.9938619
27.85 2.0214062
27.95 1.9855264
28.05 2.0106267
28.15 1.997731
28.25 1.9510119
28.35 2.029289
28.45 2.0276892
28.55 2.0052201
28.65 1.9888532
28.75 1.9814867
28.85 1.9948343
28.95 1.9882335
29.05 1.9706851
29.15 1.9992696
29.25 1.9490503
29.35 1.9949224
29.45 1.9609633
29.55 1.9884728
29.65 2.0488252
29.75 1.9906972
29.85 1.989302
29.95 1.969435
30.05 1.9702454
30.15 2.0105913
30.25 1.997185
30.35 2.0189386
30.45 2.0041947
30.55 2.0439003
30.65 2.0152802
30.75 2.0173073
30.85 2.0434727
30.95 1.9924341
31.05 2.0089127
31.15 2.017768
31.25 2.0115803
31.35 2.0217286
31.45 2.0128603
31.55 2.0087712
31.65 1.9932743
31.75 2.0053636
31.85 1.9645778
31.95 2.0113262
32.05 1.9900375
32.15 1.9649089
32.25 1.9630377
32.35 1.992762
32.45 2.0118074
32.55 1.9843053
32.65 1.9621874
32.75 1.9850512
32.85 1.9980561
32.95 2.004522
33.05 2.0096606
33.15 2.0199049
33.25 1.9756739
33.35 1.9961706
33.45 2.0089086
33.55 2.0057098
33.650001 2.0107532
33.750001 2.0271185
33.850001 2.006288
33.950001 2.0238238
34.050001 1.9674949
34.150001 2.0218142
34.250001 1.9720351
34.350001 2.0328404
34.450001 1.9777582
34.550001 1.9987679
34.650001 1.9914004
34.750001 2.022662
34.850001 1.9688529
34.950001 2.0097436
35.050001 2.0242895
35.150001 2.0157432
35.250001 2.0048303
35.350001 1.9969896
35.450001 1.990394
35.550001 1.9922171
35.650001 1.9749259
35.750001 1.9952374
35.850001 2.0065303
35.950001 1.957967
36.050001 2.0165304
36.150001 2.0306142
36.250001 2.0311167
36.350001 2.0134663
36.450001 2.0280263
36.550001 1.9871898
36.650001 2.0087104
36.750001 1.9855223
36.850001 1.9717008
36.950001 1.9694736
37.050001 2.016658
37.150001 2.0114573
37.250001 2.0182824
37.350001 1.9652426
37.450001 1.9880663
37.550001 1.9920654
37.650001 1.9672156
37.750001 2.0078925
37.850001 2.021928
37.950001 2.0039254
38.050001 1.9463074
38.150001 1.9960952
38.250001 1.9983309
38.350001 2.0388442
38.450001 2.019925
38.550001 2.016561
38.650001 2
38.750001 2.0159263
38.850001 2.0038344
38.950001 2.0562748
39.050001 1.9918257
39.150001 1.991303
39.250001 1.9945782
39.350001 2.0146015
39.450001 1.9617009
39.550001 1.9930052
39.650001 2.0155643
39.750001 2.0005353
39.850001 2.00534
39.950001 1.9882814
40.050001 1.971308
40.150001 1.99894
40.250001 1.9978852
40.350001 1.9752133
40.450001 2.0089432
40.550001 1.995277
40.650001 1.973826
40.750001 1.9911227
40.850001 1.9703079
40.950001 1.9319271
41.050001 1.9243175
41.150001 1.9126081
41.250001 1.8777419
41.350001 1.871348
41.450001 1.8870597
41.550001 1.9011593
41.650001 1.8947553
41.750001 1.9164139
41.850001 1.9364435
41.950001 1.9421748
42.050001 1.9620477
42.150001 1.9722344
42.250001 1.9773365
42.350001 1.9899512
42.450001 1.9939849
42.550001 1.9924988
42.650001 1.995011
42.750001 1.9975113
42.850001 1.9990069
42.950001 2
43.050001 2
43.150001 2
43.250001 2
43.350001 2
43.450001 2
43.550001 2
43.650001 2
43.750001 2
43.850001 2
43.950001 2
44.050001 2
44.150001 2
44.250001 2
44.350001 2
44.450001 2
44.550001 2
44.650001 2
44.750001 2
44.850001 2
44.950001 2
45.050001 2
45.150001 2
45.250001 2
45.350001 2
45.450001 2
45.550001 2
45.650001 2
45.750001 2
45.850001 2
45.950001 2
46.050001 2
46.150001 2
46.250001 2
46.350001 2
46.450001 2
46.550001 2
46.650001 2
46.750001 2
46.850001 2
46.950001 2
47.050001 2
47.150001 2
47.250001 2
47.350001 2
47.450001 2
47.550001 2
47.650001 2
47.750001 2
47.850001 2
47.950001 2
48.050001 2
48.150001 2
48.250001 2
48.350001 2
48.450001 2
48.550001 2
48.650001 2
48.750001 2
48.850001 2
48.950001 2
49.050001 2
49.150001 2
49.250001 2
49.350001 2
49.450001 2
49.550001 2
49.650001 2
49.750001 2
49.850001 2
49.950001 2
50.050001 2
50.150001 2
50.250001 2
50.350001 2
50.450001 2
50.550001 2
50.650001 2
50.750001 2
50.850001 2
50.950001 2
51.050001 2
51.150001 2
51.250001 2
51.350001 2
51.450001 2
51.550001 2
51.650001 2
51.750001 2
51.850001 2
51.950001 2
52.050001 2
52.150001 2
52.250001 2
52.350001 2
52.450001 2
52.550001 2
52.650001 2
52.750001 2
52.850001 2
52.950001 2
53.050001 2
53.150001 2
53.250001 2
53.350001 2
53.450001 2
53.550001 2
53.650001 2
53.750001 2
53.850001 2
53.950001 2
54.050001 2
54.150001 2
54.250001 2
54.350001 2
54.450001 2
54.550001 2
54.650001 2
54.750001 2
54.850001 2
54.950001 2
55.050001 2
55.150001 2
55.250001 2
55.350001 2
55.450001 2
55.550001 2
55.650001 2
55.750001 2
55.850001 2
55.950001 2
56.050001 2
56.150001 2
56.250001 2
56.350001 2
56.450001 2
56.550001 2
56.650001 2
56.750001 2
56.850001 2
56.950001 2
57.050001 2
57.150001 2
57.250001 2
57.350001 2
57.450001 2
57.550001 2
57.650001 2
57.750001 2
57.850001 2
57.950001 2
58.050001 2
58.150001 2
58.250001 2
58.350001 2
58.450001 2
58.550001 2
58.650001 2
58.750001 2
58.850001 2
58.950001 2
59.050001 2
59.150001 2
59.250001 2
59.350001 2
59.450001 2
59.550001 2
59.650001 2
59.750001 2
59.850001 2
59.950001 2
60.050001 2
60.150001 2
60.250001 2
60.350001 2
60.450001 2
60.550001 2
60.650001 2
60.750001 2
60.850001 2
60.950001 2
61.050001 2
61.150001 2
61.250001 2
61.350001 2
61.450001 2
61.550001 2
61.650001 2
61.750001 2
61.850001 2
61.950001 2
62.050001 2
62.150001 2
62.250001 2
62.350001 2
62.450001 2
62.550001 2
62.650001 2
62.750001 2
62.850001 2
62.950001 2
63.050001 2
63.150001 2
63.250001 2
63.350001 2
63.450001 2
63.550001 2
63.650001 2
63.750001 2
63.850001 2
63.950001 2
64.050001 2
64.150001 2
64.250001 2
64.350001 2
64.450001 2
64.550001 2
64.650001 2
64.750001 2
64.850001 2
64.950001 2
65.050001 2
65.150001 2
65.250001 2
65.350001 2
65.450001 2
65.550001 2
65.650001 2
65.750001 2
65.850001 2
65.950001 2
66.050001 2
66.150001 2
66.250001 2
66.350001 2
66.450001 2
66.550001 2
66.650001 2
66.750001 2
66.850001 2
66.950001 2
67.050001 2
67.150001 2
67.250001 2
67.350001 2
67.450001 2
67.550001 2
67.650001 2
67.750001 2
67.850001 2
67.950001 2
68.050001 2
68.150001 2
68.250001 2
68.350001 2
68.450001 2
68.550001 2
68.650001 2
68.750001 2
68.850001 2
68.950001 2
69.050001 2
69.150001 2
69.250001 2
69.350001 2
69.450001 2
69.550001 2
69.650001 2
69.750001 2
69.850001 2
69.950001 2
70.050001 2
70.150001 2
70.250001 2
70.350001 2
70.450001 2
70.550001 2
70.650001 2
70.750001 2
70.850001 2
70.950001 2
71.050001 2
71.150001 2
71.250001 2
71.350001 2
71.450001 2
71.550001 2
71.650001 2
71.750001 2
71.850001 2
71.950001 2
72.050001 2
72.150001 2
72.250001 2
72.350001 2
72.450001 2
72.550001 2
72.650001 2
72.750001 2
72.850001 2
72.950001 2
73.050001 2
73.150001 2
73.250001 2
73.350001 2
73.450001 2
73.550001 2
73.650001 2
73.750001 2
73.850001 2
73.950001 2
74.050001 2
74.150001 2
74.250001 2
74.350001 2
74.450001 2
74.550001 2
74.650001 2
74.750001 2
74.850001 2
74.950001 2
75.050001 2
75.150001 2
75.250001 2
75.350001 2
75.450001 2
75.550001 2
75.650001 2
75.750001 2
75.850001 2
75.950001 2
76.050001 2
76.150001 2
76.250001 2
76.350001 2
76.450001 2
76.550001 2
76.650001 2
76.750001 2
76.850001 2
76.950001 2
77.050001 2
77.150001 2
77.250001 2
77.350001 2
77.450001 2
77.550001 2
77.650001 2
77.750001 2
77.850001 2
77.950001 2
78.050001 2
78.150001 2
78.250001 2
78.350001 2
78.450001 2
78.550001 2
78.650001 2
78.750001 2
78.850001 2
78.950001 2
79.050001 2
79.150001 2
79.250001 2
79.350001 2
79.450001 2
79.550001 2
79.650001 2
79.750001 2
79.850001 2
79.950001 2
80.050001 2
80.150001 2
80.250001 2
80.350001 2
80.450001 2
80.550001 2
80.650001 2
80.750001 2
80.850001 2
80.950001 2
81.050001 2
81.150001 2
81.250001 2
81.350001 2
81.450001 2
81.550001 2
81.650001 2
81.750001 2
81.850001 2
81.950001 2
82.050001 2
82.150001 2
82.250001 2
82.350001 2
82.450001 2
82.550001 2
82.650001 2
82.750001 2
82.850001 2
82.950001 2
83.050001 2
83.150001 2
83.250001 2
83.350001 2
83.450001 2
83.550001 2
83.650001 2
83.750001 2
83.850001 2
83.950001 2
84.050001 2
84.150001 2
84.250001 2
84.350001 2
84.450001 2
84.550001 2
84.650001 2
84.750001 2
84.850001 2
84.950001 2
85.050001 2
85.150001 2
85.250001 2
85.350001 2
85.450001 2
85.550001 2
85.650001 2
85.750001 2
85.850001 2
85.950001 2
86.050001 2
86.150001 2
86.250001 2
86.350001 2
86.450001 2
86.550001 2
86.650001 2
86.750001 2
86.850001 2
86.950001 2
87.050001 2
87.150001 2
87.250001 2
87.350001 2
87.450001 2
87.550001 2
87.650001 2
87.750001 2
87.850001 2
87.950001 2
88.050001 2
88.150001 2
88.250001 2
88.350001 2
88.450001 2
88.550001 2
88.650001 2
88.750001 2
88.850001 2
88.950001 2
89.050001 2
89.150001 2
89.250001 2
89.350001 2
89.450001 2
89.550001 2
89.650001 2
89.750001 2
89.850001 2
89.950001 2
90.050001 2
90.150001 2
90.250001 2
90.350001 2
90.450001 2
90.550001 2
90.650001 2
90.750001 2
90.850001 2
90.950001 2
91.050001 2
91.150001 2
91.250001 2
91.350001 2
91.450001 2
91.550001 2
91.650001 2
91.750001 2
91.850001 2
91.950001 2
92.050001 2
92.150001 2
92.250001 2
92.350001 2
92.450001 2
92.550001 2
92.650001 2
92.750001 2
92.850001 2
92.950001 2
93.050001 2
93.150001 2
93.250001 2
93.350001 2
93.450001 2
93.550001 2
93.650001 2
93.750001 2
93.850001 2
93.950001 2
94.050001 2
94.150001 2
94.250001 2
94.350001 2
94.450001 2
94.550001 2
94.650001 2
94.750001 2
94.850001 2
94.950001 2
95.050001 2
95.150001 2
95.250001 2
95.350001 2
95.450001 2
95.550001 2
95.650001 2
95.750001 2
95.850001 2
95.950001 2
96.050001 2
96.150001 2
96.250001 2
96.350001 2
96.450001 2
96.550001 2
96.650001 2
96.750001 2
96.850001 2
96.950001 2
97.050001 2
97.150001 2
97.250001 2
97.350001 2
97.450001 2
97.550001 2
97.650001 2
97.750001 2
97.850001 2
97.950001 2
98.050001 2
98.150001 2
98.250001 2
98.350001 2
98.450001 2
98.550001 2
98.650001 2
98.750001 2
98.850001 2
98.950001 2
99.050001 2
99.150001 2
99.250001 2
99.350001 2
99.450001 2
99.550001 2
99.650001 2
99.750001 2
99.850001 2
99.950001 2
100.05 2
100.15 2
100.25 2
100.35 2
100.45 2
100.55 2
100.65 2
100.75 2
100.85 2
100.95 2
101.05 2
101.15 2
101.25 2
101.35 2
101.45 2
101.55 2
101.65 2
101.75 2
101.85 2
101.95 2
102.05 2
102.15 2
102.25 2
102.35 2
102.45 2
102.55 2
102.65 2
102.75 2
102.85 2
102.95 2
103.05 2
103.15 2
103.25 2
103.35 2
103.45 2
103.55 2
103.65 2
103.75 2
103.85 2
103.95 2
104.05 2
104.15 2
104.25 2
104.35 2
104.45 2
104.55 2
104.65 2
104.75 2
104.85 2
104.95 2
105.05 2
105.15 2
105.25 2
105.35 2
105.45 2
105.55 2
105.65 2
105.75 2
105.85 2
105.95 2
106.05 2
106.15 2
106.25 2
106.35 2
106.45 2
106.55 2
106.65 2
106.75 2
106.85 2
106.95 2
107.05 2
107.15 2
107.25 2
107.35 2
107.45 2
107.55 2
107.65 2
107.75 2
107.85 2
107.95 2
108.05 2
108.15 2
108.25 2
108.35 2
108.45 2
108.55 2
108.65 2
108.75 2
108.85 2
108.95 2
109.05 2
109.15 2
109.25 2
109.35 2
109.45 2
109.55 2
109.65 2
109.75 2
109.85 2
109.95 2
110.05 2
110.15 2
110.25 2
110.35 2
110.45 2
110.55 2
110.65 2
110.75 2
110.85 2
110.95 2
111.05 2
111.15 2
111.25 2
111.35 2
111.45 2
111.55 2
111.65 2
111.75 2
111.85 2
111.95 2
112.05 2
112.15 2
112.25 2
112.35 2
112.45 2
112.55 2
112.65 2
112.75 2
112.85 2
112.95 2
113.05 2
113.15 2
113.25 2
113.35 2
113.45 2
113.55 2
113.65 2
113.75 2
113.85 2
113.95 2
114.05 2
114.15 2
114.25 2
114.35 2
114.45 2
114.55 2
114.65 2
114.75 2
114.85 2
114.95 2
115.05 2
115.15 2
115.25 2
115.35 2
115.45 2
115.55 2
115.65 2
115.75 2
115.85 2
115.95 2
116.05 2
116.15 2
116.25 2
116.35 2
116.45 2
116.55 2
116.65 2
116.75 2
116.85 2
116.95 2
117.05 2
117.15 2
117.25 2
117.35 2
117.45 2
117.55 2
117.65 2
117.75 2
117.85 2
117.95 2
118.05 2
118.15 2
118.25 2
118.35 2
118.45 2
118.55 2
118.65 2
118.75 2
118.85 2
118.95 2
119.05 2
119.15 2
119.25 2
119.35 2
119.45 2
119.55 2
119.65 2
119.75 2
119.85 2
119.95 2
120.05 2
120.15 2
120.25 2
120.35 2
120.45 2
120.55 2
120.65 2
120.75 2
120.85 2
120.95 2
121.05 2
121.15 2
121.25 2
121.35 2
121.45 2
121.55 2
121.65 2
121.75 2
121.85 2
121.95 2
122.05 2
122.15 2
122.25 2
122.35 2
122.45 2
122.55 2
122.65 2
122.75 2
122.85 2
122.95 2
123.05 2
123.15 2
123.25 2
123.35 2
123.45 2
123.55 2
123.65 2
123.75 2
123.85 2
123.95 2
124.05 2
124.15 2
124.25 2
124.35 2
124.45 2
124.55 2
124.65 2
124.75 2
124.85 2
124.95 2
125.05 2
125.15 2
125.25 2
125.35 2
125.45 2
125.55 2
125.65 2
125.75 2
125.85 2
125.95 2
126.05 2
126.15 2
126.25 2
126.35 2
126.45 2
126.55 2
126.65 2
126.75 2
126.85 2
126.95 2
127.05 2
127.15 2
127.25 2
127.35 2
127.45 2
127.55 2
127.65 2
127.75 2
127.85 2
127.95 2
128.05 2
128.15 2
128.25 2
128.35 2
128.45 2
128.55 2
128.65 2
128.75 2
128.85 2
128.95 2
129.05 2
129.15 2
129.25 2
129.35 2
129.45 2
129.55 2
129.65 2
129.75 2
129.85 2
129.95 2
130.05 2
130.15 2
130.25 2
130.35 2
130.45 2
130.55 2
130.65 2
130.75 2
130.85 2
130.95 2
131.05 2
131.15 2
131.25 2
131.35 2
131.45 2
131.55 2
131.65 2
131.75 2
131.85 2
131.95 2
132.05 2
132.15 2
132.25 2
132.35 2
132.45 2
132.55 2
132.65 2
132.75 2
132.85 2
132.95 2
133.05 2
133.15 2
133.25 2
133.35 2
133.45 2
133.55 2
133.65 2
133.75 2
133.85 2
133.95 2
134.05 2
134.15 2
134.25 2
134.35 2
134.45 2
134.55 2
134.65 2
134.75 2
134.85 2
134.95 2
135.05 2
135.15 2
135.25 2
135.35 2
135.45 2
135.55 2
135.65 2
135.75 2
135.85 2
135.95 2
136.05 2
136.15 2
136.25 2
136.35 2
136.45 2
136.55 2
136.65 2
136.75 2
136.85 2
136.95 2
137.05 2
137.15 2
137.25 2
137.35 2
137.45 2
137.55 2
137.65 2
137.75 2
137.85 2
137.95 2
138.05 2
138.15 2
138.25 2
138.35 2
138.45 2
138.55 2
138.65 2
138.75 2
138.85 2
138.95 2
139.05 2
139.15 2
139.25 2
139.35 2
139.45 2
139.55 2
139.65 2
139.75 2
139.85 2
139.95 2
140.05 2
140.15 2
140.25 2
140.35 2
140.45 2
140.55 2
140.65 2
140.75 2
140.85 2
140.95 2
141.05 2
141.15 2
141.25 2
141.35 2
141.45 2
141.55 2
141.65 2
141.75 2
141.85 2
141.95 2
142.05 2
142.15 2
142.25 2
142.35 2
142.45 2
142.55 2
142.65 2
142.75 2
142.85 2
142.95 2
143.05 2
143.15 2
143.25 2
143.35 2
143.45 2
143.55 2
143.65 2
143.75 2
143.85 2
143.95 2
144.05 2
144.15 2
144.25 2
144.35 2
144.45 2
144.55 2
144.65 2
144.75 2
144.85 2
144.95 2
145.05 2
145.15 2
145.25 2
145.35 2
145.45 2
145.55 2
145.65 2
145.75 2
145.85 2
145.95 2
146.05 2
146.15 2
146.25 2
146.35 2
146.45 2
146.55 2
146.65 2
146.75 2
146.85 2
146.95 2
147.05 2
147.15 2
147.25 2
147.35 2
147.45 2
147.55 2
147.65 2
147.75 2
147.85 2
147.95 2
148.05 2
148.15 2
148.25 2
148.35 2
148.45 2
148.55 2
148.65 2
148.75 2
148.85 2
148.95 2
149.05 2
149.15 2
149.25 2
149.35 2
149.45 2
149.55 2
149.65 2
149.75 2
149.85 2
149.95 2
150.05 2
150.15 2
150.25 2
150.35 2
150.45 2
150.55 2
150.65 2
150.75 2
150.85 2
150.95 2
151.05 2
151.15 2
151.25 2
151.35 2
151.45 2
151.55 2
151.65 2
151.75 2
151.85 2
151.95 2
152.05 2
152.15 2
152.25 2
152.35 2
152.45 2
152.55 2
152.65 2
152.75 2
152.85 2
152.95 2
153.05 2
153.15 2
153.25 2
153.35 2
153.45 2
153.55 2
153.65 2
153.75 2
153.85 2
153.95 2
154.05 2
154.15 2
154.25 2
154.35 2
154.45 2
154.55 2
154.65 2
154.75 2
154.85 2
154.95 2
155.05 2
155.15 2
155.25 2
155.35 2
155.45 2
155.55 2
155.65 2
155.75 2
155.85 2
155.95 2
156.05 2
156.15 2
156.25 2
156.35 2
156.45 2
156.55 2
156.65 2
156.75 2
156.85 2
156.95 2
157.05 2
157.15 2
157.25 2
157.35 2
157.45 2
157.55 2
157.65 2
157.75 2
157.85 2
157.95 2
158.05 2
158.15 2
158.25 2
158.35 2
158.45 2
158.55 2
158.65 2
158.75 2
158.85 2
158.95 2
159.05 2
159.15 2
159.25 2
159.35 2
159.45 2
159.55 2
159.65 2
159.75 2
159.85 2
159.95 2
160.05 2
160.15 2
160.25 2
160.35 2
160.45 2
160.55 2
160.65 2
160.75 2
160.85 2
160.95 2
161.05 2
161.15 2
161.25 2
161.35 2
161.45 2
161.55 2
161.65 2
161.75 2
161.85 2
161.95 2
162.05 2
162.15 2
162.25 2
162.35 2
162.45 2
162.55 2
162.65 2
162.75 2
162.85 2
162.95 2
163.05 2
163.15 2
163.25 2
163.35 2
163.45 2
163.55 2
163.65 2
163.75 2
163.85 2
163.95 2
164.05 2
164.15 2
164.25 2
164.35 2
164.45 2
164.55 2
164.65 2
164.75 2
164.85 2
164.95 2
165.05 2
165.15 2
165.25 2
165.35 2
165.45 2
165.55 2
165.65 2
165.75 2
165.85 2
165.95 2
166.05 2
166.15 2
166.25 2
166.35 2
166.45 2
166.55 2
166.65 2
166.75 2
166.85 2
166.95 2
167.05 2
167.15 2
167.25 2
167.35 2
167.45 2
167.55 2
167.65 2
167.75 2
167.85 2
167.95 2
168.05 2
168.15 2
168.25 2
168.35 2
168.45 2
168.55 2
168.65 2
168.75 2
168.85 2
168.95 2
169.05 2
169.15 2
169.25 2
169.35 2
169.45 2
169.55 2
169.65 2
169.75 2
169.85 2
169.95 2
170.05 2
170.15 2
170.25 2
170.35 2
170.45 2
170.55 2
170.65 2
170.75 2
170.85 2
170.95 2
171.05 2
171.15 2
171.25 2
171.35 2
171.45 2
171.55 2
171.65 2
171.75 2
171.85 2
171.95 2
172.05 2
172.15 2
172.25 2
172.35 2
172.45 2
172.55 2
172.65 2
172.75 2
172.85 2
172.95 2
173.05 2
173.15 2
173.25 2
173.35 2
173.45 2
173.55 2
173.65 2
173.75 2
173.85 2
173.95 2
174.05 2
174.15 2
174.25 2
174.35 2
174.45 2
174.55 2
174.65 2
174.75 2
174.85 2
174.95 2
175.05 2
175.15 2
175.25 2
175.35 2
175.45 2
175.55 2
175.65 2
175.75 2
175.85 2
175.95 2
176.05 2
176.15 2
176.25 2
176.35 2
176.45 2
176.55 2
176.65 2
176.75 2
176.85 2
176.95 2
177.05 2
177.15 2
177.25 2
177.35 2
177.45 2
177.55 2
177.65 2
177.75 2
177.85 2
177.95 2
178.05 2
178.15 2
178.25 2
178.35 2
178.45 2
178.55 2
178.65 2
178.75 2
178.85 2
178.95 2
179.05 2
179.15 2
179.25 2
179.35 2
179.45 2
179.55 2
179.65 2
179.75 2
179.85 2
179.95 2
180.05 2
180.15 2
180.25 2
180.35 2
180.45 2
180.55 2
180.65 2
180.75 2
180.85 2
180.95 2
181.05 2
181.15 2
181.25 2
181.35 2
181.45 2
181.55 2
181.65 2
181.75 2
181.85 2
181.95 2
182.05 2
182.15 2
182.25 2
182.35 2
182.45 2
182.55 2
182.65 2
182.75 2
182.85 2
182.95 2
183.05 2
183.15 2
183.25 2
183.35 2
183.45 2
183.55 2
183.65 2
183.75 2
183.85 2
183.95 2
184.05 2
184.15 2
184.25 2
184.35 2
184.45 2
184.55 2
184.65 2
184.75 2
184.85 2
184.95 2
185.05 2
185.15 2
185.25 2
185.35 2
185.45 2
185.55 2
185.65 2
185.75 2
185.85 2
185.95 2
186.05 2
186.15 2
186.25 2
186.35 2
186.45 2
186.55 2
186.65 2
186.75 2
186.85 2
186.95 2
187.05 2
187.15 2
187.25 2
187.35 2
187.45 2
187.55 2
187.65 2
187.75 2
187.85 2
187.95 2
188.05 2
188.15 2
188.25 2
188.35 2
188.45 2
188.55 2
188.65 2
188.75 2
188.85 2
188.95 2
189.05 2
189.15 2
189.25 2
189.35 2
189.45 2
189.55 2
189.65 2
189.75 2
189.85 2
189.95 2
190.05 2
190.15 2
190.25 2
190.35 2
190.45 2
190.55 2
190.65 2
190.75 2
190.85 2
190.95 2
191.05 2
191.15 2
191.25 2
191.35 2
191.45 2
191.55 2
191.65 2
191.75 2
191.85 2
191.95 2
192.05 2
192.15 2
192.25 2
192.35 2
192.45 2
192.55 2
192.65 2
192.75 2
192.85 2
192.95 2
193.05 2
193.15 2
193.25 2
193.35 2
193.45 2
193.55 2
193.65 2
193.75 2
193.85 2
193.95 2
194.05 2
194.15 2
194.25 2
194.35 2
194.45 2
194.55 2
194.65 2
194.75 2
194.85 2
194.95 2
195.05 2
195.15 2
195.25 2
195.35 2
195.45 2
195.55 2
195.65 2
195.75 2
195.85 2
195.95 2
196.05 2
196.15 2
196.25 2
196.35 2
196.45 2
196.55 2
196.65 2
196.75 2
196.85 2
196.95 2
197.05 2
197.15 2
197.25 2
197.35 2
197.45 2
197.55 2
197.65 2
197.75 2
197.85 2
197.95 2
198.05 2
198.15 2
198.25 2
198.35 2
198.45 2
198.55 2
198.65 2
198.75 2
198.85 2
198.95 2
199.05 2
199.15 2
199.25 2
199.35 2
199.45 2
199.55 2
199.65 2
199.75 2
199.85 2
199.95 2
200.05 2
200.15 2
200.25 2
200.35 2
200.45 2
200.55 2
200.65 2
200.75 2
200.85 2
200.95 2
201.05 2
201.15 2
201.25 2
201.35 2
201.45 2
201.55 2
201.65 2
201.75 2
201.85 2
201.95 2
202.05 2
202.15 2
202.25 2
202.35 2
202.45 2
202.55 2
202.65 2
202.75 2
202.85 2
202.95 2
203.05 2
203.15 2
203.25 2
203.35 2
203.45 2
203.55 2
203.65 2
203.75 2
203.85 2
203.95 2
204.05 2
204.15 2
204.25 2
204.35 2
204.45 2
204.55 2
204.65 2
204.75 2
204.85 2
204.95 2
205.05 2
205.15 2
205.25 2
205.35 2
205.45 2
205.55 2
205.65 2
205.75 2
205.85 2
205.95 2
206.05 2
206.15 2
206.25 2
206.35 2
206.45 2
206.55 2
206.65 2
206.75 2
206.85 2
206.95 2
207.05 2
207.15 2
207.25 2
207.35 2
207.45 2
207.55 2
207.65 2
207.75 2
207.85 2
207.95 2
208.05 2
208.15 2
208.25 2
208.35 2
208.45 2
208.55 2
208.65 2
208.75 2
208.85 2
208.95 2
209.05 2
209.15 2
209.25 2
209.35 2
209.45 2
209.55 2
209.65 2
209.75 2
209.85 2
209.95 2
210.05 2
210.15 2
210.25 2
210.35 2
210.45 2
210.55 2
210.65 2
210.75 2
210.85 2
210.95 2
211.05 2
211.15 2
211.25 2
211.35 2
211.45 2
211.55 2
211.65 2
211.75 2
211.85 2
211.95 2
212.05 2
212.15 2
212.25 2
212.35 2
212.45 2
212.55 2
212.65 2
212.75 2
212.85 2
212.95 2
213.05 2
213.15 2
213.25 2
213.35 2
213.45 2
213.55 2
213.65 2
213.75 2
213.85 2
213.95 2
214.05 2
214.15 2
214.25 2
214.35 2
214.45 2
214.55 2
214.65 2
214.75 2
214.85 2
214.95 2
215.05 2
215.15 2
215.25 2
215.35 2
215.45 2
215.55 2
215.65 2
215.75 2
215.85 2
215.95 2
216.05 2
216.15 2
216.25 2
216.35 2
216.45 2
216.55 2
216.65 2
216.75 2
216.85 2
216.95 2
217.05 2
217.15 2
217.25 2
217.35 2
217.45 2
217.55 2
217.65 2
217.75 2
217.85 2
217.95 2
218.05 2
218.15 2
218.25 2
218.35 2
218.45 2
218.55 2
218.65 2
218.75 2
218.85 2
218.95 2
219.05 2
219.15 2
219.25 2
219.35 2
219.45 2
219.55 2
219.65 2
219.75 2
219.85 2
219.95 2
220.05 2
220.15 2
220.25 2
220.35 2
220.45 2
220.55 2
220.65 2
220.75 2
220.85 2
220.95 2
221.05 2
221.15 2
221.25 2
221.35 2
221.45 2
221.55 2
221.65 2
221.75 2
221.85 2
221.95 2
222.05 2
222.15 2
222.25 2
222.35 2
222.45 2
222.55 2
222.65 2
222.75 2
222.85 2
222.95 2
223.05 2
223.15 2
223.25 2
223.35 2
223.45 2
223.55 2
223.65 2
223.75 2
223.85 2
223.95 2
224.05 2
224.15 2
224.25 2
224.35 2
224.45 2
224.55 2
224.65 2
224.75 2
224.85 2
224.95 2
225.05 2
225.15 2
225.25 2
225.35 2
225.45 2
225.55 2
225.65 2
225.75 2
225.85 2
225.95 2
226.05 2
226.15 2
226.25 2
226.35 2
226.45 2
226.55 2
226.65 2
226.75 2
226.85 2
226.95 2
227.05 2
227.15 2
227.25 2
227.35 2
227.45 2
227.55 2
227.65 2
227.75 2
227.85 2
227.95 2
228.05 2
228.15 2
228.25 2
228.35 2
228.45 2
228.55 2
228.65 2
228.75 2
228.85 2
228.95 2
229.05 2
229.15 2
229.25 2
229.35 2
229.45 2
229.55 2
229.65 2
229.75 2
229.85 2
229.95 2
230.05 2
230.15 2
230.25 2
230.35 2
230.45 2
230.55 2
230.65 2
230.75 2
230.85 2
230.95 2
231.05 2
231.15 2
231.25 2
231.35 2
231.45 2
231.55 2
231.65 2
231.75 2
231.85 2
231.95 2
232.05 2
232.15 2
232.25 2
232.35 2
232.45 2
232.55 2
232.65 2
232.75 2
232.85 2
232.95 2
233.05 2
233.15 2
233.25 2
233.35 2
233.45 2
233.55 2
233.65 2
233.75 2
233.85 2
233.95 2
234.05 2
234.15 2
234.25 2
234.35 2
234.45 2
234.55 2
234.65 2
234.75 2
234.85 2
234.95 2
235.05 2
235.15 2
235.25 2
235.35 2
235.45 2
235.55 2
235.65 2
235.75 2
235.85 2
235.95 2
236.05 2
236.15 2
236.25 2
236.35 2
236.45 2
236.55 2
236.65 2
236.75 2
236.85 2
236.95 2
237.05 2
237.15 2
237.25 2
237.35 2
237.45 2
237.55 2
237.65 2
237.75 2
237.85 2
237.95 2
238.05 2
238.15 2
238.25 2
238.35 2
238.45 2
238.55 2
238.65 2
238.75 2
238.85 2
238.95 2
239.05 2
239.15 2
239.25 2
239.35 2
239.45 2
239.55 2
239.65 2
239.75 2
239.85 2
239.95 2
240.05 2
240.15 2
240.25 2
240.35 2
240.45 2
240.55 2
240.65 2
240.75 2
240.85 2
240.95 2
241.05 2
241.15 2
241.25 2
241.35 2
241.45 2
241.55 2
241.65 2
241.75 2
241.85 2
241.95 2
242.05 2
242.15 2
242.25 2
242.35 2
242.45 2
242.55 2
242.65 2
242.75 2
242.85 2
242.95 2
243.05 2
243.15 2
243.25 2
243.35 2
243.45 2
243.55 2
243.65 2
243.75 2
243.85 2
243.95 2
244.05 2
244.15 2
244.25 2
244.35 2
244.45 2
244.55 2
244.65 2
244.75 2
244.85 2
244.95 2
245.05 2
245.15 2
245.25 2
245.35 2
245.45 2
245.55 2
245.65 2
245.75 2
245.85 2
245.95 2
246.05 2
246.15 2
246.25 2
246.35 2
246.45 2
246.55 2
246.65 2
246.75 2
246.85 2
246.95 2
247.05 2
247.15 2
247.25 2
247.35 2
247.45 2
247.55 2
247.65 2
247.75 2
247.85 2
247.95 2
248.05 2
248.15 2
248.25 2
248.35 2
248.45 2
248.55 2
248.65 2
248.75 2
248.85 2
248.95 2
249.05 2
249.15 2
249.25 2
249.35 2
249.45 2
249.55 2
249.65 2
249.75 2
249.85 2
249.95 2
250.05 2
250.15 2
250.25 2
250.35 2
250.45 2
250.55 2
250.65 2
250.75 2
250.85 2
250.95 2
251.05 2
251.15 2
251.25 2
251.35 2
251.45 2
251.55 2
251.65 2
251.75 2
251.85 2
251.95 2
252.05 2
252.15 2
252.25 2
252.35 2
252.45 2
252.55 2
252.65 2
252.75 2
252.85 2
252.95 2
253.05 2
253.15 2
253.25 2
253.35 2
253.45 2
253.55 2
253.65 2
253.75 2
253.85 2
253.95 2
254.05 2
254.15 2
254.25 2
254.35 2
254.45 2
254.55 2
254.65 2
254.75 2
254.85 2
254.95 2
255.05 2
255.15 2
255.25 2
255.35 2
255.45 2
255.55 2
255.65 2
255.75 2
255.85 2
255.95 2
256.05 2
256.15 2
256.25 2
256.35 2
256.45 2
256.55 2
256.65 2
256.75 2
256.85 2
256.95 2
257.05 2
257.15 2
257.25 2
257.35 2
257.45 2
257.55 2
257.65 2
257.75 2
257.85 2
257.95 2
258.05 2
258.15 2
258.25 2
258.35 2
258.45 2
258.55 2
258.65 2
258.75 2
258.85 2
258.95 2
259.05 2
259.15 2
259.25 2
259.35 2
259.45 2
259.55 2
259.65 2
259.75 2
259.85 2
259.95 2
260.05 2
260.15 2
260.25 2
260.35 2
260.45 2
260.55 2
260.65 2
260.75 2
260.85 2
260.95 2
261.05 2
261.15 2
261.25 2
261.35 2
261.45 2
261.55 2
261.65 2
261.75 2
261.85 2
261.95 2
262.05 2
262.15 2
262.25 2
262.35 2
262.45 2
262.55 2
262.65 2
262.75 2
262.85 2
262.95 2
263.05 2
263.15 2
263.25 2
263.35 2
263.45 2
263.55 2
263.65 2
263.75 2
263.85 2
263.95 2
264.05 2
264.15 2
264.25 2
264.35 2
264.45 2
264.55 2
264.65 2
264.75 2
264.85 2
264.95 2
265.05 2
265.15 2
265.25 2
265.35 2
265.45 2
265.55 2
265.65 2
265.75 2
265.85 2
265.95 2
266.05 2
266.15 2
266.25 2
266.35 2
266.45 2
266.55 2
266.65 2
266.75 2
266.85 2
266.95 2
267.05 2
267.15 2
267.25 2
267.35 2
267.45 2
267.55 2
267.65 2
267.75 2
267.85 2
267.95 2
268.05 2
268.15 2
268.25 2
268.35 2
268.45 2
268.55 2
268.65 2
268.75 2
268.85 2
268.95 2
269.05 2
269.15 2
269.25 2
269.35 2
269.45 2
269.55 2
269.65 2
269.75 2
269.85 2
269.95 2
270.05 2
270.15 2
270.25 2
270.35 2
270.45 2
270.55 2
270.65 2
270.75 2
270.85 2
270.95 2
271.05 2
271.15 2
271.25 2
271.35 2
271.45 2
271.55 2
271.65 2
271.75 2
271.85 2
271.95 2
272.05 2
272.15 2
272.25 2
272.35 2
272.45 2
272.55 2
272.65 2
272.75 2
272.85 2
272.95 2
273.05 2
273.15 2
273.25 2
273.35 2
273.45 2
273.55 2
273.65 2
273.75 2
273.85 2
273.95 2
274.05 2
274.15 2
274.25 2
274.35 2
274.45 2
274.55 2
274.65 2
274.75 2
274.85 2
274.95 2
275.05 2
275.15 2
275.25 2
275.35 2
275.45 2
275.55 2
275.65 2
275.75 2
275.85 2
275.95 2
276.05 2
276.15 2
276.25 2
276.35 2
276.45 2
276.55 2
276.65 2
276.75 2
276.85 2
276.95 2
277.05 2
277.15 2
277.25 2
277.35 2
277.45 2
277.55 2
277.65 2
277.75 2
277.85 2
277.95 2
278.05 2
278.15 2
278.25 2
278.35 2
278.45 2
278.55 2
278.65 2
278.75 2
278.85 2
278.95 2
279.05 2
279.15 2
279.25 2
279.35 2
279.45 2
279.55 2
279.65 2
279.75 2
279.85 2
279.95 2
280.05 2
280.15 2
280.25 2
280.35 2
280.45 2
280.55 2
280.65 2
280.75 2
280.85 2
280.95 2
281.05 2
281.15 2
281.25 2
281.35 2
281.45 2
281.55 2
281.65 2
281.75 2
281.85 2
281.95 2
282.05 2
282.15 2
282.25 2
282.35 2
282.45 2
282.55 2
282.65 2
282.75 2
282.85 2
282.95 2
283.05 2
283.15 2
283.25 2
283.35 2
283.45 2
283.55 2
283.65 2
283.75 2
283.85 2
283.95 2
284.05 2
284.15 2
284.25 2
284.35 2
284.45 2
284.55 2
284.65 2
284.75 2
284.85 2
284.95 2
285.05 2
285.15 2
285.25 2
285.35 2
285.45 2
285.55 2
285.65 2
285.75 2
285.85 2
285.95 2
286.05 2
286.15 2
286.25 2
286.35 2
286.45 2
286.55 2
286.65 2
286.75 2
286.85 2
286.95 2
287.05 2
287.15 2
287.25 2
287.35 2
287.45 2
287.55 2
287.65 2
287.75 2
287.85 2
287.95 2
288.05 2
288.15 2
288.25 2
288.35 2
288.45 2
288.55 2
288.65 2
288.75 2
288.85 2
288.95 2
289.05 2
289.15 2
289.25 2
289.35 2
289.45 2
289.55 2
289.65 2
289.75 2
289.85 2
289.95 2
290.05 2
290.15 2
290.25 2
290.35 2
290.45 2
290.55 2
290.65 2
290.75 2
290.85 2
290.95 2
291.05 2
291.15 2
291.25 2
291.35 2
291.45 2
291.55 2
291.65 2
291.75 2
291.85 2
291.95 2
292.05 2
292.15 2
292.25 2
292.35 2
292.45 2
292.55 2
292.65 2
292.75 2
292.85 2
292.95 2
293.05 2
293.15 2
293.25 2
293.35 2
293.45 2
293.55 2
293.65 2
293.75 2
293.85 2
293.95 2
294.05 2
294.15 2
294.25 2
294.35 2
294.45 2
294.55 2
294.65 2
294.75 2
294.85 2
294.95 2
295.05 2
295.15 2
295.25 2
295.35 2
295.45 2
295.55 2
295.65 2
295.75 2
295.85 2
295.95 2
296.05 2
296.15 2
296.25 2
296.35 2
296.45 2
296.55 2
296.65 2
296.75 2
296.85 2
296.95 2
297.05 2
297.15 2
297.25 2
297.35 2
297.45 2
297.55 2
297.65 2
297.75 2
297.85 2
297.95 2
298.05 2
298.15 2
298.25 2
298.35 2
298.45 2
298.55 2
298.65 2
298.75 2
298.85 2
298.95 2
299.05 2
299.15 2
299.25 2
299.35 2
299.45 2
299.55 2
299.65 2
299.75 2
299.85 2
299.95 2
300.05 2
300.15 2
300.25 2
300.35 2
300.45 2
300.55 2
300.65 2
300.75 2
300.85 2
300.95 2
301.05 2
301.15 2
301.25 2
301.35 2
301.45 2
301.55 2
301.65 2
301.75 2
301.85 2
301.95 2
302.05 2
302.15 2
302.25 2
302.35 2
302.45 2
302.55 2
302.65 2
302.75 2
302.85 2
302.95 2
303.05 2
303.15 2
303.25 2
303.35 2
303.45 2
303.55 2
303.65 2
303.75 2
303.85 2
303.95 2
304.05 2
304.15 2
304.25 2
304.35 2
304.45 2
304.55 2
304.65 2
304.75 2
304.85 2
304.95 2
305.05 2
305.15 2
305.25 2
305.35 2
305.45 2
305.55 2
305.65 2
305.75 2
305.85 2
305.95 2
306.05 2
306.15 2
306.25 2
306.35 2
306.45 2
306.55 2
306.65 2
306.75 2
306.85 2
306.95 2
307.05 2
307.15 2
307.25 2
307.35 2
307.45 2
307.55 2
307.65 2
307.75 2
307.85 2
307.95 2
308.05 2
308.15 2
308.25 2
308.35 2
308.45 2
308.55 2
308.65 2
308.75 2
308.85 2
308.95 2
309.05 2
309.15 2
309.25 2
309.35 2
309.45 2
309.55 2
309.65 2
309.75 2
309.85 2
309.95 2
310.05 2
310.15 2
310.25 2
310.35 2
310.45 2
310.55 2
310.65 2
310.75 2
310.85 2
310.95 2
311.05 2
311.15 2
311.25 2
311.35 2
311.45 2
311.55 2
311.65 2
311.75 2
311.85 2
311.95 2
312.05 2
312.15 2
312.25 2
312.35 2
312.45 2
312.55 2
312.65 2
312.75 2
312.85 2
312.95 2
313.05 2
313.15 2
313.25 2
313.35 2
313.45 2
313.55 2
313.65 2
313.75 2
313.85 2
313.95 2
314.05 2
314.15 2
314.25 2
314.35 2
314.45 2
314.55 2
314.65 2
314.75 2
314.85 2
314.95 2
315.05 2
315.15 2
315.25 2
315.35 2
315.45 2
315.55 2
315.65 2
315.75 2
315.85 2
315.95 2
316.05 2
316.15 2
316.25 2
316.35 2
316.45 2
316.55 2
316.65 2
316.75 2
316.85 2
316.95 2
317.05 2
317.15 2
317.25 2
317.35 2
317.45 2
317.55 2
317.65 2
317.75 2
317.85 2
317.95 2
318.05 2
318.15 2
318.25 2
318.35 2
318.45 2
318.55 2
318.65 2
318.75 2
318.85 2
318.95 2
319.05 2
319.15 2
319.25 2
319.35 2
319.45 2
319.55 2
319.65 2
319.75 2
319.85 2
319.95 2
320.05 2
320.15 2
320.25 2
320.35 2
320.45 2
320.55 2
320.65 2
320.75 2
320.85 2
320.95 2
321.05 2
321.15 2
321.25 2
321.35 2
321.45 2
321.55 2
321.65 2
321.75 2
321.85 2
321.95 2
322.05 2
322.15 2
322.25 2
322.35 2
322.45 2
322.55 2
322.65 2
322.75 2
322.85 2
322.95 2
323.05 2
323.15 2
323.25 2
323.35 2
323.45 2
323.55 2
323.65 2
323.75 2
323.85 2
323.95 2
324.05 2
324.15 2
324.25 2
324.35 2
324.45 2
324.55 2
324.65 2
324.75 2
324.85 2
324.95 2
325.05 2
325.15 2
325.25 2
325.35 2
325.45 2
325.55 2
325.65 2
325.75 2
325.85 2
325.95 2
326.05 2
326.15 2
326.25 2
326.35 2
326.45 2
326.55 2
326.65 2
326.75 2
326.85 2
326.95 2
327.05 2
327.15 2
327.25 2
327.35 2
327.45 2
327.55 2
327.65 2
327.75 2
327.85 2
327.95 2
328.05 2
328.15 2
328.25 2
328.35 2
328.45 2
328.55 2
328.65 2
328.75 2
328.85 2
328.95 2
329.05 2
329.15 2
329.25 2
329.35 2
329.45 2
329.55 2
329.65 2
329.75 2
329.85 2
329.95 2
330.05 2
330.15 2
330.25 2
330.35 2
330.45 2
330.55 2
330.65 2
330.75 2
330.85 2
330.95 2
331.05 2
331.15 2
331.25 2
331.35 2
331.45 2
331.55 2
331.65 2
331.75 2
331.85 2
331.95 2
332.05 2
332.15 2
332.25 2
332.35 2
332.45 2
332.55 2
332.65 2
332.75 2
332.85 2
332.95 2
333.05 2
333.15 2
333.25 2
333.35 2
333.45 2
333.55 2
333.65 2
333.75 2
333.85 2
333.95 2
334.05 2
334.15 2
334.25 2
334.35 2
334.45 2
334.55 2
334.65 2
334.75 2
334.85 2
334.95 2
335.05 2
335.15 2
335.25 2
335.35 2
335.45 2
335.55001 2
335.65001 2
335.75001 2
335.85001 2
335.95001 2
336.05001 2
336.15001 2
336.25001 2
336.35001 2
336.45001 2
336.55001 2
336.65001 2
336.75001 2
336.85001 2
336.95001 2
337.05001 2
337.15001 2
337.25001 2
337.35001 2
337.45001 2
337.55001 2
337.65001 2
337.75001 2
337.85001 2
337.95001 2
338.05001 2
338.15001 2
338.25001 2
338.35001 2
338.45001 2
338.55001 2
338.65001 2
338.75001 2
338.85001 2
338.95001 2
339.05001 2
339.15001 2
339.25001 2
339.35001 2
339.45001 2
339.55001 2
339.65001 2
339.75001 2
339.85001 2
339.95001 2
340.05001 2
340.15001 2
340.25001 2
340.35001 2
340.45001 2
340.55001 2
340.65001 2
340.75001 2
340.85001 2
340.95001 2
341.05001 2
341.15001 2
341.25001 2
341.35001 2
341.45001 2
341.55001 2
341.65001 2
341.75001 2
341.85001 2
341.95001 2
342.05001 2
342.15001 2
342.25001 2
342.35001 2
342.45001 2
342.55001 2
342.65001 2
342.75001 2
342.85001 2
342.95001 2
343.05001 2
343.15001 2
343.25001 2
343.35001 2
343.45001 2
343.55001 2
343.65001 2
343.75001 2
343.85001 2
343.95001 2
344.05001 2
344.15001 2
344.25001 2
344.35001 2
344.45001 2
344.55001 2
344.65001 2
344.75001 2
344.85001 2
344.95001 2
345.05001 2
345.15001 2
345.25001 2
345.35001 2
345.45001 2
345.55001 2
345.65001 2
345.75001 2
345.85001 2
345.95001 2
346.05001 2
346.15001 2
346.25001 2
346.35001 2
346.45001 2
346.55001 2
346.65001 2
346.75001 2
346.85001 2
346.95001 2
347.05001 2
347.15001 2
347.25001 2
347.35001 2
347.45001 2
347.55001 2
347.65001 2
347.75001 2
347.85001 2
347.95001 2
348.05001 2
348.15001 2
348.25001 2
348.35001 2
348.45001 2
348.55001 2
348.65001 2
348.75001 2
348.85001 2
348.95001 2
349.05001 2
349.15001 2
349.25001 2
349.35001 2
349.45001 2
349.55001 2
349.65001 2
349.75001 2
349.85001 2
349.95001 2
350.05001 2
350.15001 2
350.25001 2
350.35001 2
350.45001 2
350.55001 2
350.65001 2
350.75001 2
350.85001 2
350.95001 2
351.05001 2
351.15001 2
351.25001 2
351.35001 2
351.45001 2
351.55001 2
351.65001 2
351.75001 2
351.85001 2
351.95001 2
352.05001 2
352.15001 2
352.25001 2
352.35001 2
352.45001 2
352.55001 2
352.65001 2
352.75001 2
352.85001 2
352.95001 2
353.05001 2
353.15001 2
353.25001 2
353.35001 2
353.45001 2
353.55001 2
353.65001 2
353.75001 2
353.85001 2
353.95001 2
354.05001 2
354.15001 2
354.25001 2
354.35001 2
354.45001 2
354.55001 2
354.65001 2
354.75001 2
354.85001 2
354.95001 2
355.05001 2
355.15001 2
355.25001 2
355.35001 2
355.45001 2
355.55001 2
355.65001 2
355.75001 2
355.85001 2
355.95001 2
356.05001 2
356.15001 2
356.25001 2
356.35001 2
356.45001 2
356.55001 2
356.65001 2
356.75001 2
356.85001 2
356.95001 2
357.05001 2
357.15001 2
357.25001 2
357.35001 2
357.45001 2
357.55001 2
357.65001 2
357.75001 2
357.85001 2
357.95001 2
358.05001 2
358.15001 2
358.25001 2
358.35001 2
358.45001 2
358.55001 2
358.65001 2
358.75001 2
358.85001 2
358.95001 2
359.05001 2
359.15001 2
359.25001 2
359.35001 2
359.45001 2
359.55001 2
359.65001 2
359.75001 2
359.85001 2
359.95001 2
360.05001 2
360.15001 2
360.25001 2
360.35001 2
360.45001 2
360.55001 2
360.65001 2
360.75001 2
360.85001 2
360.95001 2
361.05001 2
361.15001 2
361.25001 2
361.35001 2
361.45001 2
361.55001 2
361.65001 2
361.75001 2
361.85001 2
361.95001 2
362.05001 2
362.15001 2
362.25001 2
362.35001 2
362.45001 2
362.55001 2
362.65001 2
362.75001 2
362.85001 2
362.95001 2
363.05001 2
363.15001 2
363.25001 2
363.35001 2
363.45001 2
363.55001 2
363.65001 2
363.75001 2
363.85001 2
363.95001 2
364.05001 2
364.15001 2
364.25001 2
364.35001 2
364.45001 2
364.55001 2
364.65001 2
364.75001 2
364.85001 2
364.95001 2
365.05001 2
365.15001 2
365.25001 2
365.35001 2
365.45001 2
365.55001 2
365.65001 2
365.75001 2
365.85001 2
365.95001 2
366.05001 2
366.15001 2
366.25001 2
366.35001 2
366.45001 2
366.55001 2
366.65001 2
366.75001 2
366.85001 2
366.95001 2
367.05001 2
367.15001 2
367.25001 2
367.35001 2
367.45001 2
367.55001 2
367.65001 2
367.75001 2
367.85001 2
367.95001 2
368.05001 2
368.15001 2
368.25001 2
368.35001 2
368.45001 2
368.55001 2
368.65001 2
368.75001 2
368.85001 2
368.95001 2
369.05001 2
369.15001 2
369.25001 2
369.35001 2
369.45001 2
369.55001 2
369.65001 2
369.75001 2
369.85001 2
369.95001 2
370.05001 2
370.15001 2
370.25001 2
370.35001 2
370.45001 2
370.55001 2
370.65001 2
370.75001 2
370.85001 2
370.95001 2
371.05001 2
371.15001 2
371.25001 2
371.35001 2
371.45001 2
371.55001 2
371.65001 2
371.75001 2
371.85001 2
371.95001 2
372.05001 2
372.15001 2
372.25001 2
372.35001 2
372.45001 2
372.55001 2
372.65001 2
372.75001 2
372.85001 2
372.95001 2
373.05001 2
373.15001 2
373.25001 2
373.35001 2
373.45001 2
373.55001 2
373.65001 2
373.75001 2
373.85001 2
373.95001 2
374.05001 2
374.15001 2
374.25001 2
374.35001 2
374.45001 2
374.55001 2
374.65001 2
374.75001 2
374.85001 2
374.95001 2
375.05001 2
375.15001 2
375.25001 2
375.35001 2
375.45001 2
375.55001 2
375.65001 2
375.75001 2
375.85001 2
375.95001 2
376.05001 2
376.15001 2
376.25001 2
376.35001 2
376.45001 2
376.55001 2
376.65001 2
376.75001 2
376.85001 2
376.95001 2
377.05001 2
377.15001 2
377.25001 2
377.35001 2
377.45001 2
377.55001 2
377.65001 2
377.75001 2
377.85001 2
377.95001 2
378.05001 2
378.15001 2
378.25001 2
378.35001 2
378.45001 2
378.55001 2
378.65001 2
378.75001 2
378.85001 2
378.95001 2
379.05001 2
379.15001 2
379.25001 2
379.35001 2
379.45001 2
379.55001 2
379.65001 2
379.75001 2
379.85001 2
379.95001 2
380.05001 2
380.15001 2
380.25001 2
380.35001 2
380.45001 2
380.55001 2
380.65001 2
380.75001 2
380.85001 2
380.95001 2
381.05001 2
381.15001 2
381.25001 2
381.35001 2
381.45001 2
381.55001 2
381.65001 2
381.75001 2
381.85001 2
381.95001 2
382.05001 2
382.15001 2
382.25001 2
382.35001 2
382.45001 2
382.55001 2
382.65001 2
382.75001 2
382.85001 2
382.95001 2
383.05001 2
383.15001 2
383.25001 2
383.35001 2
383.45001 2
383.55001 2
383.65001 2
383.75001 2
383.85001 2
383.95001 2
384.05001 2
384.15001 2
384.25001 2
384.35001 2
384.45001 2
384.55001 2
384.65001 2
384.75001 2
384.85001 2
384.95001 2
385.05001 2
385.15001 2
385.25001 2
385.35001 2
385.45001 2
385.55001 2
385.65001 2
385.75001 2
385.85001 2
385.95001 2
386.05001 2
386.15001 2
386.25001 2
386.35001 2
386.45001 2
386.55001 2
386.65001 2
386.75001 2
386.85001 2
386.95001 2
387.05001 2
387.15001 2
387.25001 2
387.35001 2
387.45001 2
387.55001 2
387.65001 2
387.75001 2
387.85001 2
387.95001 2
388.05001 2
388.15001 2
388.25001 2
388.35001 2
388.45001 2
388.55001 2
388.65001 2
388.75001 2
388.85001 2
388.95001 2
389.05001 2
389.15001 2
389.25001 2
389.35001 2
389.45001 2
389.55001 2
389.65001 2
389.75001 2
389.85001 2
389.95001 2
390.05001 2
390.15001 2
390.25001 2
390.35001 2
390.45001 2
390.55001 2
390.65001 2
390.75001 2
390.85001 2
390.95001 2
391.05001 2
391.15001 2
391.25001 2
391.35001 2
391.45001 2
391.55001 2
391.65001 2
391.75001 2
391.85001 2
391.95001 2
392.05001 2
392.15001 2
392.25001 2
392.35001 2
392.45001 2
392.55001 2
392.65001 2
392.75001 2
392.85001 2
392.95001 2
393.05001 2
393.15001 2
393.25001 2
393.35001 2
393.45001 2
393.55001 2
393.65001 2
393.75001 2
393.85001 2
393.95001 2
394.05001 2
394.15001 2
394.25001 2
394.35001 2
394.45001 2
394.55001 2
394.65001 2
394.75001 2
394.85001 2
394.95001 2
395.05001 2
395.15001 2
395.25001 2
395.35001 2
395.45001 2
395.55001 2
395.65001 2
395.75001 2
395.85001 2
395.95001 2
396.05001 2
396.15001 2
396.25001 2
396.35001 2
396.45001 2
396.55001 2
396.65001 2
396.75001 2
396.85001 2
396.95001 2
397.05001 2
397.15001 2
397.25001 2
397.35001 2
397.45001 2
397.55001 2
397.65001 2
397.75001 2
397.85001 2
397.95001 2
398.05001 2
398.15001 2
398.25001 2
398.35001 2
398.45001 2
398.55001 2
398.65001 2
398.75001 2
398.85001 2
398.95001 2
399.05001 2
399.15001 2
399.25001 2
399.35001 2
399.45001 2
399.55001 2
399.65001 2
399.75001 2
399.85001 2
399.95001 2
400.05001 2
400.15001 2
400.25001 2
400.35001 2
400.45001 2
400.55001 2
400.65001 2
400.75001 2
400.85001 2
400.95001 2
401.05001 2
401.15001 2
401.25001 2
401.35001 2
401.45001 2
401.55001 2
401.65001 2
401.75001 2
401.85001 2
401.95001 2
402.05001 2
402.15001 2
402.25001 2
402.35001 2
402.45001 2
402.55001 2
402.65001 2
402.75001 2
402.85001 2
402.95001 2
403.05001 2
403.15001 2
403.25001 2
403.35001 2
403.45001 2
403.55001 2
403.65001 2
403.75001 2
403.85001 2
403.95001 2
404.05001 2
404.15001 2
404.25001 2
404.35001 2
404.45001 2
404.55001 2
404.65001 2
404.75001 2
404.85001 2
404.95001 2
405.05001 2
405.15001 2
405.25001 2
405.35001 2
405.45001 2
405.55001 2
405.65001 2
405.75001 2
405.85001 2
405.95001 2
406.05001 2
406.15001 2
406.25001 2
406.35001 2
406.45001 2
406.55001 2
406.65001 2
406.75001 2
406.85001 2
406.95001 2
407.05001 2
407.15001 2
407.25001 2
407.35001 2
407.45001 2
407.55001 2
407.65001 2
407.75001 2
407.85001 2
407.95001 2
408.05001 2
408.15001 2
408.25001 2
408.35001 2
408.45001 2
408.55001 2
408.65001 2
408.75001 2
408.85001 2
408.95001 2
409.05001 2
409.15001 2
409.25001 2
409.35001 2
409.45001 2
409.55001 2
409.65001 2
409.75001 2
409.85001 2
409.95001 2
410.05001 2
410.15001 2
410.25001 2
410.35001 2
410.45001 2
410.55001 2
410.65001 2
410.75001 2
410.85001 2
410.95001 2
411.05001 2
411.15001 2
411.25001 2
411.35001 2
411.45001 2
411.55001 2
411.65001 2
411.75001 2
411.85001 2
411.95001 2
412.05001 2
412.15001 2
412.25001 2
412.35001 2
412.45001 2
412.55001 2
412.65001 2
412.75001 2
412.85001 2
412.95001 2
413.05001 2
413.15001 2
413.25001 2
413.35001 2
413.45001 2
413.55001 2
413.65001 2
413.75001 2
413.85001 2
413.95001 2
414.05001 2
414.15001 2
414.25001 2
414.35001 2
414.45001 2
414.55001 2
414.65001 2
414.75001 2
414.85001 2
414.95001 2
415.05001 2
415.15001 2
415.25001 2
415.35001 2
415.45001 2
415.55001 2
415.65001 2
415.75001 2
415.85001 2
415.95001 2
416.05001 2
416.15001 2
416.25001 2
416.35001 2
416.45001 2
416.55001 2
416.65001 2
416.75001 2
416.85001 2
416.95001 2
417.05001 2
417.15001 2
417.25001 2
417.35001 2
417.45001 2
417.55001 2
417.65001 2
417.75001 2
417.85001 2
417.95001 2
418.05001 2
418.15001 2
418.25001 2
418.35001 2
418.45001 2
418.55001 2
418.65001 2
418.75001 2
418.85001 2
418.95001 2
419.05001 2
419.15001 2
419.25001 2
419.35001 2
419.45001 2
419.55001 2
419.65001 2
419.75001 2
419.85001 2
419.95001 2
420.05001 2
420.15001 2
420.25001 2
420.35001 2
420.45001 2
420.55001 2
420.65001 2
420.75001 2
420.85001 2
420.95001 2
421.05001 2
421.15001 2
421.25001 2
421.35001 2
421.45001 2
421.55001 2
421.65001 2
421.75001 2
421.85001 2
421.95001 2
422.05001 2
422.15001 2
422.25001 2
422.35001 2
422.45001 2
422.55001 2
422.65001 2
422.75001 2
422.85001 2
422.95001 2
423.05001 2
423.15001 2
423.25001 2
423.35001 2
423.45001 2
423.55001 2
423.65001 2
423.75001 2
423.85001 2
423.95001 2
424.05001 2
424.15001 2
424.25001 2
424.35001 2
424.45001 2
424.55001 2
424.65001 2
424.75001 2
424.85001 2
424.95001 2
425.05001 2
425.15001 2
425.25001 2
425.35001 2
425.45001 2
425.55001 2
425.65001 2
425.75001 2
425.85001 2
425.95001 2
426.05001 2
426.15001 2
426.25001 2
426.35001 2
426.45001 2
426.55001 2
426.65001 2
426.75001 2
426.85001 2
426.95001 2
427.05001 2
427.15001 2
427.25001 2
427.35001 2
427.45001 2
427.55001 2
427.65001 2
427.75001 2
427.85001 2
427.95001 2
428.05001 2
428.15001 2
428.25001 2
428.35001 2
428.45001 2
428.55001 2
428.65001 2
428.75001 2
428.85001 2
428.95001 2
429.05001 2
429.15001 2
429.25001 2
429.35001 2
429.45001 2
429.55001 2
429.65001 2
429.75001 2
429.85001 2
429.95001 2
430.05001 2
430.15001 2
430.25001 2
430.35001 2
430.45001 2
430.55001 2
430.65001 2
430.75001 2
430.85001 2
430.95001 2
431.05001 2
431.15001 2
431.25001 2
431.35001 2
431.45001 2
431.55001 2
431.65001 2
431.75001 2
431.85001 2
431.95001 2
432.05001 2
432.15001 2
432.25001 2
432.35001 2
432.45001 2
432.55001 2
432.65001 2
432.75001 2
432.85001 2
432.95001 2
433.05001 2
433.15001 2
433.25001 2
433.35001 2
433.45001 2
433.55001 2
433.65001 2
433.75001 2
433.85001 2
433.95001 2
434.05001 2
434.15001 2
434.25001 2
434.35001 2
434.45001 2
434.55001 2
434.65001 2
434.75001 2
434.85001 2
434.95001 2
435.05001 2
435.15001 2
435.25001 2
435.35001 2
435.45001 2
435.55001 2
435.65001 2
435.75001 2
435.85001 2
435.95001 2
436.05001 2
436.15001 2
436.25001 2
436.35001 2
436.45001 2
436.55001 2
436.65001 2
436.75001 2
436.85001 2
436.95001 2
437.05001 2
437.15001 2
437.25001 2
437.35001 2
437.45001 2
437.55001 2
437.65001 2
437.75001 2
437.85001 2
437.95001 2
438.05001 2
438.15001 2
438.25001 2
438.35001 2
438.45001 2
438.55001 2
438.65001 2
438.75001 2
438.85001 2
438.95001 2
439.05001 2
439.15001 2
439.25001 2
439.35001 2
439.45001 2
439.55001 2
439.65001 2
439.75001 2
439.85001 2
439.95001 2
440.05001 2
440.15001 2
440.25001 2
440.35001 2
440.45001 2
440.55001 2
440.65001 2
440.75001 2
440.85001 2
440.95001 2
441.05001 2
441.15001 2
441.25001 2
441.35001 2
441.45001 2
441.55001 2
441.65001 2
441.75001 2
441.85001 2
441.95001 2
442.05001 2
442.15001 2
442.25001 2
442.35001 2
442.45001 2
442.55001 2
442.65001 2
442.75001 2
442.85001 2
442.95001 2
443.05001 2
443.15001 2
443.25001 2
443.35001 2
443.45001 2
443.55001 2
443.65001 2
443.75001 2
443.85001 2
443.95001 2
444.05001 2
444.15001 2
444.25001 2
444.35001 2
444.45001 2
444.55001 2
444.65001 2
444.75001 2
444.85001 2
444.95001 2
445.05001 2
445.15001 2
445.25001 2
445.35001 2
445.45001 2
445.55001 2
445.65001 2
445.75001 2
445.85001 2
445.95001 2
446.05001 2
446.15001 2
446.25001 2
446.35001 2
446.45001 2
446.55001 2
446.65001 2
446.75001 2
446.85001 2
446.95001 2
447.05001 2
447.15001 2
447.25001 2
447.35001 2
447.45001 2
447.55001 2
447.65001 2
447.75001 2
447.85001 2
447.95001 2
448.05001 2
448.15001 2
448.25001 2
448.35001 2
448.45001 2
448.55001 2
448.65001 2
448.75001 2
448.85001 2
448.95001 2
449.05001 2
449.15001 2
449.25001 2
449.35001 2
449.45001 2
449.55001 2
449.65001 2
449.75001 2
449.85001 2
449.95001 2
450.05001 2
450.15001 2
450.25001 2
450.35001 2
450.45001 2
450.55001 2
450.65001 2
450.75001 2
450.85001 2
450.95001 2
451.05001 2
451.15001 2
451.25001 2
451.35001 2
451.45001 2
451.55001 2
451.65001 2
451.75001 2
451.85001 2
451.95001 2
452.05001 2
452.15001 2
452.25001 2
452.35001 2
452.45001 2
452.55001 2
452.65001 2
452.75001 2
452.85001 2
452.95001 2
453.05001 2
453.15001 2
453.25001 2
453.35001 2
453.45001 2
453.55001 2
453.65001 2
453.75001 2
453.85001 2
453.95001 2
454.05001 2
454.15001 2
454.25001 2
454.35001 2
454.45001 2
454.55001 2
454.65001 2
454.75001 2
454.85001 2
454.95001 2
455.05001 2
455.15001 2
455.25001 2
455.35001 2
455.45001 2
455.55001 2
455.65001 2
455.75001 2
455.85001 2
455.95001 2
456.05001 2
456.15001 2
456.25001 2
456.35001 2
456.45001 2
456.55001 2
456.65001 2
456.75001 2
456.85001 2
456.95001 2
457.05001 2
457.15001 2
457.25001 2
457.35001 2
457.45001 2
457.55001 2
457.65001 2
457.75001 2
457.85001 2
457.95001 2
458.05001 2
458.15001 2
458.25001 2
458.35001 2
458.45001 2
458.55001 2
458.65001 2
458.75001 2
458.85001 2
458.95001 2
459.05001 2
459.15001 2
459.25001 2
459.35001 2
459.45001 2
459.55001 2
459.65001 2
459.75001 2
459.85001 2
459.95001 2
460.05001 2
460.15001 2
460.25001 2
460.35001 2
460.45001 2
460.55001 2
460.65001 2
460.75001 2
460.85001 2
460.95001 2
461.05001 2
461.15001 2
461.25001 2
461.35001 2
461.45001 2
461.55001 2
461.65001 2
461.75001 2
461.85001 2
461.95001 2
462.05001 2
462.15001 2
462.25001 2
462.35001 2
462.45001 2
462.55001 2
462.65001 2
462.75001 2
462.85001 2
462.95001 2
463.05001 2
463.15001 2
463.25001 2
463.35001 2
463.45001 2
463.55001 2
463.65001 2
463.75001 2
463.85001 2
463.95001 2
464.05001 2
464.15001 2
464.25001 2
464.35001 2
464.45001 2
464.55001 2
464.65001 2
464.75001 2
464.85001 2
464.95001 2
465.05001 2
465.15001 2
465.25001 2
465.35001 2
465.45001 2
465.55001 2
465.65001 2
465.75001 2
465.85001 2
465.95001 2
466.05001 2
466.15001 2
466.25001 2
466.35001 2
466.45001 2
466.55001 2
466.65001 2
466.75001 2
466.85001 2
466.95001 2
467.05001 2
467.15001 2
467.25001 2
467.35001 2
467.45001 2
467.55001 2
467.65001 2
467.75001 2
467.85001 2
467.95001 2
468.05001 2
468.15001 2
468.25001 2
468.35001 2
468.45001 2
468.55001 2
468.65001 2
468.75001 2
468.85001 2
468.95001 2
469.05001 2
469.15001 2
469.25001 2
469.35001 2
469.45001 2
469.55001 2
469.65001 2
469.75001 2
469.85001 2
469.95001 2
470.05001 2
470.15001 2
470.25001 2
470.35001 2
470.45001 2
470.55001 2
470.65001 2
470.75001 2
470.85001 2
470.95001 2
471.05001 2
471.15001 2
471.25001 2
471.35001 2
471.45001 2
471.55001 2
471.65001 2
471.75001 2
471.85001 2
471.95001 2
472.05001 2
472.15001 2
472.25001 2
472.35001 2
472.45001 2
472.55001 2
472.65001 2
472.75001 2
472.85001 2
472.95001 2
473.05001 2
473.15001 2
473.25001 2
473.35001 2
473.45001 2
473.55001 2
473.65001 2
473.75001 2
473.85001 2
473.95001 2
474.05001 2
474.15001 2
474.25001 2
474.35001 2
474.45001 2
474.55001 2
474.65001 2
474.75001 2
474.85001 2
474.95001 2
475.05001 2
475.15001 2
475.25001 2
475.35001 2
475.45001 2
475.55001 2
475.65001 2
475.75001 2
475.85001 2
475.95001 2
476.05001 2
476.15001 2
476.25001 2
476.35001 2
476.45001 2
476.55001 2
476.65001 2
476.75001 2
476.85001 2
476.95001 2
477.05001 2
477.15001 2
477.25001 2
477.35001 2
477.45001 2
477.55001 2
477.65001 2
477.75001 2
477.85001 2
477.95001 2
478.05001 2
478.15001 2
478.25001 2
478.35001 2
478.45001 2
478.55001 2
478.65001 2
478.75001 2
478.85001 2
478.95001 2
479.05001 2
479.15001 2
479.25001 2
479.35001 2
479.45001 2
479.55001 2
479.65001 2
479.75001 2
479.85001 2
479.95001 2
480.05001 2
480.15001 2
480.25001 2
480.35001 2
480.45001 2
480.55001 2
480.65001 2
480.75001 2
480.85001 2
480.95001 2
481.05001 2
481.15001 2
481.25001 2
481.35001 2
481.45001 2
481.55001 2
481.65001 2
481.75001 2
481.85001 2
481.95001 2
482.05001 2
482.15001 2
482.25001 2
482.35001 2
482.45001 2
482.55001 2
482.65001 2
482.75001 2
482.85001 2
482.95001 2
483.05001 2
483.15001 2
483.25001 2
483.35001 2
483.45001 2
483.55001 2
483.65001 2
483.75001 2
483.85001 2
483.95001 2
484.05001 2
484.15001 2
484.25001 2
484.35001 2
484.45001 2
484.55001 2
484.65001 2
484.75001 2
484.85001 2
484.95001 2
485.05001 2
485.15001 2
485.25001 2
485.35001 2
485.45001 2
485.55001 2
485.65001 2
485.75001 2
485.85001 2
485.95001 2
486.05001 2
486.15001 2
486.25001 2
486.35001 2
486.45001 2
486.55001 2
486.65001 2
486.75001 2
486.85001 2
486.95001 2
487.05001 2
487.15001 2
487.25001 2
487.35001 2
487.45001 2
487.55001 2
487.65001 2
487.75001 2
487.85001 2
487.95001 2
488.05001 2
488.15001 2
488.25001 2
488.35001 2
488.45001 2
488.55001 2
488.65001 2
488.75001 2
488.85001 2
488.95001 2
489.05001 2
489.15001 2
489.25001 2
489.35001 2
489.45001 2
489.55001 2
489.65001 2
489.75001 2
489.85001 2
489.95001 2
490.05001 2
490.15001 2
490.25001 2
490.35001 2
490.45001 2
490.55001 2
490.65001 2
490.75001 2
490.85001 2
490.95001 2
491.05001 2
491.15001 2
491.25001 2
491.35001 2
491.45001 2
491.55001 2
491.65001 2
491.75001 2
491.85001 2
491.95001 2
492.05001 2
492.15001 2
492.25001 2
492.35001 2
492.45001 2
492.55001 2
492.65001 2
492.75001 2
492.85001 2
492.95001 2
493.05001 2
493.15001 2
493.25001 2
493.35001 2
493.45001 2
493.55001 2
493.65001 2
493.75001 2
493.85001 2
493.95001 2
494.05001 2
494.15001 2
494.25001 2
494.35001 2
494.45001 2
494.55001 2
494.65001 2
494.75001 2
494.85001 2
494.95001 2
495.05001 2
495.15001 2
495.25001 2
495.35001 2
495.45001 2
495.55001 2
495.65001 2
495.75001 2
495.85001 2
495.95001 2
496.05001 2
496.15001 2
496.25001 2
496.35001 2
496.45001 2
496.55001 2
496.65001 2
496.75001 2
496.85001 2
496.95001 2
497.05001 2
497.15001 2
497.25001 2
497.35001 2
497.45001 2
497.55001 2
497.65001 2
497.75001 2
497.85001 2
497.95001 2
498.05001 2
498.15001 2
498.25001 2
498.35001 2
498.45001 2
498.55001 2
498.65001 2
498.75001 2
498.85001 2
498.95001 2
499.05001 2
499.15001 2
499.25001 2
499.35001 2
499.45001 2
499.55001 2
499.65001 2
499.75001 2
499.85001 2
499.95001 2
500.05001 2
500.15001 2
500.25001 2
500.35001 2
500.45001 2
500.55001 2
500.65001 2
500.75001 2
500.85001 2
500.95001 2
501.05001 2
501.15001 2
501.25001 2
501.35001 2
501.45001 2
501.55001 2
501.65001 2
501.75001 2
501.85001 2
501.95001 2
502.05001 2
502.15001 2
502.25001 2
502.35001 2
502.45001 2
502.55001 2
502.65001 2
502.75001 2
502.85001 2
502.95001 2
503.05001 2
503.15001 2
503.25001 2
503.35001 2
503.45001 2
503.55001 2
503.65001 2
503.75001 2
503.85001 2
503.95001 2
504.05001 2
504.15001 2
504.25001 2
504.35001 2
504.45001 2
504.55001 2
504.65001 2
504.75001 2
504.85001 2
504.95001 2
505.05001 2
505.15001 2
505.25001 2
505.35001 2
505.45001 2
505.55001 2
505.65001 2
505.75001 2
505.85001 2
505.95001 2
506.05001 2
506.15001 2
506.25001 2
506.35001 2
506.45001 2
506.55001 2
506.65001 2
506.75001 2
506.85001 2
506.95001 2
507.05001 2
507.15001 2
507.25001 2
507.35001 2
507.45001 2
507.55001 2
507.65001 2
507.75001 2
507.85001 2
507.95001 2
508.05001 2
508.15001 2
508.25001 2
508.35001 2
508.45001 2
508.55001 2
508.65001 2
508.75001 2
508.85001 2
508.95001 2
509.05001 2
509.15001 2
509.25001 2
509.35001 2
509.45001 2
509.55001 2
509.65001 2
509.75001 2
509.85001 2
509.95001 2
510.05001 2
510.15001 2
510.25001 2
510.35001 2
510.45001 2
510.55001 2
510.65001 2
510.75001 2
510.85001 2
510.95001 2
511.05001 2
511.15001 2
511.25001 2
511.35001 2
511.45001 2
511.55001 2
511.65001 2
511.75001 2
511.85001 2
511.95001 2
512.05001 2
512.15001 2
512.25001 2
512.35001 2
512.45001 2
512.55001 2
512.65001 2
512.75001 2
512.85001 2
512.95001 2
513.05001 2
513.15001 2
513.25001 2
513.35001 2
513.45001 2
513.55001 2
513.65001 2
513.75001 2
513.85001 2
513.95001 2
514.05001 2
514.15001 2
514.25001 2
514.35001 2
514.45001 2
514.55001 2
514.65001 2
514.75001 2
514.85001 2
514.95001 2
515.05001 2
515.15001 2
515.25001 2
515.35001 2
515.45001 2
515.55001 2
515.65001 2
515.75001 2
515.85001 2
515.95001 2
516.05001 2
516.15001 2
516.25001 2
516.35001 2
516.45001 2
516.55001 2
516.65001 2
516.75001 2
516.85001 2
516.95001 2
517.05001 2
517.15001 2
517.25001 2
517.35001 2
517.45001 2
517.55001 2
517.65001 2
517.75001 2
517.85001 2
517.95001 2
518.05001 2
518.15001 2
518.25001 2
518.35001 2
518.45001 2
518.55001 2
518.65001 2
518.75001 2
518.85001 2
518.95001 2
519.05001 2
519.15001 2
519.25001 2
519.35001 2
519.45001 2
519.55001 2
519.65001 2
519.75001 2
519.85001 2
519.95001 2
520.05001 2
520.15001 2
520.25001 2
520.35001 2
520.45001 2
520.55001 2
520.65001 2
520.75001 2
520.85001 2
520.95001 2
521.05001 2
521.15001 2
521.25001 2
521.35001 2
521.45001 2
521.55001 2
521.65001 2
521.75001 2
521.85001 2
521.95001 2
522.05001 2
522.15001 2
522.25001 2
522.35001 2
522.45001 2
522.55001 2
522.65001 2
522.75001 2
522.85001 2
522.95001 2
523.05001 2
523.15001 2
523.25001 2
523.35001 2
523.45001 2
523.55001 2
523.65001 2
523.75001 2
523.85001 2
523.95001 2
524.05001 2
524.15001 2
524.25001 2
524.35001 2
524.45001 2
524.55001 2
524.65001 2
524.75001 2
524.85001 2
524.95001 2
525.05001 2
525.15001 2
525.25001 2
525.35001 2
525.45001 2
525.55001 2
525.65001 2
525.75001 2
525.85001 2
525.95001 2
526.05001 2
526.15001 2
526.25001 2
526.35001 2
526.45001 2
526.55001 2
526.65001 2
526.75001 2
526.85001 2
526.95001 2
527.05001 2
527.15001 2
527.25001 2
527.35001 2
527.45001 2
527.55001 2
527.65001 2
527.75001 2
527.85001 2
527.95001 2
528.05001 2
528.15001 2
528.25001 2
528.35001 2
528.45001 2
528.55001 2
528.65001 2
528.75001 2
528.85001 2
528.95001 2
529.05001 2
529.15001 2
529.25001 2
529.35001 2
529.45001 2
529.55001 2
529.65001 2
529.75001 2
529.85001 2
529.95001 2
530.05001 2
530.15001 2
530.25001 2
530.35001 2
530.45001 2
530.55001 2
530.65001 2
530.75001 2
530.85001 2
530.95001 2
531.05001 2
531.15001 2
531.25001 2
531.35001 2
531.45001 2
531.55001 2
531.65001 2
531.75001 2
531.85001 2
531.95001 2
532.05001 2
532.15001 2
532.25001 2
532.35001 2
532.45001 2
532.55001 2
532.65001 2
532.75001 2
532.85001 2
532.95001 2
533.05001 2
533.15001 2
533.25001 2
533.35001 2
533.45001 2
533.55001 2
533.65001 2
533.75001 2
533.85001 2
533.95001 2
534.05001 2
534.15001 2
534.25001 2
534.35001 2
534.45001 2
534.55001 2
534.65001 2
534.75001 2
534.85001 2
534.95001 2
535.05001 2
535.15001 2
535.25001 2
535.35001 2
535.45001 2
535.55001 2
535.65001 2
535.75001 2
535.85001 2
535.95001 2
536.05001 2
536.15001 2
536.25001 2
536.35001 2
536.45001 2
536.55001 2
536.65001 2
536.75001 2
536.85001 2
536.95001 2
537.05001 2
537.15001 2
537.25001 2
537.35001 2
537.45001 2
537.55001 2
537.65001 2
537.75001 2
537.85001 2
537.95001 2
538.05001 2
538.15001 2
538.25001 2
538.35001 2
538.45001 2
538.55001 2
538.65001 2
538.75001 2
538.85001 2
538.95001 2
539.05001 2
539.15001 2
539.25001 2
539.35001 2
539.45001 2
539.55001 2
539.65001 2
539.75001 2
539.85001 2
539.95001 2
540.05001 2
540.15001 2
540.25001 2
540.35001 2
540.45001 2
540.55001 2
540.65001 2
540.75001 2
540.85001 2
540.95001 2
541.05001 2
541.15001 2
541.25001 2
541.35001 2
541.45001 2
541.55001 2
541.65001 2
541.75001 2
541.85001 2
541.95001 2
542.05001 2
542.15001 2
542.25001 2
542.35001 2
542.45001 2
542.55001 2
542.65001 2
542.75001 2
542.85001 2
542.95001 2
543.05001 2
543.15001 2
543.25001 2
543.35001 2
543.45001 2
543.55001 2
543.65001 2
543.75001 2
543.85001 2
543.95001 2
544.05001 2
544.15001 2
544.25001 2
544.35001 2
544.45001 2
544.55001 2
544.65001 2
544.75001 2
544.85001 2
544.95001 2
545.05001 2
545.15001 2
545.25001 2
545.35001 2
545.45001 2
545.55001 2
545.65001 2
545.75001 2
545.85001 2
545.95001 2
546.05001 2
546.15001 2
546.25001 2
546.35001 2
546.45001 2
546.55001 2
546.65001 2
546.75001 2
546.85001 2
546.95001 2
547.05001 2
547.15001 2
547.25001 2
547.35001 2
547.45001 2
547.55001 2
547.65001 2
547.75001 2
547.85001 2
547.95001 2
548.05001 2
548.15001 2
548.25001 2
548.35001 2
548.45001 2
548.55001 2
548.65001 2
548.75001 2
548.85001 2
548.95001 2
549.05001 2
549.15001 2
549.25001 2
549.35001 2
549.45001 2
549.55001 2
549.65001 2
549.75001 2
549.85001 2
549.95001 2
550.05001 2
550.15001 2
550.25001 2
550.35001 2
550.45001 2
550.55001 2
550.65001 2
550.75001 2
550.85001 2
550.95001 2
551.05001 2
551.15001 2
551.25001 2
551.35001 2
551.45001 2
551.55001 2
551.65001 2
551.75001 2
551.85001 2
551.95001 2
552.05001 2
552.15001 2
552.25001 2
552.35001 2
552.45001 2
552.55001 2
552.65001 2
552.75001 2
552.85001 2
552.95001 2
553.05001 2
553.15001 2
553.25001 2
553.35001 2
553.45001 2
553.55001 2
553.65001 2
553.75001 2
553.85001 2
553.95001 2
554.05001 2
554.15001 2
554.25001 2
554.35001 2
554.45001 2
554.55001 2
554.65001 2
554.75001 2
554.85001 2
554.95001 2
555.05001 2
555.15001 2
555.25001 2
555.35001 2
555.45001 2
555.55001 2
555.65001 2
555.75001 2
555.85001 2
555.95001 2
556.05001 2
556.15001 2
556.25001 2
556.35001 2
556.45001 2
556.55001 2
556.65001 2
556.75001 2
556.85001 2
556.95001 2
557.05001 2
557.15001 2
557.25001 2
557.35001 2
557.45001 2
557.55001 2
557.65001 2
557.75001 2
557.85001 2
557.95001 2
558.05001 2
558.15001 2
558.25001 2
558.35001 2
558.45001 2
558.55001 2
558.65001 2
558.75001 2
558.85001 2
558.95001 2
559.05001 2
559.15001 2
559.25001 2
559.35001 2
559.45001 2
559.55001 2
559.65001 2
559.75001 2
559.85001 2
559.95001 2
560.05001 2
560.15001 2
560.25001 2
560.35001 2
560.45001 2
560.55001 2
560.65001 2
560.75001 2
560.85001 2
560.95001 2
561.05001 2
561.15001 2
561.25001 2
561.35001 2
561.45001 2
561.55001 2
561.65001 2
561.75001 2
561.85001 2
561.95001 2
562.05001 2
562.15001 2
562.25001 2
562.35001 2
562.45001 2
562.55001 2
562.65001 2
562.75001 2
562.85001 2
562.95001 2
563.05001 2
563.15001 2
563.25001 2
563.35001 2
563.45001 2
563.55001 2
563.65001 2
563.75001 2
563.85001 2
563.95001 2
564.05001 2
564.15001 2
564.25001 2
564.35001 2
564.45001 2
564.55001 2
564.65001 2
564.75001 2
564.85001 2
564.95001 2
565.05001 2
565.15001 2
565.25001 2
565.35001 2
565.45001 2
565.55001 2
565.65001 2
565.75001 2
565.85001 2
565.95001 2
566.05001 2
566.15001 2
566.25001 2
566.35001 2
566.45001 2
566.55001 2
566.65001 2
566.75001 2
566.85001 2
566.95001 2
567.05001 2
567.15001 2
567.25001 2
567.35001 2
567.45001 2
567.55001 2
567.65001 2
567.75001 2
567.85001 2
567.95001 2
568.05001 2
568.15001 2
568.25001 2
568.35001 2
568.45001 2
568.55001 2
568.65001 2
568.75001 2
568.85001 2
568.95001 2
569.05001 2
569.15001 2
569.25001 2
569.35001 2
569.45001 2
569.55001 2
569.65001 2
569.75001 2
569.85001 2
569.95001 2
570.05001 2
570.15001 2
570.25001 2
570.35001 2
570.45001 2
570.55001 2
570.65001 2
570.75001 2
570.85001 2
570.95001 2
571.05001 2
571.15001 2
571.25001 2
571.35001 2
571.45001 2
571.55001 2
571.65001 2
571.75001 2
571.85001 2
571.95001 2
572.05001 2
572.15001 2
572.25001 2
572.35001 2
572.45001 2
572.55001 2
572.65001 2
572.75001 2
572.85001 2
572.95001 2
573.05001 2
573.15001 2
573.25001 2
573.35001 2
573.45001 2
573.55001 2
573.65001 2
573.75001 2
573.85001 2
573.95001 2
574.05001 2
574.15001 2
574.25001 2
574.35001 2
574.45001 2
574.55001 2
574.65001 2
574.75001 2
574.85001 2
574.95001 2
575.05001 2
575.15001 2
575.25001 2
575.35001 2
575.45001 2
575.55001 2
575.65001 2
575.75001 2
575.85001 2
575.95001 2
576.05001 2
576.15001 2
576.25001 2
576.35001 2
576.45001 2
576.55001 2
576.65001 2
576.75001 2
576.85001 2
576.95001 2
577.05001 2
577.15001 2
577.25001 2
577.35001 2
577.45001 2
577.55001 2
577.65001 2
577.75001 2
577.85001 2
577.95001 2
578.05001 2
578.15001 2
578.25001 2
578.35001 2
578.45001 2
578.55001 2
578.65001 2
578.75001 2
578.85001 2
578.95001 2
579.05001 2
579.15001 2
579.25001 2
579.35001 2
579.45001 2
579.55001 2
579.65001 2
579.75001 2
579.85001 2
579.95001 2
580.05001 2
580.15001 2
580.25001 2
580.35001 2
580.45001 2
580.55001 2
580.65001 2
580.75001 2
580.85001 2
580.95001 2
581.05001 2
581.15001 2
581.25001 2
581.35001 2
581.45001 2
581.55001 2
581.65001 2
581.75001 2
581.85001 2
581.95001 2
582.05001 2
582.15001 2
582.25001 2
582.35001 2
582.45001 2
582.55001 2
582.65001 2
582.75001 2
582.85001 2
582.95001 2
583.05001 2
583.15001 2
583.25001 2
583.35001 2
583.45001 2
583.55001 2
583.65001 2
583.75001 2
583.85001 2
583.95001 2
584.05001 2
584.15001 2
584.25001 2
584.35001 2
584.45001 2
584.55001 2
584.65001 2
584.75001 2
584.85001 2
584.95001 2
585.05001 2
585.15001 2
585.25001 2
585.35001 2
585.45001 2
585.55001 2
585.65001 2
585.75001 2
585.85001 2
585.95001 2
586.05001 2
586.15001 2
586.25001 2
586.35001 2
586.45001 2
586.55001 2
586.65001 2
586.75001 2
586.85001 2
586.95001 2
587.05001 2
587.15001 2
587.25001 2
587.35001 2
587.45001 2
587.55001 2
587.65001 2
587.75001 2
587.85001 2
587.95001 2
588.05001 2
588.15001 2
588.25001 2
588.35001 2
588.45001 2
588.55001 2
588.65001 2
588.75001 2
588.85001 2
588.95001 2
589.05001 2
589.15001 2
589.25001 2
589.35001 2
589.45001 2
589.55001 2
589.65001 2
589.75001 2
589.85001 2
589.95001 2
590.05001 2
590.15001 2
590.25001 2
590.35001 2
590.45001 2
590.55001 2
590.65001 2
590.75001 2
590.85001 2
590.95001 2
591.05001 2
591.15001 2
591.25001 2
591.35001 2
591.45001 2
591.55001 2
591.65001 2
591.75001 2
591.85001 2
591.95001 2
592.05001 2
592.15001 2
592.25001 2
592.35001 2
592.45001 2
592.55001 2
592.65001 2
592.75001 2
592.85001 2
592.95001 2
593.05001 2
593.15001 2
593.25001 2
593.35001 2
593.45001 2
593.55001 2
593.65001 2
593.75001 2
593.85001 2
593.95001 2
594.05001 2
594.15001 2
594.25001 2
594.35001 2
594.45001 2
594.55001 2
594.65001 2
594.75001 2
594.85001 2
594.95001 2
595.05001 2
595.15001 2
595.25001 2
595.35001 2
595.45001 2
595.55001 2
595.65001 2
595.75001 2
595.85001 2
595.95001 2
596.05001 2
596.15001 2
596.25001 2
596.35001 2
596.45001 2
596.55001 2
596.65001 2
596.75001 2
596.85001 2
596.95001 2
597.05001 2
597.15001 2
597.25001 2
597.35001 2
597.45001 2
597.55001 2
597.65001 2
597.75001 2
597.85001 2
597.95001 2
598.05001 2
598.15001 2
598.25001 2
598.35001 2
598.45001 2
598.55001 2
598.65001 2
598.75001 2
598.85001 2
598.95001 2
599.05001 2
599.15001 2
599.25001 2
599.35001 2
599.45001 2
599.55001 2
599.65001 2
599.75001 2
599.85001 2
599.95001 2
600.05001 2
600.15001 2
600.25001 2
600.35001 2
600.45001 2
600.55001 2
600.65001 2
600.75001 2
600.85001 2
600.95001 2
601.05001 2
601.15001 2
601.25001 2
601.35001 2
601.45001 2
601.55001 2
601.65001 2
601.75001 2
601.85001 2
601.95001 2
602.05001 2
602.15001 2
602.25001 2
602.35001 2
602.45001 2
602.55001 2
602.65001 2
602.75001 2
602.85001 2
602.95001 2
603.05001 2
603.15001 2
603.25001 2
603.35001 2
603.45001 2
603.55001 2
603.65001 2
603.75001 2
603.85001 2
603.95001 2
604.05001 2
604.15001 2
604.25001 2
604.35001 2
604.45001 2
604.55001 2
604.65001 2
604.75001 2
604.85001 2
604.95001 2
605.05001 2
605.15001 2
605.25001 2
605.35001 2
605.45001 2
605.55001 2
605.65001 2
605.75001 2
605.85001 2
605.95001 2
606.05001 2
606.15001 2
606.25001 2
606.35001 2
606.45001 2
606.55001 2
606.65001 2
606.75001 2
606.85001 2
606.95001 2
607.05001 2
607.15001 2
607.25001 2
607.35001 2
607.45001 2
607.55001 2
607.65001 2
607.75001 2
607.85001 2
607.95001 2
608.05001 2
608.15001 2
608.25001 2
608.35001 2
608.45001 2
608.55001 2
608.65001 2
608.75001 2
608.85001 2
608.95001 2
609.05001 2
609.15001 2
609.25001 2
609.35001 2
609.45001 2
609.55001 2
609.65001 2
609.75001 2
609.85001 2
609.95001 2
610.05001 2
610.15001 2
610.25001 2
610.35001 2
610.45001 2
610.55001 2
610.65001 2
610.75001 2
610.85001 2
610.95001 2
611.05001 2
611.15001 2
611.25001 2
611.35001 2
611.45001 2
611.55001 2
611.65001 2
611.75001 2
611.85001 2
611.95001 2
612.05001 2
612.15001 2
612.25001 2
612.35001 2
612.45001 2
612.55001 2
612.65001 2
612.75001 2
612.85001 2
612.95001 2
613.05001 2
613.15001 2
613.25001 2
613.35001 2
613.45001 2
613.55001 2
613.65001 2
613.75001 2
613.85001 2
613.95001 2
614.05001 2
614.15001 2
614.25001 2
614.35001 2
614.45001 2
614.55001 2
614.65001 2
614.75001 2
614.85001 2
614.95001 2
615.05001 2
615.15001 2
615.25001 2
615.35001 2
615.45001 2
615.55001 2
615.65001 2
615.75001 2
615.85001 2
615.95001 2
616.05001 2
616.15001 2
616.25001 2
616.35001 2
616.45001 2
616.55001 2
616.65001 2
616.75001 2
616.85001 2
616.95001 2
617.05001 2
617.15001 2
617.25001 2
617.35001 2
617.45001 2
617.55001 2
617.65001 2
617.75001 2
617.85001 2
617.95001 2
618.05001 2
618.15001 2
618.25001 2
618.35001 2
618.45001 2
618.55001 2
618.65001 2
618.75001 2
618.85001 2
618.95001 2
619.05001 2
619.15001 2
619.25001 2
619.35001 2
619.45001 2
619.55001 2
619.65001 2
619.75001 2
619.85001 2
619.95001 2
620.05001 2
620.15001 2
620.25001 2
620.35001 2
620.45001 2
620.55001 2
620.65001 2
620.75001 2
620.85001 2
620.95001 2
621.05001 2
621.15001 2
621.25001 2
621.35001 2
621.45001 2
621.55001 2
621.65001 2
621.75001 2
621.85001 2
621.95001 2
622.05001 2
622.15001 2
622.25001 2
622.35001 2
622.45001 2
622.55001 2
622.65001 2
622.75001 2
622.85001 2
622.95001 2
623.05001 2
623.15001 2
623.25001 2
623.35001 2
623.45001 2
623.55001 2
623.65001 2
623.75001 2
623.85001 2
623.95001 2
624.05001 2
624.15001 2
624.25001 2
624.35001 2
624.45001 2
624.55001 2
624.65001 2
624.75001 2
624.85001 2
624.95001 2
625.05001 2
625.15001 2
625.25001 2
625.35001 2
625.45001 2
625.55001 2
625.65001 2
625.75001 2
625.85001 2
625.95001 2
626.05001 2
626.15001 2
626.25001 2
626.35001 2
626.45001 2
626.55001 2
626.65001 2
626.75001 2
626.85001 2
626.95001 2
627.05001 2
627.15001 2
627.25001 2
627.35001 2
627.45001 2
627.55001 2
627.65001 2
627.75001 2
627.85001 2
627.95001 2
628.05001 2
628.15001 2
628.25001 2
628.35001 2
628.45001 2
628.55001 2
628.65001 2
628.75001 2
628.85001 2
628.95001 2
629.05001 2
629.15001 2
629.25001 2
629.35001 2
629.45001 2
629.55001 2
629.65001 2
629.75001 2
629.85001 2
629.95001 2
630.05001 2
630.15001 2
630.25001 2
630.35001 2
630.45001 2
630.55001 2
630.65001 2
630.75001 2
630.85001 2
630.95001 2
631.05001 2
631.15001 2
631.25001 2
631.35001 2
631.45001 2
631.55001 2
631.65001 2
631.75001 2
631.85001 2
631.95001 2
632.05001 2
632.15001 2
632.25001 2
632.35001 2
632.45001 2
632.55001 2
632.65001 2
632.75001 2
632.85001 2
632.95001 2
633.05001 2
633.15001 2
633.25001 2
633.35001 2
633.45001 2
633.55001 2
633.65001 2
633.75001 2
633.85001 2
633.95001 2
634.05001 2
634.15001 2
634.25001 2
634.35001 2
634.45001 2
634.55001 2
634.65001 2
634.75001 2
634.85001 2
634.95001 2
635.05001 2
635.15001 2
635.25001 2
635.35001 2
635.45001 2
635.55001 2
635.65001 2
635.75001 2
635.85001 2
635.95001 2
636.05001 2
636.15001 2
636.25001 2
636.35001 2
636.45001 2
636.55001 2
636.65001 2
636.75001 2
636.85001 2
636.95001 2
637.05001 2
637.15001 2
637.25001 2
637.35001 2
637.45001 2
637.55001 2
637.65001 2
637.75001 2
637.85001 2
637.95001 2
638.05001 2
638.15001 2
638.25001 2
638.35001 2
638.45001 2
638.55001 2
638.65001 2
638.75001 2
638.85001 2
638.95001 2
639.05001 2
639.15001 2
639.25001 2
639.35001 2
639.45001 2
639.55001 2
639.65001 2
639.75001 2
639.85001 2
639.95001 2
640.05001 2
640.15001 2
640.25001 2
640.35001 2
640.45001 2
640.55001 2
640.65001 2
640.75001 2
640.85001 2
640.95001 2
641.05001 2
641.15001 2
641.25001 2
641.35001 2
641.45001 2
641.55001 2
641.65001 2
641.75001 2
641.85001 2
641.95001 2
642.05001 2
642.15001 2
642.25001 2
642.35001 2
642.45001 2
642.55001 2
642.65001 2
642.75001 2
642.85001 2
642.95001 2
643.05001 2
643.15001 2
643.25001 2
643.35001 2
643.45001 2
643.55001 2
643.65001 2
643.75001 2
643.85001 2
643.95001 2
644.05001 2
644.15001 2
644.25001 2
644.35001 2
644.45001 2
644.55001 2
644.65001 2
644.75001 2
644.85001 2
644.95001 2
645.05001 2
645.15001 2
645.25001 2
645.35001 2
645.45001 2
645.55001 2
645.65001 2
645.75001 2
645.85001 2
645.95001 2
646.05001 2
646.15001 2
646.25001 2
646.35001 2
646.45001 2
646.55001 2
646.65001 2
646.75001 2
646.85001 2
646.95001 2
647.05001 2
647.15001 2
647.25001 2
647.35001 2
647.45001 2
647.55001 2
647.65001 2
647.75001 2
647.85001 2
647.95001 2
648.05001 2
648.15001 2
648.25001 2
648.35001 2
648.45001 2
648.55001 2
648.65001 2
648.75001 2
648.85001 2
648.95001 2
649.05001 2
649.15001 2
649.25001 2
649.35001 2
649.45001 2
649.55001 2
649.65001 2
649.75001 2
649.85001 2
649.95001 2
650.05001 2
650.15001 2
650.25001 2
650.35001 2
650.45001 2
650.55001 2
650.65001 2
650.75001 2
650.85001 2
650.95001 2
651.05001 2
651.15001 2
651.25001 2
651.35001 2
651.45001 2
651.55001 2
651.65001 2
651.75001 2
651.85001 2
651.95001 2
652.05001 2
652.15001 2
652.25001 2
652.35001 2
652.45001 2
652.55001 2
652.65001 2
652.75001 2
652.85001 2
652.95001 2
653.05001 2
653.15001 2
653.25001 2
653.35001 2
653.45001 2
653.55001 2
653.65001 2
653.75001 2
653.85001 2
653.95001 2
654.05001 2
654.15001 2
654.25001 2
654.35001 2
654.45001 2
654.55001 2
654.65001 2
654.75001 2
654.85001 2
654.95001 2
655.05001 2
655.15001 2
655.25001 2
655.35001 2
655.45001 2
655.55001 2
655.65001 2
655.75001 2
655.85001 2
655.95001 2
656.05001 2
656.15001 2
656.25001 2
656.35001 2
656.45001 2
656.55001 2
656.65001 2
656.75001 2
656.85001 2
656.95001 2
657.05001 2
657.15001 2
657.25001 2
657.35001 2
657.45001 2
657.55001 2
657.65001 2
657.75001 2
657.85001 2
657.95001 2
658.05001 2
658.15001 2
658.25001 2
658.35001 2
658.45001 2
658.55001 2
658.65001 2
658.75001 2
658.85001 2
658.95001 2
659.05001 2
659.15001 2
659.25001 2
659.35001 2
659.45001 2
659.55001 2
659.65001 2
659.75001 2
659.85001 2
659.95001 2
660.05001 2
660.15001 2
660.25001 2
660.35001 2
660.45001 2
660.55001 2
660.65001 2
660.75001 2
660.85001 2
660.95001 2
661.05001 2
661.15001 2
661.25001 2
661.35001 2
661.45001 2
661.55001 2
661.65001 2
661.75001 2
661.85001 2
661.95001 2
662.05001 2
662.15001 2
662.25001 2
662.35001 2
662.45001 2
662.55001 2
662.65001 2
662.75001 2
662.85001 2
662.95001 2
663.05001 2
663.15001 2
663.25001 2
663.35001 2
663.45001 2
663.55001 2
663.65001 2
663.75001 2
663.85001 2
663.95001 2
664.05001 2
664.15001 2
664.25001 2
664.35001 2
664.45001 2
664.55001 2
664.65001 2
664.75001 2
664.85001 2
664.95001 2
665.05001 2
665.15001 2
665.25001 2
665.35001 2
665.45001 2
665.55001 2
665.65001 2
665.75001 2
665.85001 2
665.95001 2
666.05001 2
666.15001 2
666.25001 2
666.35001 2
666.45001 2
666.55001 2
666.65001 2
666.75001 2
666.85001 2
666.95001 2
667.05001 2
667.15001 2
667.25001 2
667.35001 2
667.45001 2
667.55001 2
667.65001 2
667.75001 2
667.85001 2
667.95001 2
668.05001 2
668.15001 2
668.25001 2
668.35001 2
668.45001 2
668.55001 2
668.65001 2
668.75001 2
668.85001 2
668.95001 2
669.05001 2
669.15001 2
669.25001 2
669.35001 2
669.45001 2
669.55001 2
669.65001 2
669.75001 2
669.85001 2
669.95001 2
670.05001 2
670.15001 2
670.25001 2
670.35001 2
670.45001 2
670.55001 2
670.65001 2
670.75001 2
670.85001 2
670.95001 2
671.05001 2
671.15001 2
671.25001 2
671.35001 2
671.45001 2
671.55001 2
671.65001 2
671.75001 2
671.85001 2
671.95001 2
672.05001 2
672.15001 2
672.25001 2
672.35001 2
672.45001 2
672.55001 2
672.65001 2
672.75001 2
672.85001 2
672.95001 2
673.05001 2
673.15001 2
673.25001 2
673.35001 2
673.45001 2
673.55001 2
673.65001 2
673.75001 2
673.85001 2
673.95001 2
674.05001 2
674.15001 2
674.25001 2
674.35001 2
674.45001 2
674.55001 2
674.65001 2
674.75001 2
674.85001 2
674.95001 2
675.05001 2
675.15001 2
675.25001 2
675.35001 2
675.45001 2
675.55001 2
675.65001 2
675.75001 2
675.85001 2
675.95001 2
676.05001 2
676.15001 2
676.25001 2
676.35001 2
676.45001 2
676.55001 2
676.65001 2
676.75001 2
676.85001 2
676.95001 2
677.05001 2
677.15001 2
677.25001 2
677.35001 2
677.45001 2
677.55001 2
677.65001 2
677.75001 2
677.85001 2
677.95001 2
678.05001 2
678.15001 2
678.25001 2
678.35001 2
678.45001 2
678.55001 2
678.65001 2
678.75001 2
678.85001 2
678.95001 2
679.05001 2
679.15001 2
679.25001 2
679.35001 2
679.45001 2
679.55001 2
679.65001 2
679.75001 2
679.85001 2
679.95001 2
680.05001 2
680.15001 2
680.25001 2
680.35001 2
680.45001 2
680.55001 2
680.65001 2
680.75001 2
680.85001 2
680.95001 2
681.05001 2
681.15001 2
681.25001 2
681.35001 2
681.45001 2
681.55001 2
681.65001 2
681.75001 2
681.85001 2
681.95001 2
682.05001 2
682.15001 2
682.25001 2
682.35001 2
682.45001 2
682.55001 2
682.65001 2
682.75001 2
682.85001 2
682.95001 2
683.05001 2
683.15001 2
683.25001 2
683.35001 2
683.45001 2
683.55001 2
683.65001 2
683.75001 2
683.85001 2
683.95001 2
684.05001 2
684.15001 2
684.25001 2
684.35001 2
684.45001 2
684.55001 2
684.65001 2
684.75001 2
684.85001 2
684.95001 2
685.05001 2
685.15001 2
685.25001 2
685.35001 2
685.45001 2
685.55001 2
685.65001 2
685.75001 2
685.85001 2
685.95001 2
686.05001 2
686.15001 2
686.25001 2
686.35001 2
686.45001 2
686.55001 2
686.65001 2
686.75001 2
686.85001 2
686.95001 2
687.05001 2
687.15001 2
687.25001 2
687.35001 2
687.45001 2
687.55001 2
687.65001 2
687.75001 2
687.85001 2
687.95001 2
688.05001 2
688.15001 2
688.25001 2
688.35001 2
688.45001 2
688.55001 2
688.65001 2
688.75001 2
688.85001 2
688.95001 2
689.05001 2
689.15001 2
689.25001 2
689.35001 2
689.45001 2
689.55001 2
689.65001 2
689.75001 2
689.85001 2
689.95001 2
690.05001 2
690.15001 2
690.25001 2
690.35001 2
690.45001 2
690.55001 2
690.65001 2
690.75001 2
690.85001 2
690.95001 2
691.05001 2
691.15001 2
691.25001 2
691.35001 2
691.45001 2
691.55001 2
691.65001 2
691.75001 2
691.85001 2
691.95001 2
692.05001 2
692.15001 2
692.25001 2
692.35001 2
692.45001 2
692.55001 2
692.65001 2
692.75001 2
692.85001 2
692.95001 2
693.05001 2
693.15001 2
693.25001 2
693.35001 2
693.45001 2
693.55001 2
693.65001 2
693.75001 2
693.85001 2
693.95001 2
694.05001 2
694.15001 2
694.25001 2
694.35001 2
694.45001 2
694.55001 2
694.65001 2
694.75001 2
694.85001 2
694.95001 2
695.05001 2
695.15001 2
695.25001 2
695.35001 2
695.45001 2
695.55001 2
695.65001 2
695.75001 2
695.85001 2
695.95001 2
696.05001 2
696.15001 2
696.25001 2
696.35001 2
696.45001 2
696.55001 2
696.65001 2
696.75001 2
696.85001 2
696.95001 2
697.05001 2
697.15001 2
697.25001 2
697.35001 2
697.45001 2
697.55001 2
697.65001 2
697.75001 2
697.85001 2
697.95001 2
698.05001 2
698.15001 2
698.25001 2
698.35001 2
698.45001 2
698.55001 2
698.65001 2
698.75001 2
698.85001 2
698.95001 2
699.05001 2
699.15001 2
699.25001 2
699.35001 2
699.45001 2
699.55001 2
699.65001 2
699.75001 2
699.85001 2
699.95001 2
700.05001 2
700.15001 2
700.25001 2
700.35001 2
700.45001 2
700.55001 2
700.65001 2
700.75001 2
700.85001 2
700.95001 2
701.05001 2
701.15001 2
701.25001 2
701.35001 2
701.45001 2
701.55001 2
701.65001 2
701.75001 2
701.85001 2
701.95001 2
702.05001 2
702.15001 2
702.25001 2
702.35001 2
702.45001 2
702.55001 2
702.65001 2
702.75001 2
702.85001 2
702.95001 2
703.05001 2
703.15001 2
703.25001 2
703.35001 2
703.45001 2
703.55001 2
703.65001 2
703.75001 2
703.85001 2
703.95001 2
704.05001 2
704.15001 2
704.25001 2
704.35001 2
704.45001 2
704.55001 2
704.65001 2
704.75001 2
704.85001 2
704.95001 2
705.05001 2
705.15001 2
705.25001 2
705.35001 2
705.45001 2
705.55001 2
705.65001 2
705.75001 2
705.85001 2
705.95001 2
706.05001 2
706.15001 2
706.25001 2
706.35001 2
706.45001 2
706.55001 2
706.65001 2
706.75001 2
706.85001 2
706.95001 2
707.05001 2
707.15001 2
707.25001 2
707.35001 2
707.45001 2
707.55001 2
707.65001 2
707.75001 2
707.85001 2
707.95001 2
708.05001 2
708.15001 2
708.25001 2
708.35001 2
708.45001 2
708.55001 2
708.65001 2
708.75001 2
708.85001 2
708.95001 2
709.05001 2
709.15001 2
709.25001 2
709.35001 2
709.45001 2
709.55001 2
709.65001 2
709.75001 2
709.85001 2
709.95001 2
710.05001 2
710.15001 2
710.25001 2
710.35001 2
710.45001 2
710.55001 2
710.65001 2
710.75001 2
710.85001 2
710.95001 2
711.05001 2
711.15001 2
711.25001 2
711.35001 2
711.45001 2
711.55001 2
711.65001 2
711.75001 2
711.85001 2
711.95001 2
712.05001 2
712.15001 2
712.25001 2
712.35001 2
712.45001 2
712.55001 2
712.65001 2
712.75001 2
712.85001 2
712.95001 2
713.05001 2
713.15001 2
713.25001 2
713.35001 2
713.45001 2
713.55001 2
713.65001 2
713.75001 2
713.85001 2
713.95001 2
714.05001 2
714.15001 2
714.25001 2
714.35001 2
714.45001 2
714.55001 2
714.65001 2
714.75001 2
714.85001 2
714.95001 2
715.05001 2
715.15001 2
715.25001 2
715.35001 2
715.45001 2
715.55001 2
715.65001 2
715.75001 2
715.85001 2
715.95001 2
716.05001 2
716.15001 2
716.25001 2
716.35001 2
716.45001 2
716.55001 2
716.65001 2
716.75001 2
716.85001 2
716.95001 2
717.05001 2
717.15001 2
717.25001 2
717.35001 2
717.45001 2
717.55001 2
717.65001 2
717.75001 2
717.85001 2
717.95001 2
718.05001 2
718.15001 2
718.25001 2
718.35001 2
718.45001 2
718.55001 2
718.65001 2
718.75001 2
718.85001 2
718.95001 2
719.05001 2
719.15001 2
719.25001 2
719.35001 2
719.45001 2
719.55001 2
719.65001 2
719.75001 2
719.85001 2
719.95001 2
720.05001 2
720.15001 2
720.25001 2
720.35001 2
720.45001 2
720.55001 2
720.65001 2
720.75001 2
720.85001 2
720.95001 2
721.05001 2
721.15001 2
721.25001 2
721.35001 2
721.45001 2
721.55001 2
721.65001 2
721.75001 2
721.85001 2
721.95001 2
722.05001 2
722.15001 2
722.25001 2
722.35001 2
722.45001 2
722.55001 2
722.65001 2
722.75001 2
722.85001 2
722.95001 2
723.05001 2
723.15001 2
723.25001 2
723.35001 2
723.45001 2
723.55001 2
723.65001 2
723.75001 2
723.85001 2
723.95001 2
724.05001 2
724.15001 2
724.25001 2
724.35001 2
724.45001 2
724.55001 2
724.65001 2
724.75001 2
724.85001 2
724.95001 2
725.05001 2
725.15001 2
725.25001 2
725.35001 2
725.45001 2
725.55001 2
725.65001 2
725.75001 2
725.85001 2
725.95001 2
726.05001 2
726.15001 2
726.25001 2
726.35001 2
726.45001 2
726.55001 2
726.65001 2
726.75001 2
726.85001 2
726.95001 2
727.05001 2
727.15001 2
727.25001 2
727.35001 2
727.45001 2
727.55001 2
727.65001 2
727.75001 2
727.85001 2
727.95001 2
728.05001 2
728.15001 2
728.25001 2
728.35001 2
728.45001 2
728.55001 2
728.65001 2
728.75001 2
728.85001 2
728.95001 2
729.05001 2
729.15001 2
729.25001 2
729.35001 2
729.45001 2
729.55001 2
729.65001 2
729.75001 2
729.85001 2
729.95001 2
730.05001 2
730.15001 2
730.25001 2
730.35001 2
730.45001 2
730.55001 2
730.65001 2
730.75001 2
730.85001 2
730.95001 2
731.05001 2
731.15001 2
731.25001 2
731.35001 2
731.45001 2
731.55001 2
731.65001 2
731.75001 2
731.85001 2
731.95001 2
732.05001 2
732.15001 2
732.25001 2
732.35001 2
732.45001 2
732.55001 2
732.65001 2
732.75001 2
732.85001 2
732.95001 2
733.05001 2
733.15001 2
733.25001 2
733.35001 2
733.45001 2
733.55001 2
733.65001 2
733.75001 2
733.85001 2
733.95001 2
734.05001 2
734.15001 2
734.25001 2
734.35001 2
734.45001 2
734.55001 2
734.65001 2
734.75001 2
734.85001 2
734.95001 2
735.05001 2
735.15001 2
735.25001 2
735.35001 2
735.45001 2
735.55001 2
735.65001 2
735.75001 2
735.85001 2
735.95001 2
736.05001 2
736.15001 2
736.25001 2
736.35001 2
736.45001 2
736.55001 2
736.65001 2
736.75001 2
736.85001 2
736.95001 2
737.05001 2
737.15001 2
737.25001 2
737.35001 2
737.45001 2
737.55001 2
737.65001 2
737.75001 2
737.85001 2
737.95001 2
738.05001 2
738.15001 2
738.25001 2
738.35001 2
738.45001 2
738.55001 2
738.65001 2
738.75001 2
738.85001 2
738.95001 2
739.05001 2
739.15001 2
739.25001 2
739.35001 2
739.45001 2
739.55001 2
739.65001 2
739.75001 2
739.85001 2
739.95001 2
740.05001 2
740.15001 2
740.25001 2
740.35001 2
740.45001 2
740.55001 2
740.65001 2
740.75001 2
740.85001 2
740.95001 2
741.05001 2
741.15001 2
741.25001 2
741.35001 2
741.45001 2
741.55001 2
741.65001 2
741.75001 2
741.85001 2
741.95001 2
742.05001 2
742.15001 2
742.25001 2
742.35001 2
742.45001 2
742.55001 2
742.65001 2
742.75001 2
742.85001 2
742.95001 2
743.05001 2
743.15001 2
743.25001 2
743.35001 2
743.45001 2
743.55001 2
743.65001 2
743.75001 2
743.85001 2
743.95001 2
744.05001 2
744.15001 2
744.25001 2
744.35001 2
744.45001 2
744.55001 2
744.65001 2
744.75001 2
744.85001 2
744.95001 2
745.05001 2
745.15001 2
745.25001 2
745.35001 2
745.45001 2
745.55001 2
745.65001 2
745.75001 2
745.85001 2
745.95001 2
746.05001 2
746.15001 2
746.25001 2
746.35001 2
746.45001 2
746.55001 2
746.65001 2
746.75001 2
746.85001 2
746.95001 2
747.05001 2
747.15001 2
747.25001 2
747.35001 2
747.45001 2
747.55001 2
747.65001 2
747.75001 2
747.85001 2
747.95001 2
748.05001 2
748.15001 2
748.25001 2
748.35001 2
748.45001 2
748.55001 2
748.65001 2
748.75001 2
748.85001 2
748.95001 2
749.05001 2
749.15001 2
749.25001 2
749.35001 2
749.45001 2
749.55001 2
749.65001 2
749.75001 2
749.85001 2
749.95001 2
750.05001 2
750.15001 2
750.25001 2
750.35001 2
750.45001 2
750.55001 2
750.65001 2
750.75001 2
750.85001 2
750.95001 2
751.05001 2
751.15001 2
751.25001 2
751.35001 2
751.45001 2
751.55001 2
751.65001 2
751.75001 2
751.85001 2
751.95001 2
752.05001 2
752.15001 2
752.25001 2
752.35001 2
752.45001 2
752.55001 2
752.65001 2
752.75001 2
752.85001 2
752.95001 2
753.05001 2
753.15001 2
753.25001 2
753.35001 2
753.45001 2
753.55001 2
753.65001 2
753.75001 2
753.85001 2
753.95001 2
754.05001 2
754.15001 2
754.25001 2
754.35001 2
754.45001 2
754.55001 2
754.65001 2
754.75001 2
754.85001 2
754.95001 2
755.05001 2
755.15001 2
755.25001 2
755.35001 2
755.45001 2
755.55001 2
755.65001 2
755.75001 2
755.85001 2
755.95001 2
756.05001 2
756.15001 2
756.25001 2
756.35001 2
756.45001 2
756.55001 2
756.65001 2
756.75001 2
756.85001 2
756.95001 2
757.05001 2
757.15001 2
757.25001 2
757.35001 2
757.45001 2
757.55001 2
757.65001 2
757.75001 2
757.85001 2
757.95001 2
758.05001 2
758.15001 2
758.25001 2
758.35001 2
758.45001 2
758.55001 2
758.65001 2
758.75001 2
758.85001 2
758.95001 2
759.05001 2
759.15001 2
759.25001 2
759.35001 2
759.45001 2
759.55001 2
759.65001 2
759.75001 2
759.85001 2
759.95001 2
760.05001 2
760.15001 2
760.25001 2
760.35001 2
760.45001 2
760.55001 2
760.65001 2
760.75001 2
760.85001 2
760.95001 2
761.05001 2
761.15001 2
761.25001 2
761.35001 2
761.45001 2
761.55001 2
761.65001 2
761.75001 2
761.85001 2
761.95001 2
762.05001 2
762.15001 2
762.25001 2
762.35001 2
762.45001 2
762.55001 2
762.65001 2
762.75001 2
762.85001 2
762.95001 2
763.05001 2
763.15001 2
763.25001 2
763.35001 2
763.45001 2
763.55001 2
763.65001 2
763.75001 2
763.85001 2
763.95001 2
764.05001 2
764.15001 2
764.25001 2
764.35001 2
764.45001 2
764.55001 2
764.65001 2
764.75001 2
764.85001 2
764.95001 2
765.05001 2
765.15001 2
765.25001 2
765.35001 2
765.45001 2
765.55001 2
765.65001 2
765.75001 2
765.85001 2
765.95001 2
766.05001 2
766.15001 2
766.25001 2
766.35001 2
766.45001 2
766.55001 2
766.65001 2
766.75001 2
766.85001 2
766.95001 2
767.05001 2
767.15001 2
767.25001 2
767.35001 2
767.45001 2
767.55001 2
767.65001 2
767.75001 2
767.85001 2
767.95001 2
768.05001 2
768.15001 2
768.25001 2
768.35001 2
768.45001 2
768.55001 2
768.65001 2
768.75001 2
768.85001 2
768.95001 2
769.05001 2
769.15001 2
769.25001 2
769.35001 2
769.45001 2
769.55001 2
769.65001 2
769.75001 2
769.85001 2
769.95001 2
770.05001 2
770.15001 2
770.25001 2
770.35001 2
770.45001 2
770.55001 2
770.65001 2
770.75001 2
770.85001 2
770.95001 2
771.05001 2
771.15001 2
771.25001 2
771.35001 2
771.45001 2
771.55001 2
771.65001 2
771.75001 2
771.85001 2
771.95001 2
772.05001 2
772.15001 2
772.25001 2
772.35001 2
772.45001 2
772.55001 2
772.65001 2
772.75001 2
772.85001 2
772.95001 2
773.05001 2
773.15001 2
773.25001 2
773.35001 2
773.45001 2
773.55001 2
773.65001 2
773.75001 2
773.85001 2
773.95001 2
774.05001 2
774.15001 2
774.25001 2
774.35001 2
774.45001 2
774.55001 2
774.65001 2
774.75001 2
774.85001 2
774.95001 2
775.05001 2
775.15001 2
775.25001 2
775.35001 2
775.45001 2
775.55001 2
775.65001 2
775.75001 2
775.85001 2
775.95001 2
776.05001 2
776.15001 2
776.25001 2
776.35001 2
776.45001 2
776.55001 2
776.65001 2
776.75001 2
776.85001 2
776.95001 2
777.05001 2
777.15001 2
777.25001 2
777.35001 2
777.45001 2
777.55001 2
777.65001 2
777.75001 2
777.85001 2
777.95001 2
778.05001 2
778.15001 2
778.25001 2
778.35001 2
778.45001 2
778.55001 2
778.65001 2
778.75001 2
778.85001 2
778.95001 2
779.05001 2
779.15001 2
779.25001 2
779.35001 2
779.45001 2
779.55001 2
779.65001 2
779.75001 2
779.85001 2
779.95001 2
780.05001 2
780.15001 2
780.25001 2
780.35001 2
780.45001 2
780.55001 2
780.65001 2
780.75001 2
780.85001 2
780.95001 2
781.05001 2
781.15001 2
781.25001 2
781.35001 2
781.45001 2
781.55001 2
781.65001 2
781.75001 2
781.85001 2
781.95001 2
782.05001 2
782.15001 2
782.25001 2
782.35001 2
782.45001 2
782.55001 2
782.65001 2
782.75001 2
782.85001 2
782.95001 2
783.05001 2
783.15001 2
783.25001 2
783.35001 2
783.45001 2
783.55001 2
783.65001 2
783.75001 2
783.85001 2
783.95001 2
784.05001 2
784.15001 2
784.25001 2
784.35001 2
784.45001 2
784.55001 2
784.65001 2
784.75001 2
784.85001 2
784.95001 2
785.05001 2
785.15001 2
785.25001 2
785.35001 2
785.45001 2
785.55001 2
785.65001 2
785.75001 2
785.85001 2
785.95001 2
786.05001 2
786.15001 2
786.25001 2
786.35001 2
786.45001 2
786.55001 2
786.65001 2
786.75001 2
786.85001 2
786.95001 2
787.05001 2
787.15001 2
787.25001 2
787.35001 2
787.45001 2
787.55001 2
787.65001 2
787.75001 2
787.85001 2
787.95001 2
788.05001 2
788.15001 2
788.25001 2
788.35001 2
788.45001 2
788.55001 2
788.65001 2
788.75001 2
788.85001 2
788.95001 2
789.05001 2
789.15001 2
789.25001 2
789.35001 2
789.45001 2
789.55001 2
789.65001 2
789.75001 2
789.85001 2
789.95001 2
790.05001 2
790.15001 2
790.25001 2
790.35001 2
790.45001 2
790.55001 2
790.65001 2
790.75001 2
790.85001 2
790.95001 2
791.05001 2
791.15001 2
791.25001 2
791.35001 2
791.45001 2
791.55001 2
791.65001 2
791.75001 2
791.85001 2
791.95001 2
792.05001 2
792.15001 2
792.25001 2
792.35001 2
792.45001 2
792.55001 2
792.65001 2
792.75001 2
792.85001 2
792.95001 2
793.05001 2
793.15001 2
793.25001 2
793.35001 2
793.45001 2
793.55001 2
793.65001 2
793.75001 2
793.85001 2
793.95001 2
794.05001 2
794.15001 2
794.25001 2
794.35001 2
794.45001 2
794.55001 2
794.65001 2
794.75001 2
794.85001 2
794.95001 2
795.05001 2
795.15001 2
795.25001 2
795.35001 2
795.45001 2
795.55001 2
795.65001 2
795.75001 2
795.85001 2
795.95001 2
796.05001 2
796.15001 2
796.25001 2
796.35001 2
796.45001 2
796.55001 2
796.65001 2
796.75001 2
796.85001 2
796.95001 2
797.05001 2
797.15001 2
797.25001 2
797.35001 2
797.45001 2
797.55001 2
797.65001 2
797.75001 2
797.85001 2
797.95001 2
798.05001 2
798.15001 2
798.25001 2
798.35001 2
798.45001 2
798.55001 2
798.65001 2
798.75001 2
798.85001 2
798.95001 2
799.05001 2
799.15001 2
799.25001 2
799.35001 2
799.45001 2
799.55001 2
799.65001 2
799.75001 2
799.85001 2
799.95001 2
800.05001 2

