0.15 3
0.25 3
0.35000001 3
0.45000001 3
0.55000001 3
0.65000001 3
0.75000001 3
0.85000001 3
0.95000001 3
1.05 3
1.15 3
1.25 3
1.35 3
1.45 3
1.55 3
1.65 3
1.75 3
1.85 3
1.95 3
2.05 3
2.15 3
2.25 3
2.35 3
2.45 3
2.55 3
2.65 3
2.75 3
2.85 3
2.95 3.0151323
3.05 3.0146279
3.15 3.1132485
3.25 3.1508505
3.35 3.7978871
3.4500001 4.6714561
3.5500001 5.7521405
3.6500001 6.120625
3.7500001 5.2238406
3.8500001 4.4897391
3.9500001 3.9508154
4.0500001 3.5430619
4.1500001 3.1391437
4.2500001 2.979103
4.3500001 2.8673281
4.4500001 2.855383
4.5500001 2.8878525
4.6500001 2.9284503
4.7500001 2.8879563
4.8500001 2.8217221
4.9500001 2.6148974
5.0500001 2.5611621
5.1500001 2.1567429
5.2500001 1.8902465
5.3500001 1.9774249
5.4500001 2.1020077
5.5500001 2.1063665
5.6500001 2.5807531
5.7500001 2.745936
5.8500001 2.9243383
5.9500001 2.8698362
6.0500001 2.9597732
6.1500001 2.8417306
6.2500001 3.0424682
6.3500001 3.1567278
6.4500001 3.4079821
6.5500001 3.5603622
6.6500001 3.5518719
6.7500001 3.5632845
6.8500001 3.4807856
6.9500001 3.3020985
7.0500001 3.1598624
7.1500001 3.2565038
7.2500001 3.1889441
7.3500001 3.2164132
7.4500001 3.2727911
7.5500001 3.169684
7.6500001 3.0837256
7.7500001 3
7.8500001 2.8902905
7.9500001 2.8305752
8.0500001 2.8491495
8.1500001 2.8862272
8.2500001 2.8421254
8.3500001 2.8017299
8.4500001 2.798866
8.5500001 2.6489297
8.6500001 2.7525158
8.7500001 2.8083237
8.8500001 2.8803169
8.9500001 2.8101656
9.0500001 2.8976045
9.1500001 2.9300753
9.2500001 3.002385
9.3500001 2.9764066
9.4500001 3.0116712
9.5500001 3.0554322
9.6500001 3.0982814
9.7500001 3.0316687
9.8500001 3.1925513
9.9500001 3.1108176
10.05 3.1601758
10.15 3.1194856
10.25 3.103256
10.35 3.1384683
10.45 3.0358666
10.55 3.0585117
10.65 3.0786596
10.75 3.0697219
10.85 3.0609497
10.95 3.0865598
11.05 3.0239366
11.15 2.9505813
11.25 2.8609041
11.35 2.9223296
11.45 2.9634302
11.55 2.9523002
11.65 2.979193
11.75 2.9737447
11.85 2.888431
11.95 2.9520597
12.05 2.9286888
12.15 2.9020775
12.25 2.9262608
12.35 2.9768094
12.45 2.992922
12.55 3.0105321
12.65 2.9825858
12.75 3.0552867
12.85 2.9845721
12.95 2.9931963
13.05 3.0556987
13.15 3.0535985
13.25 3.081451
13.35 3.0478432
13.45 3.0098247
13.55 3.0227546
13.65 3.012907
13.75 3.0064064
13.85 2.9348103
13.95 3.0473566
14.05 3.0078364
14.15 3.0746958
14.25 3.0169972
14.35 2.9416929
14.45 2.9832388
14.55 3.0332912
14.65 3.0135258
14.75 3.0179118
14.85 3.037064
14.95 2.9278421
15.05 2.9356371
15.15 3.0029062
15.25 2.9754597
15.35 3.0028682
15.45 2.9971504
15.55 2.9900908
15.65 2.9817151
15.75 3.0167709
15.85 3.0194422
15.95 2.9599802
16.05 2.9904004
16.15 3.0013629
16.25 2.922797
16.35 2.9555778
16.45 3.0053517
16.55 3.0039894
16.65 3.033045
16.75 3.0105111
16.85 3.0666093
16.95 3.0272651
17.05 3.0077442
17.15 3.042344
17.25 3.0012757
17.35 3.0621476
17.45 3.0466581
17.55 3.0100306
17.65 3.0349076
17.75 2.9293397
17.85 2.9889058
17.95 2.993871
18.05 3.008533
18.15 2.9987877
18.25 2.9614208
18.35 3.0167861
18.45 2.9642252
18.55 2.9596744
18.65 2.9787659
18.75 2.9190379
18.85 3.0046685
18.95 2.9941953
19.05 2.9699742
19.15 2.9954048
19.25 3.0342842
19.35 3.0113689
19.45 2.9773795
19.55 3.0011252
19.65 3.0145533
19.75 2.9966586
19.85 2.9878101
19.95 3.0716695
20.05 2.9956116
20.15 3.0109164
20.25 3.0271558
20.35 3.0259412
20.45 3.0118314
20.55 2.9892966
20.65 3.0372799
20.75 3.0593597
20.85 3.0305921
20.95 3.0062991
21.05 2.9843272
21.15 2.9292868
21.25 3.007245
21.35 2.9793973
21.45 2.9815442
21.55 2.9969383
21.65 2.9827309
21.75 2.9504538
21.85 2.997987
21.95 2.9789598
22.05 2.9930185
22.15 2.9424149
22.25 2.9515697
22.35 3.0108234
22.45 3.030366
22.55 3.004876
22.65 3.0349517
22.75 2.9961336
22.85 3.0365698
22.95 3.0019163
23.05 3.0257579
23.15 3.0560421
23.25 3.0151323
23.35 3.0084754
23.45 2.9878101
23.55 3.0242761
23.65 2.9860539
23.75 2.9916676
23.85 3.0147509
23.95 2.9816386
24.05 3.007314
24.15 2.9854328
24.25 3.0027201
24.35 2.9909704
24.45 2.9991007
24.55 2.9883574
24.65 3.0026758
24.75 3.0373101
24.85 2.9637251
24.95 2.9885444
25.05 2.9692813
25.15 3.0428348
25.25 3.0104485
25.35 2.9739819
25.45 3.0043193
25.55 2.9629999
25.65 3.0025713
25.75 3.0239056
25.85 2.9991495
25.95 3.0211794
26.05 2.957804
26.15 2.9495589
26.25 2.9489139
26.35 2.9974971
26.45 3.0739708
26.55 2.9884081
26.65 3.0024746
26.75 3.0106833
26.85 3.0188307
26.95 2.982055
27.05 2.9967493
27.15 2.995142
27.25 3.0371076
27.35 3.024112
27.45 3.0072072
27.55 3.0255324
27.65 3.0620097
27.75 3.0158425
27.85 2.9826359
27.95 2.9661827
28.05 2.9984327
28.15 2.9804787
28.25 3.009337
28.35 3.025586
28.45 2.9752767
28.55 2.936099
28.65 3.0276192
28.75 3.0015291
28.85 3.0007619
28.95 2.9552051
29.05 2.9160155
29.15 3.0211125
29.25 2.9864742
29.35 2.9865203
29.45 2.9917904
29.55 3.0260328
29.65 3.0392879
29.75 3.0014776
29.85 3.0647949
29.95 3.0102738
30.05 2.9809837
30.15 3.0590463
30.25 2.9527741
30.35 3.0347594
30.45 3.0360886
30.55 3.0273374
30.65 2.9784883
30.75 3.0021442
30.85 3.0377572
30.95 3.0014202
31.05 2.9801815
31.15 2.9809508
31.25 2.96554
31.35 3.000701
31.45 2.9818316
31.55 3.0055725
31.65 2.9750029
31.75 2.9861565
31.85 2.9862001
31.95 2.962857
32.05 2.9890291
32.15 3.0123039
32.25 2.9754687
32.35 2.9680722
32.45 3.0196393
32.55 3.0020254
32.65 2.9730774
32.75 3.0140911
32.85 3.0314411
32.95 2.99133
33.05 3.0265962
33.15 2.9966855
33.25 3.0118962
33.35 2.9986822
33.45 3.0210222
33.55 3.0320941
33.650001 3.0424471
33.750001 3.0013022
33.850001 3.0259667
33.950001 3.0012945
34.050001 2.9909651
34.150001 2.9684706
34.250001 3.025663
34.350001 2.9571397
34.450001 3.0376329
34.550001 2.994912
34.650001 2.9892193
34.750001 2.9702804
34.850001 3.0006305
34.950001 2.9761091
35.050001 2.9429511
35.150001 3.0062513
35.250001 3.0187005
35.350001 2.9658129
35.450001 3.0247931
35.550001 2.9839299
35.650001 3.0092452
35.750001 3.0116778
35.850001 3.0153226
35.950001 3.0042784
36.050001 2.9817151
36.150001 3.0206655
36.250001 3.0042429
36.350001 3.0066491
36.450001 3.0024112
36.550001 3.0060115
36.650001 3.0017985
36.750001 3.0011957
36.850001 2.9791314
36.950001 3.0392457
37.050001 3.0071163
37.150001 2.9976343
37.250001 2.9994102
37.350001 3.0017648
37.450001 3.0158404
37.550001 3.0275005
37.650001 2.9690713
37.750001 3.0034921
37.850001 3.0168337
37.950001 2.9727897
38.050001 2.9878742
38.150001 3.0028795
38.250001 2.9804706
38.350001 2.9902608
38.450001 2.9765725
38.550001 2.9760634
38.650001 2.9914734
38.750001 2.9688164
38.850001 3.0214895
38.950001 3.0197421
39.050001 2.9701815
39.150001 3.0331093
39.250001 2.9921636
39.350001 3.0323824
39.450001 3.0122518
39.550001 3.0066659
39.650001 2.987256
39.750001 3.0022108
39.850001 3.0060643
39.950001 2.9868019
40.050001 3.0378498
40.150001 2.9863205
40.250001 2.9912669
40.350001 3.0255898
40.450001 3.004888
40.550001 2.9897063
40.650001 2.9918934
40.750001 2.9973044
40.850001 2.9542877
40.950001 2.9281121
41.050001 2.9379205
41.150001 2.8948284
41.250001 2.9083979
41.350001 2.8634609
41.450001 2.8902905
41.550001 2.8725784
41.650001 2.8971474
41.750001 2.911601
41.850001 2.92966
41.950001 2.943967
42.050001 2.9634302
42.150001 2.9671653
42.250001 2.979202
42.350001 2.981326
42.450001 2.9922375
42.550001 2.9922558
42.650001 2.9933041
42.750001 2.9948614
42.850001 3
42.950001 2.9984656
43.050001 2.9989794
43.150001 3
43.250001 3
43.350001 2.9989865
43.450001 3
43.550001 3
43.650001 3
43.750001 3
43.850001 3
43.950001 3
44.050001 3
44.150001 3
44.250001 3
44.350001 3
44.450001 3
44.550001 3
44.650001 3
44.750001 3
44.850001 3
44.950001 3
45.050001 3
45.150001 3
45.250001 3
45.350001 3
45.450001 3
45.550001 3
45.650001 3
45.750001 3
45.850001 3
45.950001 3
46.050001 3
46.150001 3
46.250001 3
46.350001 3
46.450001 3
46.550001 3
46.650001 3
46.750001 3
46.850001 3
46.950001 3
47.050001 3
47.150001 3
47.250001 3
47.350001 3
47.450001 3
47.550001 3
47.650001 3
47.750001 3
47.850001 3
47.950001 3
48.050001 3
48.150001 3
48.250001 3
48.350001 3
48.450001 3
48.550001 3
48.650001 3
48.750001 3
48.850001 3
48.950001 3
49.050001 3
49.150001 3
49.250001 3
49.350001 3
49.450001 3
49.550001 3
49.650001 3
49.750001 3
49.850001 3
49.950001 3
50.050001 3
50.150001 3
50.250001 3
50.350001 3
50.450001 3
50.550001 3
50.650001 3
50.750001 3
50.850001 3
50.950001 3
51.050001 3
51.150001 3
51.250001 3
51.350001 3
51.450001 3
51.550001 3
51.650001 3
51.750001 3
51.850001 3
51.950001 3
52.050001 3
52.150001 3
52.250001 3
52.350001 3
52.450001 3
52.550001 3
52.650001 3
52.750001 3
52.850001 3
52.950001 3
53.050001 3
53.150001 3
53.250001 3
53.350001 3
53.450001 3
53.550001 3
53.650001 3
53.750001 3
53.850001 3
53.950001 3
54.050001 3
54.150001 3
54.250001 3
54.350001 3
54.450001 3
54.550001 3
54.650001 3
54.750001 3
54.850001 3
54.950001 3
55.050001 3
55.150001 3
55.250001 3
55.350001 3
55.450001 3
55.550001 3
55.650001 3
55.750001 3
55.850001 3
55.950001 3
56.050001 3
56.150001 3
56.250001 3
56.350001 3
56.450001 3
56.550001 3
56.650001 3
56.750001 3
56.850001 3
56.950001 3
57.050001 3
57.150001 3
57.250001 3
57.350001 3
57.450001 3
57.550001 3
57.650001 3
57.750001 3
57.850001 3
57.950001 3
58.050001 3
58.150001 3
58.250001 3
58.350001 3
58.450001 3
58.550001 3
58.650001 3
58.750001 3
58.850001 3
58.950001 3
59.050001 3
59.150001 3
59.250001 3
59.350001 3
59.450001 3
59.550001 3
59.650001 3
59.750001 3
59.850001 3
59.950001 3
60.050001 3
60.150001 3
60.250001 3
60.350001 3
60.450001 3
60.550001 3
60.650001 3
60.750001 3
60.850001 3
60.950001 3
61.050001 3
61.150001 3
61.250001 3
61.350001 3
61.450001 3
61.550001 3
61.650001 3
61.750001 3
61.850001 3
61.950001 3
62.050001 3
62.150001 3
62.250001 3
62.350001 3
62.450001 3
62.550001 3
62.650001 3
62.750001 3
62.850001 3
62.950001 3
63.050001 3
63.150001 3
63.250001 3
63.350001 3
63.450001 3
63.550001 3
63.650001 3
63.750001 3
63.850001 3
63.950001 3
64.050001 3
64.150001 3
64.250001 3
64.350001 3
64.450001 3
64.550001 3
64.650001 3
64.750001 3
64.850001 3
64.950001 3
65.050001 3
65.150001 3
65.250001 3
65.350001 3
65.450001 3
65.550001 3
65.650001 3
65.750001 3
65.850001 3
65.950001 3
66.050001 3
66.150001 3
66.250001 3
66.350001 3
66.450001 3
66.550001 3
66.650001 3
66.750001 3
66.850001 3
66.950001 3
67.050001 3
67.150001 3
67.250001 3
67.350001 3
67.450001 3
67.550001 3
67.650001 3
67.750001 3
67.850001 3
67.950001 3
68.050001 3
68.150001 3
68.250001 3
68.350001 3
68.450001 3
68.550001 3
68.650001 3
68.750001 3
68.850001 3
68.950001 3
69.050001 3
69.150001 3
69.250001 3
69.350001 3
69.450001 3
69.550001 3
69.650001 3
69.750001 3
69.850001 3
69.950001 3
70.050001 3
70.150001 3
70.250001 3
70.350001 3
70.450001 3
70.550001 3
70.650001 3
70.750001 3
70.850001 3
70.950001 3
71.050001 3
71.150001 3
71.250001 3
71.350001 3
71.450001 3
71.550001 3
71.650001 3
71.750001 3
71.850001 3
71.950001 3
72.050001 3
72.150001 3
72.250001 3
72.350001 3
72.450001 3
72.550001 3
72.650001 3
72.750001 3
72.850001 3
72.950001 3
73.050001 3
73.150001 3
73.250001 3
73.350001 3
73.450001 3
73.550001 3
73.650001 3
73.750001 3
73.850001 3
73.950001 3
74.050001 3
74.150001 3
74.250001 3
74.350001 3
74.450001 3
74.550001 3
74.650001 3
74.750001 3
74.850001 3
74.950001 3
75.050001 3
75.150001 3
75.250001 3
75.350001 3
75.450001 3
75.550001 3
75.650001 3
75.750001 3
75.850001 3
75.950001 3
76.050001 3
76.150001 3
76.250001 3
76.350001 3
76.450001 3
76.550001 3
76.650001 3
76.750001 3
76.850001 3
76.950001 3
77.050001 3
77.150001 3
77.250001 3
77.350001 3
77.450001 3
77.550001 3
77.650001 3
77.750001 3
77.850001 3
77.950001 3
78.050001 3
78.150001 3
78.250001 3
78.350001 3
78.450001 3
78.550001 3
78.650001 3
78.750001 3
78.850001 3
78.950001 3
79.050001 3
79.150001 3
79.250001 3
79.350001 3
79.450001 3
79.550001 3
79.650001 3
79.750001 3
79.850001 3
79.950001 3
80.050001 3
80.150001 3
80.250001 3
80.350001 3
80.450001 3
80.550001 3
80.650001 3
80.750001 3
80.850001 3
80.950001 3
81.050001 3
81.150001 3
81.250001 3
81.350001 3
81.450001 3
81.550001 3
81.650001 3
81.750001 3
81.850001 3
81.950001 3
82.050001 3
82.150001 3
82.250001 3
82.350001 3
82.450001 3
82.550001 3
82.650001 3
82.750001 3
82.850001 3
82.950001 3
83.050001 3
83.150001 3
83.250001 3
83.350001 3
83.450001 3
83.550001 3
83.650001 3
83.750001 3
83.850001 3
83.950001 3
84.050001 3
84.150001 3
84.250001 3
84.350001 3
84.450001 3
84.550001 3
84.650001 3
84.750001 3
84.850001 3
84.950001 3
85.050001 3
85.150001 3
85.250001 3
85.350001 3
85.450001 3
85.550001 3
85.650001 3
85.750001 3
85.850001 3
85.950001 3
86.050001 3
86.150001 3
86.250001 3
86.350001 3
86.450001 3
86.550001 3
86.650001 3
86.750001 3
86.850001 3
86.950001 3
87.050001 3
87.150001 3
87.250001 3
87.350001 3
87.450001 3
87.550001 3
87.650001 3
87.750001 3
87.850001 3
87.950001 3
88.050001 3
88.150001 3
88.250001 3
88.350001 3
88.450001 3
88.550001 3
88.650001 3
88.750001 3
88.850001 3
88.950001 3
89.050001 3
89.150001 3
89.250001 3
89.350001 3
89.450001 3
89.550001 3
89.650001 3
89.750001 3
89.850001 3
89.950001 3
90.050001 3
90.150001 3
90.250001 3
90.350001 3
90.450001 3
90.550001 3
90.650001 3
90.750001 3
90.850001 3
90.950001 3
91.050001 3
91.150001 3
91.250001 3
91.350001 3
91.450001 3
91.550001 3
91.650001 3
91.750001 3
91.850001 3
91.950001 3
92.050001 3
92.150001 3
92.250001 3
92.350001 3
92.450001 3
92.550001 3
92.650001 3
92.750001 3
92.850001 3
92.950001 3
93.050001 3
93.150001 3
93.250001 3
93.350001 3
93.450001 3
93.550001 3
93.650001 3
93.750001 3
93.850001 3
93.950001 3
94.050001 3
94.150001 3
94.250001 3
94.350001 3
94.450001 3
94.550001 3
94.650001 3
94.750001 3
94.850001 3
94.950001 3
95.050001 3
95.150001 3
95.250001 3
95.350001 3
95.450001 3
95.550001 3
95.650001 3
95.750001 3
95.850001 3
95.950001 3
96.050001 3
96.150001 3
96.250001 3
96.350001 3
96.450001 3
96.550001 3
96.650001 3
96.750001 3
96.850001 3
96.950001 3
97.050001 3
97.150001 3
97.250001 3
97.350001 3
97.450001 3
97.550001 3
97.650001 3
97.750001 3
97.850001 3
97.950001 3
98.050001 3
98.150001 3
98.250001 3
98.350001 3
98.450001 3
98.550001 3
98.650001 3
98.750001 3
98.850001 3
98.950001 3
99.050001 3
99.150001 3
99.250001 3
99.350001 3
99.450001 3
99.550001 3
99.650001 3
99.750001 3
99.850001 3
99.950001 3
100.05 3
100.15 3
100.25 3
100.35 3
100.45 3
100.55 3
100.65 3
100.75 3
100.85 3
100.95 3
101.05 3
101.15 3
101.25 3
101.35 3
101.45 3
101.55 3
101.65 3
101.75 3
101.85 3
101.95 3
102.05 3
102.15 3
102.25 3
102.35 3
102.45 3
102.55 3
102.65 3
102.75 3
102.85 3
102.95 3
103.05 3
103.15 3
103.25 3
103.35 3
103.45 3
103.55 3
103.65 3
103.75 3
103.85 3
103.95 3
104.05 3
104.15 3
104.25 3
104.35 3
104.45 3
104.55 3
104.65 3
104.75 3
104.85 3
104.95 3
105.05 3
105.15 3
105.25 3
105.35 3
105.45 3
105.55 3
105.65 3
105.75 3
105.85 3
105.95 3
106.05 3
106.15 3
106.25 3
106.35 3
106.45 3
106.55 3
106.65 3
106.75 3
106.85 3
106.95 3
107.05 3
107.15 3
107.25 3
107.35 3
107.45 3
107.55 3
107.65 3
107.75 3
107.85 3
107.95 3
108.05 3
108.15 3
108.25 3
108.35 3
108.45 3
108.55 3
108.65 3
108.75 3
108.85 3
108.95 3
109.05 3
109.15 3
109.25 3
109.35 3
109.45 3
109.55 3
109.65 3
109.75 3
109.85 3
109.95 3
110.05 3
110.15 3
110.25 3
110.35 3
110.45 3
110.55 3
110.65 3
110.75 3
110.85 3
110.95 3
111.05 3
111.15 3
111.25 3
111.35 3
111.45 3
111.55 3
111.65 3
111.75 3
111.85 3
111.95 3
112.05 3
112.15 3
112.25 3
112.35 3
112.45 3
112.55 3
112.65 3
112.75 3
112.85 3
112.95 3
113.05 3
113.15 3
113.25 3
113.35 3
113.45 3
113.55 3
113.65 3
113.75 3
113.85 3
113.95 3
114.05 3
114.15 3
114.25 3
114.35 3
114.45 3
114.55 3
114.65 3
114.75 3
114.85 3
114.95 3
115.05 3
115.15 3
115.25 3
115.35 3
115.45 3
115.55 3
115.65 3
115.75 3
115.85 3
115.95 3
116.05 3
116.15 3
116.25 3
116.35 3
116.45 3
116.55 3
116.65 3
116.75 3
116.85 3
116.95 3
117.05 3
117.15 3
117.25 3
117.35 3
117.45 3
117.55 3
117.65 3
117.75 3
117.85 3
117.95 3
118.05 3
118.15 3
118.25 3
118.35 3
118.45 3
118.55 3
118.65 3
118.75 3
118.85 3
118.95 3
119.05 3
119.15 3
119.25 3
119.35 3
119.45 3
119.55 3
119.65 3
119.75 3
119.85 3
119.95 3
120.05 3
120.15 3
120.25 3
120.35 3
120.45 3
120.55 3
120.65 3
120.75 3
120.85 3
120.95 3
121.05 3
121.15 3
121.25 3
121.35 3
121.45 3
121.55 3
121.65 3
121.75 3
121.85 3
121.95 3
122.05 3
122.15 3
122.25 3
122.35 3
122.45 3
122.55 3
122.65 3
122.75 3
122.85 3
122.95 3
123.05 3
123.15 3
123.25 3
123.35 3
123.45 3
123.55 3
123.65 3
123.75 3
123.85 3
123.95 3
124.05 3
124.15 3
124.25 3
124.35 3
124.45 3
124.55 3
124.65 3
124.75 3
124.85 3
124.95 3
125.05 3
125.15 3
125.25 3
125.35 3
125.45 3
125.55 3
125.65 3
125.75 3
125.85 3
125.95 3
126.05 3
126.15 3
126.25 3
126.35 3
126.45 3
126.55 3
126.65 3
126.75 3
126.85 3
126.95 3
127.05 3
127.15 3
127.25 3
127.35 3
127.45 3
127.55 3
127.65 3
127.75 3
127.85 3
127.95 3
128.05 3
128.15 3
128.25 3
128.35 3
128.45 3
128.55 3
128.65 3
128.75 3
128.85 3
128.95 3
129.05 3
129.15 3
129.25 3
129.35 3
129.45 3
129.55 3
129.65 3
129.75 3
129.85 3
129.95 3
130.05 3
130.15 3
130.25 3
130.35 3
130.45 3
130.55 3
130.65 3
130.75 3
130.85 3
130.95 3
131.05 3
131.15 3
131.25 3
131.35 3
131.45 3
131.55 3
131.65 3
131.75 3
131.85 3
131.95 3
132.05 3
132.15 3
132.25 3
132.35 3
132.45 3
132.55 3
132.65 3
132.75 3
132.85 3
132.95 3
133.05 3
133.15 3
133.25 3
133.35 3
133.45 3
133.55 3
133.65 3
133.75 3
133.85 3
133.95 3
134.05 3
134.15 3
134.25 3
134.35 3
134.45 3
134.55 3
134.65 3
134.75 3
134.85 3
134.95 3
135.05 3
135.15 3
135.25 3
135.35 3
135.45 3
135.55 3
135.65 3
135.75 3
135.85 3
135.95 3
136.05 3
136.15 3
136.25 3
136.35 3
136.45 3
136.55 3
136.65 3
136.75 3
136.85 3
136.95 3
137.05 3
137.15 3
137.25 3
137.35 3
137.45 3
137.55 3
137.65 3
137.75 3
137.85 3
137.95 3
138.05 3
138.15 3
138.25 3
138.35 3
138.45 3
138.55 3
138.65 3
138.75 3
138.85 3
138.95 3
139.05 3
139.15 3
139.25 3
139.35 3
139.45 3
139.55 3
139.65 3
139.75 3
139.85 3
139.95 3
140.05 3
140.15 3
140.25 3
140.35 3
140.45 3
140.55 3
140.65 3
140.75 3
140.85 3
140.95 3
141.05 3
141.15 3
141.25 3
141.35 3
141.45 3
141.55 3
141.65 3
141.75 3
141.85 3
141.95 3
142.05 3
142.15 3
142.25 3
142.35 3
142.45 3
142.55 3
142.65 3
142.75 3
142.85 3
142.95 3
143.05 3
143.15 3
143.25 3
143.35 3
143.45 3
143.55 3
143.65 3
143.75 3
143.85 3
143.95 3
144.05 3
144.15 3
144.25 3
144.35 3
144.45 3
144.55 3
144.65 3
144.75 3
144.85 3
144.95 3
145.05 3
145.15 3
145.25 3
145.35 3
145.45 3
145.55 3
145.65 3
145.75 3
145.85 3
145.95 3
146.05 3
146.15 3
146.25 3
146.35 3
146.45 3
146.55 3
146.65 3
146.75 3
146.85 3
146.95 3
147.05 3
147.15 3
147.25 3
147.35 3
147.45 3
147.55 3
147.65 3
147.75 3
147.85 3
147.95 3
148.05 3
148.15 3
148.25 3
148.35 3
148.45 3
148.55 3
148.65 3
148.75 3
148.85 3
148.95 3
149.05 3
149.15 3
149.25 3
149.35 3
149.45 3
149.55 3
149.65 3
149.75 3
149.85 3
149.95 3
150.05 3
150.15 3
150.25 3
150.35 3
150.45 3
150.55 3
150.65 3
150.75 3
150.85 3
150.95 3
151.05 3
151.15 3
151.25 3
151.35 3
151.45 3
151.55 3
151.65 3
151.75 3
151.85 3
151.95 3
152.05 3
152.15 3
152.25 3
152.35 3
152.45 3
152.55 3
152.65 3
152.75 3
152.85 3
152.95 3
153.05 3
153.15 3
153.25 3
153.35 3
153.45 3
153.55 3
153.65 3
153.75 3
153.85 3
153.95 3
154.05 3
154.15 3
154.25 3
154.35 3
154.45 3
154.55 3
154.65 3
154.75 3
154.85 3
154.95 3
155.05 3
155.15 3
155.25 3
155.35 3
155.45 3
155.55 3
155.65 3
155.75 3
155.85 3
155.95 3
156.05 3
156.15 3
156.25 3
156.35 3
156.45 3
156.55 3
156.65 3
156.75 3
156.85 3
156.95 3
157.05 3
157.15 3
157.25 3
157.35 3
157.45 3
157.55 3
157.65 3
157.75 3
157.85 3
157.95 3
158.05 3
158.15 3
158.25 3
158.35 3
158.45 3
158.55 3
158.65 3
158.75 3
158.85 3
158.95 3
159.05 3
159.15 3
159.25 3
159.35 3
159.45 3
159.55 3
159.65 3
159.75 3
159.85 3
159.95 3
160.05 3
160.15 3
160.25 3
160.35 3
160.45 3
160.55 3
160.65 3
160.75 3
160.85 3
160.95 3
161.05 3
161.15 3
161.25 3
161.35 3
161.45 3
161.55 3
161.65 3
161.75 3
161.85 3
161.95 3
162.05 3
162.15 3
162.25 3
162.35 3
162.45 3
162.55 3
162.65 3
162.75 3
162.85 3
162.95 3
163.05 3
163.15 3
163.25 3
163.35 3
163.45 3
163.55 3
163.65 3
163.75 3
163.85 3
163.95 3
164.05 3
164.15 3
164.25 3
164.35 3
164.45 3
164.55 3
164.65 3
164.75 3
164.85 3
164.95 3
165.05 3
165.15 3
165.25 3
165.35 3
165.45 3
165.55 3
165.65 3
165.75 3
165.85 3
165.95 3
166.05 3
166.15 3
166.25 3
166.35 3
166.45 3
166.55 3
166.65 3
166.75 3
166.85 3
166.95 3
167.05 3
167.15 3
167.25 3
167.35 3
167.45 3
167.55 3
167.65 3
167.75 3
167.85 3
167.95 3
168.05 3
168.15 3
168.25 3
168.35 3
168.45 3
168.55 3
168.65 3
168.75 3
168.85 3
168.95 3
169.05 3
169.15 3
169.25 3
169.35 3
169.45 3
169.55 3
169.65 3
169.75 3
169.85 3
169.95 3
170.05 3
170.15 3
170.25 3
170.35 3
170.45 3
170.55 3
170.65 3
170.75 3
170.85 3
170.95 3
171.05 3
171.15 3
171.25 3
171.35 3
171.45 3
171.55 3
171.65 3
171.75 3
171.85 3
171.95 3
172.05 3
172.15 3
172.25 3
172.35 3
172.45 3
172.55 3
172.65 3
172.75 3
172.85 3
172.95 3
173.05 3
173.15 3
173.25 3
173.35 3
173.45 3
173.55 3
173.65 3
173.75 3
173.85 3
173.95 3
174.05 3
174.15 3
174.25 3
174.35 3
174.45 3
174.55 3
174.65 3
174.75 3
174.85 3
174.95 3
175.05 3
175.15 3
175.25 3
175.35 3
175.45 3
175.55 3
175.65 3
175.75 3
175.85 3
175.95 3
176.05 3
176.15 3
176.25 3
176.35 3
176.45 3
176.55 3
176.65 3
176.75 3
176.85 3
176.95 3
177.05 3
177.15 3
177.25 3
177.35 3
177.45 3
177.55 3
177.65 3
177.75 3
177.85 3
177.95 3
178.05 3
178.15 3
178.25 3
178.35 3
178.45 3
178.55 3
178.65 3
178.75 3
178.85 3
178.95 3
179.05 3
179.15 3
179.25 3
179.35 3
179.45 3
179.55 3
179.65 3
179.75 3
179.85 3
179.95 3
180.05 3
180.15 3
180.25 3
180.35 3
180.45 3
180.55 3
180.65 3
180.75 3
180.85 3
180.95 3
181.05 3
181.15 3
181.25 3
181.35 3
181.45 3
181.55 3
181.65 3
181.75 3
181.85 3
181.95 3
182.05 3
182.15 3
182.25 3
182.35 3
182.45 3
182.55 3
182.65 3
182.75 3
182.85 3
182.95 3
183.05 3
183.15 3
183.25 3
183.35 3
183.45 3
183.55 3
183.65 3
183.75 3
183.85 3
183.95 3
184.05 3
184.15 3
184.25 3
184.35 3
184.45 3
184.55 3
184.65 3
184.75 3
184.85 3
184.95 3
185.05 3
185.15 3
185.25 3
185.35 3
185.45 3
185.55 3
185.65 3
185.75 3
185.85 3
185.95 3
186.05 3
186.15 3
186.25 3
186.35 3
186.45 3
186.55 3
186.65 3
186.75 3
186.85 3
186.95 3
187.05 3
187.15 3
187.25 3
187.35 3
187.45 3
187.55 3
187.65 3
187.75 3
187.85 3
187.95 3
188.05 3
188.15 3
188.25 3
188.35 3
188.45 3
188.55 3
188.65 3
188.75 3
188.85 3
188.95 3
189.05 3
189.15 3
189.25 3
189.35 3
189.45 3
189.55 3
189.65 3
189.75 3
189.85 3
189.95 3
190.05 3
190.15 3
190.25 3
190.35 3
190.45 3
190.55 3
190.65 3
190.75 3
190.85 3
190.95 3
191.05 3
191.15 3
191.25 3
191.35 3
191.45 3
191.55 3
191.65 3
191.75 3
191.85 3
191.95 3
192.05 3
192.15 3
192.25 3
192.35 3
192.45 3
192.55 3
192.65 3
192.75 3
192.85 3
192.95 3
193.05 3
193.15 3
193.25 3
193.35 3
193.45 3
193.55 3
193.65 3
193.75 3
193.85 3
193.95 3
194.05 3
194.15 3
194.25 3
194.35 3
194.45 3
194.55 3
194.65 3
194.75 3
194.85 3
194.95 3
195.05 3
195.15 3
195.25 3
195.35 3
195.45 3
195.55 3
195.65 3
195.75 3
195.85 3
195.95 3
196.05 3
196.15 3
196.25 3
196.35 3
196.45 3
196.55 3
196.65 3
196.75 3
196.85 3
196.95 3
197.05 3
197.15 3
197.25 3
197.35 3
197.45 3
197.55 3
197.65 3
197.75 3
197.85 3
197.95 3
198.05 3
198.15 3
198.25 3
198.35 3
198.45 3
198.55 3
198.65 3
198.75 3
198.85 3
198.95 3
199.05 3
199.15 3
199.25 3
199.35 3
199.45 3
199.55 3
199.65 3
199.75 3
199.85 3
199.95 3
200.05 3
200.15 3
200.25 3
200.35 3
200.45 3
200.55 3
200.65 3
200.75 3
200.85 3
200.95 3
201.05 3
201.15 3
201.25 3
201.35 3
201.45 3
201.55 3
201.65 3
201.75 3
201.85 3
201.95 3
202.05 3
202.15 3
202.25 3
202.35 3
202.45 3
202.55 3
202.65 3
202.75 3
202.85 3
202.95 3
203.05 3
203.15 3
203.25 3
203.35 3
203.45 3
203.55 3
203.65 3
203.75 3
203.85 3
203.95 3
204.05 3
204.15 3
204.25 3
204.35 3
204.45 3
204.55 3
204.65 3
204.75 3
204.85 3
204.95 3
205.05 3
205.15 3
205.25 3
205.35 3
205.45 3
205.55 3
205.65 3
205.75 3
205.85 3
205.95 3
206.05 3
206.15 3
206.25 3
206.35 3
206.45 3
206.55 3
206.65 3
206.75 3
206.85 3
206.95 3
207.05 3
207.15 3
207.25 3
207.35 3
207.45 3
207.55 3
207.65 3
207.75 3
207.85 3
207.95 3
208.05 3
208.15 3
208.25 3
208.35 3
208.45 3
208.55 3
208.65 3
208.75 3
208.85 3
208.95 3
209.05 3
209.15 3
209.25 3
209.35 3
209.45 3
209.55 3
209.65 3
209.75 3
209.85 3
209.95 3
210.05 3
210.15 3
210.25 3
210.35 3
210.45 3
210.55 3
210.65 3
210.75 3
210.85 3
210.95 3
211.05 3
211.15 3
211.25 3
211.35 3
211.45 3
211.55 3
211.65 3
211.75 3
211.85 3
211.95 3
212.05 3
212.15 3
212.25 3
212.35 3
212.45 3
212.55 3
212.65 3
212.75 3
212.85 3
212.95 3
213.05 3
213.15 3
213.25 3
213.35 3
213.45 3
213.55 3
213.65 3
213.75 3
213.85 3
213.95 3
214.05 3
214.15 3
214.25 3
214.35 3
214.45 3
214.55 3
214.65 3
214.75 3
214.85 3
214.95 3
215.05 3
215.15 3
215.25 3
215.35 3
215.45 3
215.55 3
215.65 3
215.75 3
215.85 3
215.95 3
216.05 3
216.15 3
216.25 3
216.35 3
216.45 3
216.55 3
216.65 3
216.75 3
216.85 3
216.95 3
217.05 3
217.15 3
217.25 3
217.35 3
217.45 3
217.55 3
217.65 3
217.75 3
217.85 3
217.95 3
218.05 3
218.15 3
218.25 3
218.35 3
218.45 3
218.55 3
218.65 3
218.75 3
218.85 3
218.95 3
219.05 3
219.15 3
219.25 3
219.35 3
219.45 3
219.55 3
219.65 3
219.75 3
219.85 3
219.95 3
220.05 3
220.15 3
220.25 3
220.35 3
220.45 3
220.55 3
220.65 3
220.75 3
220.85 3
220.95 3
221.05 3
221.15 3
221.25 3
221.35 3
221.45 3
221.55 3
221.65 3
221.75 3
221.85 3
221.95 3
222.05 3
222.15 3
222.25 3
222.35 3
222.45 3
222.55 3
222.65 3
222.75 3
222.85 3
222.95 3
223.05 3
223.15 3
223.25 3
223.35 3
223.45 3
223.55 3
223.65 3
223.75 3
223.85 3
223.95 3
224.05 3
224.15 3
224.25 3
224.35 3
224.45 3
224.55 3
224.65 3
224.75 3
224.85 3
224.95 3
225.05 3
225.15 3
225.25 3
225.35 3
225.45 3
225.55 3
225.65 3
225.75 3
225.85 3
225.95 3
226.05 3
226.15 3
226.25 3
226.35 3
226.45 3
226.55 3
226.65 3
226.75 3
226.85 3
226.95 3
227.05 3
227.15 3
227.25 3
227.35 3
227.45 3
227.55 3
227.65 3
227.75 3
227.85 3
227.95 3
228.05 3
228.15 3
228.25 3
228.35 3
228.45 3
228.55 3
228.65 3
228.75 3
228.85 3
228.95 3
229.05 3
229.15 3
229.25 3
229.35 3
229.45 3
229.55 3
229.65 3
229.75 3
229.85 3
229.95 3
230.05 3
230.15 3
230.25 3
230.35 3
230.45 3
230.55 3
230.65 3
230.75 3
230.85 3
230.95 3
231.05 3
231.15 3
231.25 3
231.35 3
231.45 3
231.55 3
231.65 3
231.75 3
231.85 3
231.95 3
232.05 3
232.15 3
232.25 3
232.35 3
232.45 3
232.55 3
232.65 3
232.75 3
232.85 3
232.95 3
233.05 3
233.15 3
233.25 3
233.35 3
233.45 3
233.55 3
233.65 3
233.75 3
233.85 3
233.95 3
234.05 3
234.15 3
234.25 3
234.35 3
234.45 3
234.55 3
234.65 3
234.75 3
234.85 3
234.95 3
235.05 3
235.15 3
235.25 3
235.35 3
235.45 3
235.55 3
235.65 3
235.75 3
235.85 3
235.95 3
236.05 3
236.15 3
236.25 3
236.35 3
236.45 3
236.55 3
236.65 3
236.75 3
236.85 3
236.95 3
237.05 3
237.15 3
237.25 3
237.35 3
237.45 3
237.55 3
237.65 3
237.75 3
237.85 3
237.95 3
238.05 3
238.15 3
238.25 3
238.35 3
238.45 3
238.55 3
238.65 3
238.75 3
238.85 3
238.95 3
239.05 3
239.15 3
239.25 3
239.35 3
239.45 3
239.55 3
239.65 3
239.75 3
239.85 3
239.95 3
240.05 3
240.15 3
240.25 3
240.35 3
240.45 3
240.55 3
240.65 3
240.75 3
240.85 3
240.95 3
241.05 3
241.15 3
241.25 3
241.35 3
241.45 3
241.55 3
241.65 3
241.75 3
241.85 3
241.95 3
242.05 3
242.15 3
242.25 3
242.35 3
242.45 3
242.55 3
242.65 3
242.75 3
242.85 3
242.95 3
243.05 3
243.15 3
243.25 3
243.35 3
243.45 3
243.55 3
243.65 3
243.75 3
243.85 3
243.95 3
244.05 3
244.15 3
244.25 3
244.35 3
244.45 3
244.55 3
244.65 3
244.75 3
244.85 3
244.95 3
245.05 3
245.15 3
245.25 3
245.35 3
245.45 3
245.55 3
245.65 3
245.75 3
245.85 3
245.95 3
246.05 3
246.15 3
246.25 3
246.35 3
246.45 3
246.55 3
246.65 3
246.75 3
246.85 3
246.95 3
247.05 3
247.15 3
247.25 3
247.35 3
247.45 3
247.55 3
247.65 3
247.75 3
247.85 3
247.95 3
248.05 3
248.15 3
248.25 3
248.35 3
248.45 3
248.55 3
248.65 3
248.75 3
248.85 3
248.95 3
249.05 3
249.15 3
249.25 3
249.35 3
249.45 3
249.55 3
249.65 3
249.75 3
249.85 3
249.95 3
250.05 3
250.15 3
250.25 3
250.35 3
250.45 3
250.55 3
250.65 3
250.75 3
250.85 3
250.95 3
251.05 3
251.15 3
251.25 3
251.35 3
251.45 3
251.55 3
251.65 3
251.75 3
251.85 3
251.95 3
252.05 3
252.15 3
252.25 3
252.35 3
252.45 3
252.55 3
252.65 3
252.75 3
252.85 3
252.95 3
253.05 3
253.15 3
253.25 3
253.35 3
253.45 3
253.55 3
253.65 3
253.75 3
253.85 3
253.95 3
254.05 3
254.15 3
254.25 3
254.35 3
254.45 3
254.55 3
254.65 3
254.75 3
254.85 3
254.95 3
255.05 3
255.15 3
255.25 3
255.35 3
255.45 3
255.55 3
255.65 3
255.75 3
255.85 3
255.95 3
256.05 3
256.15 3
256.25 3
256.35 3
256.45 3
256.55 3
256.65 3
256.75 3
256.85 3
256.95 3
257.05 3
257.15 3
257.25 3
257.35 3
257.45 3
257.55 3
257.65 3
257.75 3
257.85 3
257.95 3
258.05 3
258.15 3
258.25 3
258.35 3
258.45 3
258.55 3
258.65 3
258.75 3
258.85 3
258.95 3
259.05 3
259.15 3
259.25 3
259.35 3
259.45 3
259.55 3
259.65 3
259.75 3
259.85 3
259.95 3
260.05 3
260.15 3
260.25 3
260.35 3
260.45 3
260.55 3
260.65 3
260.75 3
260.85 3
260.95 3
261.05 3
261.15 3
261.25 3
261.35 3
261.45 3
261.55 3
261.65 3
261.75 3
261.85 3
261.95 3
262.05 3
262.15 3
262.25 3
262.35 3
262.45 3
262.55 3
262.65 3
262.75 3
262.85 3
262.95 3
263.05 3
263.15 3
263.25 3
263.35 3
263.45 3
263.55 3
263.65 3
263.75 3
263.85 3
263.95 3
264.05 3
264.15 3
264.25 3
264.35 3
264.45 3
264.55 3
264.65 3
264.75 3
264.85 3
264.95 3
265.05 3
265.15 3
265.25 3
265.35 3
265.45 3
265.55 3
265.65 3
265.75 3
265.85 3
265.95 3
266.05 3
266.15 3
266.25 3
266.35 3
266.45 3
266.55 3
266.65 3
266.75 3
266.85 3
266.95 3
267.05 3
267.15 3
267.25 3
267.35 3
267.45 3
267.55 3
267.65 3
267.75 3
267.85 3
267.95 3
268.05 3
268.15 3
268.25 3
268.35 3
268.45 3
268.55 3
268.65 3
268.75 3
268.85 3
268.95 3
269.05 3
269.15 3
269.25 3
269.35 3
269.45 3
269.55 3
269.65 3
269.75 3
269.85 3
269.95 3
270.05 3
270.15 3
270.25 3
270.35 3
270.45 3
270.55 3
270.65 3
270.75 3
270.85 3
270.95 3
271.05 3
271.15 3
271.25 3
271.35 3
271.45 3
271.55 3
271.65 3
271.75 3
271.85 3
271.95 3
272.05 3
272.15 3
272.25 3
272.35 3
272.45 3
272.55 3
272.65 3
272.75 3
272.85 3
272.95 3
273.05 3
273.15 3
273.25 3
273.35 3
273.45 3
273.55 3
273.65 3
273.75 3
273.85 3
273.95 3
274.05 3
274.15 3
274.25 3
274.35 3
274.45 3
274.55 3
274.65 3
274.75 3
274.85 3
274.95 3
275.05 3
275.15 3
275.25 3
275.35 3
275.45 3
275.55 3
275.65 3
275.75 3
275.85 3
275.95 3
276.05 3
276.15 3
276.25 3
276.35 3
276.45 3
276.55 3
276.65 3
276.75 3
276.85 3
276.95 3
277.05 3
277.15 3
277.25 3
277.35 3
277.45 3
277.55 3
277.65 3
277.75 3
277.85 3
277.95 3
278.05 3
278.15 3
278.25 3
278.35 3
278.45 3
278.55 3
278.65 3
278.75 3
278.85 3
278.95 3
279.05 3
279.15 3
279.25 3
279.35 3
279.45 3
279.55 3
279.65 3
279.75 3
279.85 3
279.95 3
280.05 3
280.15 3
280.25 3
280.35 3
280.45 3
280.55 3
280.65 3
280.75 3
280.85 3
280.95 3
281.05 3
281.15 3
281.25 3
281.35 3
281.45 3
281.55 3
281.65 3
281.75 3
281.85 3
281.95 3
282.05 3
282.15 3
282.25 3
282.35 3
282.45 3
282.55 3
282.65 3
282.75 3
282.85 3
282.95 3
283.05 3
283.15 3
283.25 3
283.35 3
283.45 3
283.55 3
283.65 3
283.75 3
283.85 3
283.95 3
284.05 3
284.15 3
284.25 3
284.35 3
284.45 3
284.55 3
284.65 3
284.75 3
284.85 3
284.95 3
285.05 3
285.15 3
285.25 3
285.35 3
285.45 3
285.55 3
285.65 3
285.75 3
285.85 3
285.95 3
286.05 3
286.15 3
286.25 3
286.35 3
286.45 3
286.55 3
286.65 3
286.75 3
286.85 3
286.95 3
287.05 3
287.15 3
287.25 3
287.35 3
287.45 3
287.55 3
287.65 3
287.75 3
287.85 3
287.95 3
288.05 3
288.15 3
288.25 3
288.35 3
288.45 3
288.55 3
288.65 3
288.75 3
288.85 3
288.95 3
289.05 3
289.15 3
289.25 3
289.35 3
289.45 3
289.55 3
289.65 3
289.75 3
289.85 3
289.95 3
290.05 3
290.15 3
290.25 3
290.35 3
290.45 3
290.55 3
290.65 3
290.75 3
290.85 3
290.95 3
291.05 3
291.15 3
291.25 3
291.35 3
291.45 3
291.55 3
291.65 3
291.75 3
291.85 3
291.95 3
292.05 3
292.15 3
292.25 3
292.35 3
292.45 3
292.55 3
292.65 3
292.75 3
292.85 3
292.95 3
293.05 3
293.15 3
293.25 3
293.35 3
293.45 3
293.55 3
293.65 3
293.75 3
293.85 3
293.95 3
294.05 3
294.15 3
294.25 3
294.35 3
294.45 3
294.55 3
294.65 3
294.75 3
294.85 3
294.95 3
295.05 3
295.15 3
295.25 3
295.35 3
295.45 3
295.55 3
295.65 3
295.75 3
295.85 3
295.95 3
296.05 3
296.15 3
296.25 3
296.35 3
296.45 3
296.55 3
296.65 3
296.75 3
296.85 3
296.95 3
297.05 3
297.15 3
297.25 3
297.35 3
297.45 3
297.55 3
297.65 3
297.75 3
297.85 3
297.95 3
298.05 3
298.15 3
298.25 3
298.35 3
298.45 3
298.55 3
298.65 3
298.75 3
298.85 3
298.95 3
299.05 3
299.15 3
299.25 3
299.35 3
299.45 3
299.55 3
299.65 3
299.75 3
299.85 3
299.95 3
300.05 3
300.15 3
300.25 3
300.35 3
300.45 3
300.55 3
300.65 3
300.75 3
300.85 3
300.95 3
301.05 3
301.15 3
301.25 3
301.35 3
301.45 3
301.55 3
301.65 3
301.75 3
301.85 3
301.95 3
302.05 3
302.15 3
302.25 3
302.35 3
302.45 3
302.55 3
302.65 3
302.75 3
302.85 3
302.95 3
303.05 3
303.15 3
303.25 3
303.35 3
303.45 3
303.55 3
303.65 3
303.75 3
303.85 3
303.95 3
304.05 3
304.15 3
304.25 3
304.35 3
304.45 3
304.55 3
304.65 3
304.75 3
304.85 3
304.95 3
305.05 3
305.15 3
305.25 3
305.35 3
305.45 3
305.55 3
305.65 3
305.75 3
305.85 3
305.95 3
306.05 3
306.15 3
306.25 3
306.35 3
306.45 3
306.55 3
306.65 3
306.75 3
306.85 3
306.95 3
307.05 3
307.15 3
307.25 3
307.35 3
307.45 3
307.55 3
307.65 3
307.75 3
307.85 3
307.95 3
308.05 3
308.15 3
308.25 3
308.35 3
308.45 3
308.55 3
308.65 3
308.75 3
308.85 3
308.95 3
309.05 3
309.15 3
309.25 3
309.35 3
309.45 3
309.55 3
309.65 3
309.75 3
309.85 3
309.95 3
310.05 3
310.15 3
310.25 3
310.35 3
310.45 3
310.55 3
310.65 3
310.75 3
310.85 3
310.95 3
311.05 3
311.15 3
311.25 3
311.35 3
311.45 3
311.55 3
311.65 3
311.75 3
311.85 3
311.95 3
312.05 3
312.15 3
312.25 3
312.35 3
312.45 3
312.55 3
312.65 3
312.75 3
312.85 3
312.95 3
313.05 3
313.15 3
313.25 3
313.35 3
313.45 3
313.55 3
313.65 3
313.75 3
313.85 3
313.95 3
314.05 3
314.15 3
314.25 3
314.35 3
314.45 3
314.55 3
314.65 3
314.75 3
314.85 3
314.95 3
315.05 3
315.15 3
315.25 3
315.35 3
315.45 3
315.55 3
315.65 3
315.75 3
315.85 3
315.95 3
316.05 3
316.15 3
316.25 3
316.35 3
316.45 3
316.55 3
316.65 3
316.75 3
316.85 3
316.95 3
317.05 3
317.15 3
317.25 3
317.35 3
317.45 3
317.55 3
317.65 3
317.75 3
317.85 3
317.95 3
318.05 3
318.15 3
318.25 3
318.35 3
318.45 3
318.55 3
318.65 3
318.75 3
318.85 3
318.95 3
319.05 3
319.15 3
319.25 3
319.35 3
319.45 3
319.55 3
319.65 3
319.75 3
319.85 3
319.95 3
320.05 3
320.15 3
320.25 3
320.35 3
320.45 3
320.55 3
320.65 3
320.75 3
320.85 3
320.95 3
321.05 3
321.15 3
321.25 3
321.35 3
321.45 3
321.55 3
321.65 3
321.75 3
321.85 3
321.95 3
322.05 3
322.15 3
322.25 3
322.35 3
322.45 3
322.55 3
322.65 3
322.75 3
322.85 3
322.95 3
323.05 3
323.15 3
323.25 3
323.35 3
323.45 3
323.55 3
323.65 3
323.75 3
323.85 3
323.95 3
324.05 3
324.15 3
324.25 3
324.35 3
324.45 3
324.55 3
324.65 3
324.75 3
324.85 3
324.95 3
325.05 3
325.15 3
325.25 3
325.35 3
325.45 3
325.55 3
325.65 3
325.75 3
325.85 3
325.95 3
326.05 3
326.15 3
326.25 3
326.35 3
326.45 3
326.55 3
326.65 3
326.75 3
326.85 3
326.95 3
327.05 3
327.15 3
327.25 3
327.35 3
327.45 3
327.55 3
327.65 3
327.75 3
327.85 3
327.95 3
328.05 3
328.15 3
328.25 3
328.35 3
328.45 3
328.55 3
328.65 3
328.75 3
328.85 3
328.95 3
329.05 3
329.15 3
329.25 3
329.35 3
329.45 3
329.55 3
329.65 3
329.75 3
329.85 3
329.95 3
330.05 3
330.15 3
330.25 3
330.35 3
330.45 3
330.55 3
330.65 3
330.75 3
330.85 3
330.95 3
331.05 3
331.15 3
331.25 3
331.35 3
331.45 3
331.55 3
331.65 3
331.75 3
331.85 3
331.95 3
332.05 3
332.15 3
332.25 3
332.35 3
332.45 3
332.55 3
332.65 3
332.75 3
332.85 3
332.95 3
333.05 3
333.15 3
333.25 3
333.35 3
333.45 3
333.55 3
333.65 3
333.75 3
333.85 3
333.95 3
334.05 3
334.15 3
334.25 3
334.35 3
334.45 3
334.55 3
334.65 3
334.75 3
334.85 3
334.95 3
335.05 3
335.15 3
335.25 3
335.35 3
335.45 3
335.55001 3
335.65001 3
335.75001 3
335.85001 3
335.95001 3
336.05001 3
336.15001 3
336.25001 3
336.35001 3
336.45001 3
336.55001 3
336.65001 3
336.75001 3
336.85001 3
336.95001 3
337.05001 3
337.15001 3
337.25001 3
337.35001 3
337.45001 3
337.55001 3
337.65001 3
337.75001 3
337.85001 3
337.95001 3
338.05001 3
338.15001 3
338.25001 3
338.35001 3
338.45001 3
338.55001 3
338.65001 3
338.75001 3
338.85001 3
338.95001 3
339.05001 3
339.15001 3
339.25001 3
339.35001 3
339.45001 3
339.55001 3
339.65001 3
339.75001 3
339.85001 3
339.95001 3
340.05001 3
340.15001 3
340.25001 3
340.35001 3
340.45001 3
340.55001 3
340.65001 3
340.75001 3
340.85001 3
340.95001 3
341.05001 3
341.15001 3
341.25001 3
341.35001 3
341.45001 3
341.55001 3
341.65001 3
341.75001 3
341.85001 3
341.95001 3
342.05001 3
342.15001 3
342.25001 3
342.35001 3
342.45001 3
342.55001 3
342.65001 3
342.75001 3
342.85001 3
342.95001 3
343.05001 3
343.15001 3
343.25001 3
343.35001 3
343.45001 3
343.55001 3
343.65001 3
343.75001 3
343.85001 3
343.95001 3
344.05001 3
344.15001 3
344.25001 3
344.35001 3
344.45001 3
344.55001 3
344.65001 3
344.75001 3
344.85001 3
344.95001 3
345.05001 3
345.15001 3
345.25001 3
345.35001 3
345.45001 3
345.55001 3
345.65001 3
345.75001 3
345.85001 3
345.95001 3
346.05001 3
346.15001 3
346.25001 3
346.35001 3
346.45001 3
346.55001 3
346.65001 3
346.75001 3
346.85001 3
346.95001 3
347.05001 3
347.15001 3
347.25001 3
347.35001 3
347.45001 3
347.55001 3
347.65001 3
347.75001 3
347.85001 3
347.95001 3
348.05001 3
348.15001 3
348.25001 3
348.35001 3
348.45001 3
348.55001 3
348.65001 3
348.75001 3
348.85001 3
348.95001 3
349.05001 3
349.15001 3
349.25001 3
349.35001 3
349.45001 3
349.55001 3
349.65001 3
349.75001 3
349.85001 3
349.95001 3
350.05001 3
350.15001 3
350.25001 3
350.35001 3
350.45001 3
350.55001 3
350.65001 3
350.75001 3
350.85001 3
350.95001 3
351.05001 3
351.15001 3
351.25001 3
351.35001 3
351.45001 3
351.55001 3
351.65001 3
351.75001 3
351.85001 3
351.95001 3
352.05001 3
352.15001 3
352.25001 3
352.35001 3
352.45001 3
352.55001 3
352.65001 3
352.75001 3
352.85001 3
352.95001 3
353.05001 3
353.15001 3
353.25001 3
353.35001 3
353.45001 3
353.55001 3
353.65001 3
353.75001 3
353.85001 3
353.95001 3
354.05001 3
354.15001 3
354.25001 3
354.35001 3
354.45001 3
354.55001 3
354.65001 3
354.75001 3
354.85001 3
354.95001 3
355.05001 3
355.15001 3
355.25001 3
355.35001 3
355.45001 3
355.55001 3
355.65001 3
355.75001 3
355.85001 3
355.95001 3
356.05001 3
356.15001 3
356.25001 3
356.35001 3
356.45001 3
356.55001 3
356.65001 3
356.75001 3
356.85001 3
356.95001 3
357.05001 3
357.15001 3
357.25001 3
357.35001 3
357.45001 3
357.55001 3
357.65001 3
357.75001 3
357.85001 3
357.95001 3
358.05001 3
358.15001 3
358.25001 3
358.35001 3
358.45001 3
358.55001 3
358.65001 3
358.75001 3
358.85001 3
358.95001 3
359.05001 3
359.15001 3
359.25001 3
359.35001 3
359.45001 3
359.55001 3
359.65001 3
359.75001 3
359.85001 3
359.95001 3
360.05001 3
360.15001 3
360.25001 3
360.35001 3
360.45001 3
360.55001 3
360.65001 3
360.75001 3
360.85001 3
360.95001 3
361.05001 3
361.15001 3
361.25001 3
361.35001 3
361.45001 3
361.55001 3
361.65001 3
361.75001 3
361.85001 3
361.95001 3
362.05001 3
362.15001 3
362.25001 3
362.35001 3
362.45001 3
362.55001 3
362.65001 3
362.75001 3
362.85001 3
362.95001 3
363.05001 3
363.15001 3
363.25001 3
363.35001 3
363.45001 3
363.55001 3
363.65001 3
363.75001 3
363.85001 3
363.95001 3
364.05001 3
364.15001 3
364.25001 3
364.35001 3
364.45001 3
364.55001 3
364.65001 3
364.75001 3
364.85001 3
364.95001 3
365.05001 3
365.15001 3
365.25001 3
365.35001 3
365.45001 3
365.55001 3
365.65001 3
365.75001 3
365.85001 3
365.95001 3
366.05001 3
366.15001 3
366.25001 3
366.35001 3
366.45001 3
366.55001 3
366.65001 3
366.75001 3
366.85001 3
366.95001 3
367.05001 3
367.15001 3
367.25001 3
367.35001 3
367.45001 3
367.55001 3
367.65001 3
367.75001 3
367.85001 3
367.95001 3
368.05001 3
368.15001 3
368.25001 3
368.35001 3
368.45001 3
368.55001 3
368.65001 3
368.75001 3
368.85001 3
368.95001 3
369.05001 3
369.15001 3
369.25001 3
369.35001 3
369.45001 3
369.55001 3
369.65001 3
369.75001 3
369.85001 3
369.95001 3
370.05001 3
370.15001 3
370.25001 3
370.35001 3
370.45001 3
370.55001 3
370.65001 3
370.75001 3
370.85001 3
370.95001 3
371.05001 3
371.15001 3
371.25001 3
371.35001 3
371.45001 3
371.55001 3
371.65001 3
371.75001 3
371.85001 3
371.95001 3
372.05001 3
372.15001 3
372.25001 3
372.35001 3
372.45001 3
372.55001 3
372.65001 3
372.75001 3
372.85001 3
372.95001 3
373.05001 3
373.15001 3
373.25001 3
373.35001 3
373.45001 3
373.55001 3
373.65001 3
373.75001 3
373.85001 3
373.95001 3
374.05001 3
374.15001 3
374.25001 3
374.35001 3
374.45001 3
374.55001 3
374.65001 3
374.75001 3
374.85001 3
374.95001 3
375.05001 3
375.15001 3
375.25001 3
375.35001 3
375.45001 3
375.55001 3
375.65001 3
375.75001 3
375.85001 3
375.95001 3
376.05001 3
376.15001 3
376.25001 3
376.35001 3
376.45001 3
376.55001 3
376.65001 3
376.75001 3
376.85001 3
376.95001 3
377.05001 3
377.15001 3
377.25001 3
377.35001 3
377.45001 3
377.55001 3
377.65001 3
377.75001 3
377.85001 3
377.95001 3
378.05001 3
378.15001 3
378.25001 3
378.35001 3
378.45001 3
378.55001 3
378.65001 3
378.75001 3
378.85001 3
378.95001 3
379.05001 3
379.15001 3
379.25001 3
379.35001 3
379.45001 3
379.55001 3
379.65001 3
379.75001 3
379.85001 3
379.95001 3
380.05001 3
380.15001 3
380.25001 3
380.35001 3
380.45001 3
380.55001 3
380.65001 3
380.75001 3
380.85001 3
380.95001 3
381.05001 3
381.15001 3
381.25001 3
381.35001 3
381.45001 3
381.55001 3
381.65001 3
381.75001 3
381.85001 3
381.95001 3
382.05001 3
382.15001 3
382.25001 3
382.35001 3
382.45001 3
382.55001 3
382.65001 3
382.75001 3
382.85001 3
382.95001 3
383.05001 3
383.15001 3
383.25001 3
383.35001 3
383.45001 3
383.55001 3
383.65001 3
383.75001 3
383.85001 3
383.95001 3
384.05001 3
384.15001 3
384.25001 3
384.35001 3
384.45001 3
384.55001 3
384.65001 3
384.75001 3
384.85001 3
384.95001 3
385.05001 3
385.15001 3
385.25001 3
385.35001 3
385.45001 3
385.55001 3
385.65001 3
385.75001 3
385.85001 3
385.95001 3
386.05001 3
386.15001 3
386.25001 3
386.35001 3
386.45001 3
386.55001 3
386.65001 3
386.75001 3
386.85001 3
386.95001 3
387.05001 3
387.15001 3
387.25001 3
387.35001 3
387.45001 3
387.55001 3
387.65001 3
387.75001 3
387.85001 3
387.95001 3
388.05001 3
388.15001 3
388.25001 3
388.35001 3
388.45001 3
388.55001 3
388.65001 3
388.75001 3
388.85001 3
388.95001 3
389.05001 3
389.15001 3
389.25001 3
389.35001 3
389.45001 3
389.55001 3
389.65001 3
389.75001 3
389.85001 3
389.95001 3
390.05001 3
390.15001 3
390.25001 3
390.35001 3
390.45001 3
390.55001 3
390.65001 3
390.75001 3
390.85001 3
390.95001 3
391.05001 3
391.15001 3
391.25001 3
391.35001 3
391.45001 3
391.55001 3
391.65001 3
391.75001 3
391.85001 3
391.95001 3
392.05001 3
392.15001 3
392.25001 3
392.35001 3
392.45001 3
392.55001 3
392.65001 3
392.75001 3
392.85001 3
392.95001 3
393.05001 3
393.15001 3
393.25001 3
393.35001 3
393.45001 3
393.55001 3
393.65001 3
393.75001 3
393.85001 3
393.95001 3
394.05001 3
394.15001 3
394.25001 3
394.35001 3
394.45001 3
394.55001 3
394.65001 3
394.75001 3
394.85001 3
394.95001 3
395.05001 3
395.15001 3
395.25001 3
395.35001 3
395.45001 3
395.55001 3
395.65001 3
395.75001 3
395.85001 3
395.95001 3
396.05001 3
396.15001 3
396.25001 3
396.35001 3
396.45001 3
396.55001 3
396.65001 3
396.75001 3
396.85001 3
396.95001 3
397.05001 3
397.15001 3
397.25001 3
397.35001 3
397.45001 3
397.55001 3
397.65001 3
397.75001 3
397.85001 3
397.95001 3
398.05001 3
398.15001 3
398.25001 3
398.35001 3
398.45001 3
398.55001 3
398.65001 3
398.75001 3
398.85001 3
398.95001 3
399.05001 3
399.15001 3
399.25001 3
399.35001 3
399.45001 3
399.55001 3
399.65001 3
399.75001 3
399.85001 3
399.95001 3
400.05001 3
400.15001 3
400.25001 3
400.35001 3
400.45001 3
400.55001 3
400.65001 3
400.75001 3
400.85001 3
400.95001 3
401.05001 3
401.15001 3
401.25001 3
401.35001 3
401.45001 3
401.55001 3
401.65001 3
401.75001 3
401.85001 3
401.95001 3
402.05001 3
402.15001 3
402.25001 3
402.35001 3
402.45001 3
402.55001 3
402.65001 3
402.75001 3
402.85001 3
402.95001 3
403.05001 3
403.15001 3
403.25001 3
403.35001 3
403.45001 3
403.55001 3
403.65001 3
403.75001 3
403.85001 3
403.95001 3
404.05001 3
404.15001 3
404.25001 3
404.35001 3
404.45001 3
404.55001 3
404.65001 3
404.75001 3
404.85001 3
404.95001 3
405.05001 3
405.15001 3
405.25001 3
405.35001 3
405.45001 3
405.55001 3
405.65001 3
405.75001 3
405.85001 3
405.95001 3
406.05001 3
406.15001 3
406.25001 3
406.35001 3
406.45001 3
406.55001 3
406.65001 3
406.75001 3
406.85001 3
406.95001 3
407.05001 3
407.15001 3
407.25001 3
407.35001 3
407.45001 3
407.55001 3
407.65001 3
407.75001 3
407.85001 3
407.95001 3
408.05001 3
408.15001 3
408.25001 3
408.35001 3
408.45001 3
408.55001 3
408.65001 3
408.75001 3
408.85001 3
408.95001 3
409.05001 3
409.15001 3
409.25001 3
409.35001 3
409.45001 3
409.55001 3
409.65001 3
409.75001 3
409.85001 3
409.95001 3
410.05001 3
410.15001 3
410.25001 3
410.35001 3
410.45001 3
410.55001 3
410.65001 3
410.75001 3
410.85001 3
410.95001 3
411.05001 3
411.15001 3
411.25001 3
411.35001 3
411.45001 3
411.55001 3
411.65001 3
411.75001 3
411.85001 3
411.95001 3
412.05001 3
412.15001 3
412.25001 3
412.35001 3
412.45001 3
412.55001 3
412.65001 3
412.75001 3
412.85001 3
412.95001 3
413.05001 3
413.15001 3
413.25001 3
413.35001 3
413.45001 3
413.55001 3
413.65001 3
413.75001 3
413.85001 3
413.95001 3
414.05001 3
414.15001 3
414.25001 3
414.35001 3
414.45001 3
414.55001 3
414.65001 3
414.75001 3
414.85001 3
414.95001 3
415.05001 3
415.15001 3
415.25001 3
415.35001 3
415.45001 3
415.55001 3
415.65001 3
415.75001 3
415.85001 3
415.95001 3
416.05001 3
416.15001 3
416.25001 3
416.35001 3
416.45001 3
416.55001 3
416.65001 3
416.75001 3
416.85001 3
416.95001 3
417.05001 3
417.15001 3
417.25001 3
417.35001 3
417.45001 3
417.55001 3
417.65001 3
417.75001 3
417.85001 3
417.95001 3
418.05001 3
418.15001 3
418.25001 3
418.35001 3
418.45001 3
418.55001 3
418.65001 3
418.75001 3
418.85001 3
418.95001 3
419.05001 3
419.15001 3
419.25001 3
419.35001 3
419.45001 3
419.55001 3
419.65001 3
419.75001 3
419.85001 3
419.95001 3
420.05001 3
420.15001 3
420.25001 3
420.35001 3
420.45001 3
420.55001 3
420.65001 3
420.75001 3
420.85001 3
420.95001 3
421.05001 3
421.15001 3
421.25001 3
421.35001 3
421.45001 3
421.55001 3
421.65001 3
421.75001 3
421.85001 3
421.95001 3
422.05001 3
422.15001 3
422.25001 3
422.35001 3
422.45001 3
422.55001 3
422.65001 3
422.75001 3
422.85001 3
422.95001 3
423.05001 3
423.15001 3
423.25001 3
423.35001 3
423.45001 3
423.55001 3
423.65001 3
423.75001 3
423.85001 3
423.95001 3
424.05001 3
424.15001 3
424.25001 3
424.35001 3
424.45001 3
424.55001 3
424.65001 3
424.75001 3
424.85001 3
424.95001 3
425.05001 3
425.15001 3
425.25001 3
425.35001 3
425.45001 3
425.55001 3
425.65001 3
425.75001 3
425.85001 3
425.95001 3
426.05001 3
426.15001 3
426.25001 3
426.35001 3
426.45001 3
426.55001 3
426.65001 3
426.75001 3
426.85001 3
426.95001 3
427.05001 3
427.15001 3
427.25001 3
427.35001 3
427.45001 3
427.55001 3
427.65001 3
427.75001 3
427.85001 3
427.95001 3
428.05001 3
428.15001 3
428.25001 3
428.35001 3
428.45001 3
428.55001 3
428.65001 3
428.75001 3
428.85001 3
428.95001 3
429.05001 3
429.15001 3
429.25001 3
429.35001 3
429.45001 3
429.55001 3
429.65001 3
429.75001 3
429.85001 3
429.95001 3
430.05001 3
430.15001 3
430.25001 3
430.35001 3
430.45001 3
430.55001 3
430.65001 3
430.75001 3
430.85001 3
430.95001 3
431.05001 3
431.15001 3
431.25001 3
431.35001 3
431.45001 3
431.55001 3
431.65001 3
431.75001 3
431.85001 3
431.95001 3
432.05001 3
432.15001 3
432.25001 3
432.35001 3
432.45001 3
432.55001 3
432.65001 3
432.75001 3
432.85001 3
432.95001 3
433.05001 3
433.15001 3
433.25001 3
433.35001 3
433.45001 3
433.55001 3
433.65001 3
433.75001 3
433.85001 3
433.95001 3
434.05001 3
434.15001 3
434.25001 3
434.35001 3
434.45001 3
434.55001 3
434.65001 3
434.75001 3
434.85001 3
434.95001 3
435.05001 3
435.15001 3
435.25001 3
435.35001 3
435.45001 3
435.55001 3
435.65001 3
435.75001 3
435.85001 3
435.95001 3
436.05001 3
436.15001 3
436.25001 3
436.35001 3
436.45001 3
436.55001 3
436.65001 3
436.75001 3
436.85001 3
436.95001 3
437.05001 3
437.15001 3
437.25001 3
437.35001 3
437.45001 3
437.55001 3
437.65001 3
437.75001 3
437.85001 3
437.95001 3
438.05001 3
438.15001 3
438.25001 3
438.35001 3
438.45001 3
438.55001 3
438.65001 3
438.75001 3
438.85001 3
438.95001 3
439.05001 3
439.15001 3
439.25001 3
439.35001 3
439.45001 3
439.55001 3
439.65001 3
439.75001 3
439.85001 3
439.95001 3
440.05001 3
440.15001 3
440.25001 3
440.35001 3
440.45001 3
440.55001 3
440.65001 3
440.75001 3
440.85001 3
440.95001 3
441.05001 3
441.15001 3
441.25001 3
441.35001 3
441.45001 3
441.55001 3
441.65001 3
441.75001 3
441.85001 3
441.95001 3
442.05001 3
442.15001 3
442.25001 3
442.35001 3
442.45001 3
442.55001 3
442.65001 3
442.75001 3
442.85001 3
442.95001 3
443.05001 3
443.15001 3
443.25001 3
443.35001 3
443.45001 3
443.55001 3
443.65001 3
443.75001 3
443.85001 3
443.95001 3
444.05001 3
444.15001 3
444.25001 3
444.35001 3
444.45001 3
444.55001 3
444.65001 3
444.75001 3
444.85001 3
444.95001 3
445.05001 3
445.15001 3
445.25001 3
445.35001 3
445.45001 3
445.55001 3
445.65001 3
445.75001 3
445.85001 3
445.95001 3
446.05001 3
446.15001 3
446.25001 3
446.35001 3
446.45001 3
446.55001 3
446.65001 3
446.75001 3
446.85001 3
446.95001 3
447.05001 3
447.15001 3
447.25001 3
447.35001 3
447.45001 3
447.55001 3
447.65001 3
447.75001 3
447.85001 3
447.95001 3
448.05001 3
448.15001 3
448.25001 3
448.35001 3
448.45001 3
448.55001 3
448.65001 3
448.75001 3
448.85001 3
448.95001 3
449.05001 3
449.15001 3
449.25001 3
449.35001 3
449.45001 3
449.55001 3
449.65001 3
449.75001 3
449.85001 3
449.95001 3
450.05001 3
450.15001 3
450.25001 3
450.35001 3
450.45001 3
450.55001 3
450.65001 3
450.75001 3
450.85001 3
450.95001 3
451.05001 3
451.15001 3
451.25001 3
451.35001 3
451.45001 3
451.55001 3
451.65001 3
451.75001 3
451.85001 3
451.95001 3
452.05001 3
452.15001 3
452.25001 3
452.35001 3
452.45001 3
452.55001 3
452.65001 3
452.75001 3
452.85001 3
452.95001 3
453.05001 3
453.15001 3
453.25001 3
453.35001 3
453.45001 3
453.55001 3
453.65001 3
453.75001 3
453.85001 3
453.95001 3
454.05001 3
454.15001 3
454.25001 3
454.35001 3
454.45001 3
454.55001 3
454.65001 3
454.75001 3
454.85001 3
454.95001 3
455.05001 3
455.15001 3
455.25001 3
455.35001 3
455.45001 3
455.55001 3
455.65001 3
455.75001 3
455.85001 3
455.95001 3
456.05001 3
456.15001 3
456.25001 3
456.35001 3
456.45001 3
456.55001 3
456.65001 3
456.75001 3
456.85001 3
456.95001 3
457.05001 3
457.15001 3
457.25001 3
457.35001 3
457.45001 3
457.55001 3
457.65001 3
457.75001 3
457.85001 3
457.95001 3
458.05001 3
458.15001 3
458.25001 3
458.35001 3
458.45001 3
458.55001 3
458.65001 3
458.75001 3
458.85001 3
458.95001 3
459.05001 3
459.15001 3
459.25001 3
459.35001 3
459.45001 3
459.55001 3
459.65001 3
459.75001 3
459.85001 3
459.95001 3
460.05001 3
460.15001 3
460.25001 3
460.35001 3
460.45001 3
460.55001 3
460.65001 3
460.75001 3
460.85001 3
460.95001 3
461.05001 3
461.15001 3
461.25001 3
461.35001 3
461.45001 3
461.55001 3
461.65001 3
461.75001 3
461.85001 3
461.95001 3
462.05001 3
462.15001 3
462.25001 3
462.35001 3
462.45001 3
462.55001 3
462.65001 3
462.75001 3
462.85001 3
462.95001 3
463.05001 3
463.15001 3
463.25001 3
463.35001 3
463.45001 3
463.55001 3
463.65001 3
463.75001 3
463.85001 3
463.95001 3
464.05001 3
464.15001 3
464.25001 3
464.35001 3
464.45001 3
464.55001 3
464.65001 3
464.75001 3
464.85001 3
464.95001 3
465.05001 3
465.15001 3
465.25001 3
465.35001 3
465.45001 3
465.55001 3
465.65001 3
465.75001 3
465.85001 3
465.95001 3
466.05001 3
466.15001 3
466.25001 3
466.35001 3
466.45001 3
466.55001 3
466.65001 3
466.75001 3
466.85001 3
466.95001 3
467.05001 3
467.15001 3
467.25001 3
467.35001 3
467.45001 3
467.55001 3
467.65001 3
467.75001 3
467.85001 3
467.95001 3
468.05001 3
468.15001 3
468.25001 3
468.35001 3
468.45001 3
468.55001 3
468.65001 3
468.75001 3
468.85001 3
468.95001 3
469.05001 3
469.15001 3
469.25001 3
469.35001 3
469.45001 3
469.55001 3
469.65001 3
469.75001 3
469.85001 3
469.95001 3
470.05001 3
470.15001 3
470.25001 3
470.35001 3
470.45001 3
470.55001 3
470.65001 3
470.75001 3
470.85001 3
470.95001 3
471.05001 3
471.15001 3
471.25001 3
471.35001 3
471.45001 3
471.55001 3
471.65001 3
471.75001 3
471.85001 3
471.95001 3
472.05001 3
472.15001 3
472.25001 3
472.35001 3
472.45001 3
472.55001 3
472.65001 3
472.75001 3
472.85001 3
472.95001 3
473.05001 3
473.15001 3
473.25001 3
473.35001 3
473.45001 3
473.55001 3
473.65001 3
473.75001 3
473.85001 3
473.95001 3
474.05001 3
474.15001 3
474.25001 3
474.35001 3
474.45001 3
474.55001 3
474.65001 3
474.75001 3
474.85001 3
474.95001 3
475.05001 3
475.15001 3
475.25001 3
475.35001 3
475.45001 3
475.55001 3
475.65001 3
475.75001 3
475.85001 3
475.95001 3
476.05001 3
476.15001 3
476.25001 3
476.35001 3
476.45001 3
476.55001 3
476.65001 3
476.75001 3
476.85001 3
476.95001 3
477.05001 3
477.15001 3
477.25001 3
477.35001 3
477.45001 3
477.55001 3
477.65001 3
477.75001 3
477.85001 3
477.95001 3
478.05001 3
478.15001 3
478.25001 3
478.35001 3
478.45001 3
478.55001 3
478.65001 3
478.75001 3
478.85001 3
478.95001 3
479.05001 3
479.15001 3
479.25001 3
479.35001 3
479.45001 3
479.55001 3
479.65001 3
479.75001 3
479.85001 3
479.95001 3
480.05001 3
480.15001 3
480.25001 3
480.35001 3
480.45001 3
480.55001 3
480.65001 3
480.75001 3
480.85001 3
480.95001 3
481.05001 3
481.15001 3
481.25001 3
481.35001 3
481.45001 3
481.55001 3
481.65001 3
481.75001 3
481.85001 3
481.95001 3
482.05001 3
482.15001 3
482.25001 3
482.35001 3
482.45001 3
482.55001 3
482.65001 3
482.75001 3
482.85001 3
482.95001 3
483.05001 3
483.15001 3
483.25001 3
483.35001 3
483.45001 3
483.55001 3
483.65001 3
483.75001 3
483.85001 3
483.95001 3
484.05001 3
484.15001 3
484.25001 3
484.35001 3
484.45001 3
484.55001 3
484.65001 3
484.75001 3
484.85001 3
484.95001 3
485.05001 3
485.15001 3
485.25001 3
485.35001 3
485.45001 3
485.55001 3
485.65001 3
485.75001 3
485.85001 3
485.95001 3
486.05001 3
486.15001 3
486.25001 3
486.35001 3
486.45001 3
486.55001 3
486.65001 3
486.75001 3
486.85001 3
486.95001 3
487.05001 3
487.15001 3
487.25001 3
487.35001 3
487.45001 3
487.55001 3
487.65001 3
487.75001 3
487.85001 3
487.95001 3
488.05001 3
488.15001 3
488.25001 3
488.35001 3
488.45001 3
488.55001 3
488.65001 3
488.75001 3
488.85001 3
488.95001 3
489.05001 3
489.15001 3
489.25001 3
489.35001 3
489.45001 3
489.55001 3
489.65001 3
489.75001 3
489.85001 3
489.95001 3
490.05001 3
490.15001 3
490.25001 3
490.35001 3
490.45001 3
490.55001 3
490.65001 3
490.75001 3
490.85001 3
490.95001 3
491.05001 3
491.15001 3
491.25001 3
491.35001 3
491.45001 3
491.55001 3
491.65001 3
491.75001 3
491.85001 3
491.95001 3
492.05001 3
492.15001 3
492.25001 3
492.35001 3
492.45001 3
492.55001 3
492.65001 3
492.75001 3
492.85001 3
492.95001 3
493.05001 3
493.15001 3
493.25001 3
493.35001 3
493.45001 3
493.55001 3
493.65001 3
493.75001 3
493.85001 3
493.95001 3
494.05001 3
494.15001 3
494.25001 3
494.35001 3
494.45001 3
494.55001 3
494.65001 3
494.75001 3
494.85001 3
494.95001 3
495.05001 3
495.15001 3
495.25001 3
495.35001 3
495.45001 3
495.55001 3
495.65001 3
495.75001 3
495.85001 3
495.95001 3
496.05001 3
496.15001 3
496.25001 3
496.35001 3
496.45001 3
496.55001 3
496.65001 3
496.75001 3
496.85001 3
496.95001 3
497.05001 3
497.15001 3
497.25001 3
497.35001 3
497.45001 3
497.55001 3
497.65001 3
497.75001 3
497.85001 3
497.95001 3
498.05001 3
498.15001 3
498.25001 3
498.35001 3
498.45001 3
498.55001 3
498.65001 3
498.75001 3
498.85001 3
498.95001 3
499.05001 3
499.15001 3
499.25001 3
499.35001 3
499.45001 3
499.55001 3
499.65001 3
499.75001 3
499.85001 3
499.95001 3
500.05001 3
500.15001 3
500.25001 3
500.35001 3
500.45001 3
500.55001 3
500.65001 3
500.75001 3
500.85001 3
500.95001 3
501.05001 3
501.15001 3
501.25001 3
501.35001 3
501.45001 3
501.55001 3
501.65001 3
501.75001 3
501.85001 3
501.95001 3
502.05001 3
502.15001 3
502.25001 3
502.35001 3
502.45001 3
502.55001 3
502.65001 3
502.75001 3
502.85001 3
502.95001 3
503.05001 3
503.15001 3
503.25001 3
503.35001 3
503.45001 3
503.55001 3
503.65001 3
503.75001 3
503.85001 3
503.95001 3
504.05001 3
504.15001 3
504.25001 3
504.35001 3
504.45001 3
504.55001 3
504.65001 3
504.75001 3
504.85001 3
504.95001 3
505.05001 3
505.15001 3
505.25001 3
505.35001 3
505.45001 3
505.55001 3
505.65001 3
505.75001 3
505.85001 3
505.95001 3
506.05001 3
506.15001 3
506.25001 3
506.35001 3
506.45001 3
506.55001 3
506.65001 3
506.75001 3
506.85001 3
506.95001 3
507.05001 3
507.15001 3
507.25001 3
507.35001 3
507.45001 3
507.55001 3
507.65001 3
507.75001 3
507.85001 3
507.95001 3
508.05001 3
508.15001 3
508.25001 3
508.35001 3
508.45001 3
508.55001 3
508.65001 3
508.75001 3
508.85001 3
508.95001 3
509.05001 3
509.15001 3
509.25001 3
509.35001 3
509.45001 3
509.55001 3
509.65001 3
509.75001 3
509.85001 3
509.95001 3
510.05001 3
510.15001 3
510.25001 3
510.35001 3
510.45001 3
510.55001 3
510.65001 3
510.75001 3
510.85001 3
510.95001 3
511.05001 3
511.15001 3
511.25001 3
511.35001 3
511.45001 3
511.55001 3
511.65001 3
511.75001 3
511.85001 3
511.95001 3
512.05001 3
512.15001 3
512.25001 3
512.35001 3
512.45001 3
512.55001 3
512.65001 3
512.75001 3
512.85001 3
512.95001 3
513.05001 3
513.15001 3
513.25001 3
513.35001 3
513.45001 3
513.55001 3
513.65001 3
513.75001 3
513.85001 3
513.95001 3
514.05001 3
514.15001 3
514.25001 3
514.35001 3
514.45001 3
514.55001 3
514.65001 3
514.75001 3
514.85001 3
514.95001 3
515.05001 3
515.15001 3
515.25001 3
515.35001 3
515.45001 3
515.55001 3
515.65001 3
515.75001 3
515.85001 3
515.95001 3
516.05001 3
516.15001 3
516.25001 3
516.35001 3
516.45001 3
516.55001 3
516.65001 3
516.75001 3
516.85001 3
516.95001 3
517.05001 3
517.15001 3
517.25001 3
517.35001 3
517.45001 3
517.55001 3
517.65001 3
517.75001 3
517.85001 3
517.95001 3
518.05001 3
518.15001 3
518.25001 3
518.35001 3
518.45001 3
518.55001 3
518.65001 3
518.75001 3
518.85001 3
518.95001 3
519.05001 3
519.15001 3
519.25001 3
519.35001 3
519.45001 3
519.55001 3
519.65001 3
519.75001 3
519.85001 3
519.95001 3
520.05001 3
520.15001 3
520.25001 3
520.35001 3
520.45001 3
520.55001 3
520.65001 3
520.75001 3
520.85001 3
520.95001 3
521.05001 3
521.15001 3
521.25001 3
521.35001 3
521.45001 3
521.55001 3
521.65001 3
521.75001 3
521.85001 3
521.95001 3
522.05001 3
522.15001 3
522.25001 3
522.35001 3
522.45001 3
522.55001 3
522.65001 3
522.75001 3
522.85001 3
522.95001 3
523.05001 3
523.15001 3
523.25001 3
523.35001 3
523.45001 3
523.55001 3
523.65001 3
523.75001 3
523.85001 3
523.95001 3
524.05001 3
524.15001 3
524.25001 3
524.35001 3
524.45001 3
524.55001 3
524.65001 3
524.75001 3
524.85001 3
524.95001 3
525.05001 3
525.15001 3
525.25001 3
525.35001 3
525.45001 3
525.55001 3
525.65001 3
525.75001 3
525.85001 3
525.95001 3
526.05001 3
526.15001 3
526.25001 3
526.35001 3
526.45001 3
526.55001 3
526.65001 3
526.75001 3
526.85001 3
526.95001 3
527.05001 3
527.15001 3
527.25001 3
527.35001 3
527.45001 3
527.55001 3
527.65001 3
527.75001 3
527.85001 3
527.95001 3
528.05001 3
528.15001 3
528.25001 3
528.35001 3
528.45001 3
528.55001 3
528.65001 3
528.75001 3
528.85001 3
528.95001 3
529.05001 3
529.15001 3
529.25001 3
529.35001 3
529.45001 3
529.55001 3
529.65001 3
529.75001 3
529.85001 3
529.95001 3
530.05001 3
530.15001 3
530.25001 3
530.35001 3
530.45001 3
530.55001 3
530.65001 3
530.75001 3
530.85001 3
530.95001 3
531.05001 3
531.15001 3
531.25001 3
531.35001 3
531.45001 3
531.55001 3
531.65001 3
531.75001 3
531.85001 3
531.95001 3
532.05001 3
532.15001 3
532.25001 3
532.35001 3
532.45001 3
532.55001 3
532.65001 3
532.75001 3
532.85001 3
532.95001 3
533.05001 3
533.15001 3
533.25001 3
533.35001 3
533.45001 3
533.55001 3
533.65001 3
533.75001 3
533.85001 3
533.95001 3
534.05001 3
534.15001 3
534.25001 3
534.35001 3
534.45001 3
534.55001 3
534.65001 3
534.75001 3
534.85001 3
534.95001 3
535.05001 3
535.15001 3
535.25001 3
535.35001 3
535.45001 3
535.55001 3
535.65001 3
535.75001 3
535.85001 3
535.95001 3
536.05001 3
536.15001 3
536.25001 3
536.35001 3
536.45001 3
536.55001 3
536.65001 3
536.75001 3
536.85001 3
536.95001 3
537.05001 3
537.15001 3
537.25001 3
537.35001 3
537.45001 3
537.55001 3
537.65001 3
537.75001 3
537.85001 3
537.95001 3
538.05001 3
538.15001 3
538.25001 3
538.35001 3
538.45001 3
538.55001 3
538.65001 3
538.75001 3
538.85001 3
538.95001 3
539.05001 3
539.15001 3
539.25001 3
539.35001 3
539.45001 3
539.55001 3
539.65001 3
539.75001 3
539.85001 3
539.95001 3
540.05001 3
540.15001 3
540.25001 3
540.35001 3
540.45001 3
540.55001 3
540.65001 3
540.75001 3
540.85001 3
540.95001 3
541.05001 3
541.15001 3
541.25001 3
541.35001 3
541.45001 3
541.55001 3
541.65001 3
541.75001 3
541.85001 3
541.95001 3
542.05001 3
542.15001 3
542.25001 3
542.35001 3
542.45001 3
542.55001 3
542.65001 3
542.75001 3
542.85001 3
542.95001 3
543.05001 3
543.15001 3
543.25001 3
543.35001 3
543.45001 3
543.55001 3
543.65001 3
543.75001 3
543.85001 3
543.95001 3
544.05001 3
544.15001 3
544.25001 3
544.35001 3
544.45001 3
544.55001 3
544.65001 3
544.75001 3
544.85001 3
544.95001 3
545.05001 3
545.15001 3
545.25001 3
545.35001 3
545.45001 3
545.55001 3
545.65001 3
545.75001 3
545.85001 3
545.95001 3
546.05001 3
546.15001 3
546.25001 3
546.35001 3
546.45001 3
546.55001 3
546.65001 3
546.75001 3
546.85001 3
546.95001 3
547.05001 3
547.15001 3
547.25001 3
547.35001 3
547.45001 3
547.55001 3
547.65001 3
547.75001 3
547.85001 3
547.95001 3
548.05001 3
548.15001 3
548.25001 3
548.35001 3
548.45001 3
548.55001 3
548.65001 3
548.75001 3
548.85001 3
548.95001 3
549.05001 3
549.15001 3
549.25001 3
549.35001 3
549.45001 3
549.55001 3
549.65001 3
549.75001 3
549.85001 3
549.95001 3
550.05001 3
550.15001 3
550.25001 3
550.35001 3
550.45001 3
550.55001 3
550.65001 3
550.75001 3
550.85001 3
550.95001 3
551.05001 3
551.15001 3
551.25001 3
551.35001 3
551.45001 3
551.55001 3
551.65001 3
551.75001 3
551.85001 3
551.95001 3
552.05001 3
552.15001 3
552.25001 3
552.35001 3
552.45001 3
552.55001 3
552.65001 3
552.75001 3
552.85001 3
552.95001 3
553.05001 3
553.15001 3
553.25001 3
553.35001 3
553.45001 3
553.55001 3
553.65001 3
553.75001 3
553.85001 3
553.95001 3
554.05001 3
554.15001 3
554.25001 3
554.35001 3
554.45001 3
554.55001 3
554.65001 3
554.75001 3
554.85001 3
554.95001 3
555.05001 3
555.15001 3
555.25001 3
555.35001 3
555.45001 3
555.55001 3
555.65001 3
555.75001 3
555.85001 3
555.95001 3
556.05001 3
556.15001 3
556.25001 3
556.35001 3
556.45001 3
556.55001 3
556.65001 3
556.75001 3
556.85001 3
556.95001 3
557.05001 3
557.15001 3
557.25001 3
557.35001 3
557.45001 3
557.55001 3
557.65001 3
557.75001 3
557.85001 3
557.95001 3
558.05001 3
558.15001 3
558.25001 3
558.35001 3
558.45001 3
558.55001 3
558.65001 3
558.75001 3
558.85001 3
558.95001 3
559.05001 3
559.15001 3
559.25001 3
559.35001 3
559.45001 3
559.55001 3
559.65001 3
559.75001 3
559.85001 3
559.95001 3
560.05001 3
560.15001 3
560.25001 3
560.35001 3
560.45001 3
560.55001 3
560.65001 3
560.75001 3
560.85001 3
560.95001 3
561.05001 3
561.15001 3
561.25001 3
561.35001 3
561.45001 3
561.55001 3
561.65001 3
561.75001 3
561.85001 3
561.95001 3
562.05001 3
562.15001 3
562.25001 3
562.35001 3
562.45001 3
562.55001 3
562.65001 3
562.75001 3
562.85001 3
562.95001 3
563.05001 3
563.15001 3
563.25001 3
563.35001 3
563.45001 3
563.55001 3
563.65001 3
563.75001 3
563.85001 3
563.95001 3
564.05001 3
564.15001 3
564.25001 3
564.35001 3
564.45001 3
564.55001 3
564.65001 3
564.75001 3
564.85001 3
564.95001 3
565.05001 3
565.15001 3
565.25001 3
565.35001 3
565.45001 3
565.55001 3
565.65001 3
565.75001 3
565.85001 3
565.95001 3
566.05001 3
566.15001 3
566.25001 3
566.35001 3
566.45001 3
566.55001 3
566.65001 3
566.75001 3
566.85001 3
566.95001 3
567.05001 3
567.15001 3
567.25001 3
567.35001 3
567.45001 3
567.55001 3
567.65001 3
567.75001 3
567.85001 3
567.95001 3
568.05001 3
568.15001 3
568.25001 3
568.35001 3
568.45001 3
568.55001 3
568.65001 3
568.75001 3
568.85001 3
568.95001 3
569.05001 3
569.15001 3
569.25001 3
569.35001 3
569.45001 3
569.55001 3
569.65001 3
569.75001 3
569.85001 3
569.95001 3
570.05001 3
570.15001 3
570.25001 3
570.35001 3
570.45001 3
570.55001 3
570.65001 3
570.75001 3
570.85001 3
570.95001 3
571.05001 3
571.15001 3
571.25001 3
571.35001 3
571.45001 3
571.55001 3
571.65001 3
571.75001 3
571.85001 3
571.95001 3
572.05001 3
572.15001 3
572.25001 3
572.35001 3
572.45001 3
572.55001 3
572.65001 3
572.75001 3
572.85001 3
572.95001 3
573.05001 3
573.15001 3
573.25001 3
573.35001 3
573.45001 3
573.55001 3
573.65001 3
573.75001 3
573.85001 3
573.95001 3
574.05001 3
574.15001 3
574.25001 3
574.35001 3
574.45001 3
574.55001 3
574.65001 3
574.75001 3
574.85001 3
574.95001 3
575.05001 3
575.15001 3
575.25001 3
575.35001 3
575.45001 3
575.55001 3
575.65001 3
575.75001 3
575.85001 3
575.95001 3
576.05001 3
576.15001 3
576.25001 3
576.35001 3
576.45001 3
576.55001 3
576.65001 3
576.75001 3
576.85001 3
576.95001 3
577.05001 3
577.15001 3
577.25001 3
577.35001 3
577.45001 3
577.55001 3
577.65001 3
577.75001 3
577.85001 3
577.95001 3
578.05001 3
578.15001 3
578.25001 3
578.35001 3
578.45001 3
578.55001 3
578.65001 3
578.75001 3
578.85001 3
578.95001 3
579.05001 3
579.15001 3
579.25001 3
579.35001 3
579.45001 3
579.55001 3
579.65001 3
579.75001 3
579.85001 3
579.95001 3
580.05001 3
580.15001 3
580.25001 3
580.35001 3
580.45001 3
580.55001 3
580.65001 3
580.75001 3
580.85001 3
580.95001 3
581.05001 3
581.15001 3
581.25001 3
581.35001 3
581.45001 3
581.55001 3
581.65001 3
581.75001 3
581.85001 3
581.95001 3
582.05001 3
582.15001 3
582.25001 3
582.35001 3
582.45001 3
582.55001 3
582.65001 3
582.75001 3
582.85001 3
582.95001 3
583.05001 3
583.15001 3
583.25001 3
583.35001 3
583.45001 3
583.55001 3
583.65001 3
583.75001 3
583.85001 3
583.95001 3
584.05001 3
584.15001 3
584.25001 3
584.35001 3
584.45001 3
584.55001 3
584.65001 3
584.75001 3
584.85001 3
584.95001 3
585.05001 3
585.15001 3
585.25001 3
585.35001 3
585.45001 3
585.55001 3
585.65001 3
585.75001 3
585.85001 3
585.95001 3
586.05001 3
586.15001 3
586.25001 3
586.35001 3
586.45001 3
586.55001 3
586.65001 3
586.75001 3
586.85001 3
586.95001 3
587.05001 3
587.15001 3
587.25001 3
587.35001 3
587.45001 3
587.55001 3
587.65001 3
587.75001 3
587.85001 3
587.95001 3
588.05001 3
588.15001 3
588.25001 3
588.35001 3
588.45001 3
588.55001 3
588.65001 3
588.75001 3
588.85001 3
588.95001 3
589.05001 3
589.15001 3
589.25001 3
589.35001 3
589.45001 3
589.55001 3
589.65001 3
589.75001 3
589.85001 3
589.95001 3
590.05001 3
590.15001 3
590.25001 3
590.35001 3
590.45001 3
590.55001 3
590.65001 3
590.75001 3
590.85001 3
590.95001 3
591.05001 3
591.15001 3
591.25001 3
591.35001 3
591.45001 3
591.55001 3
591.65001 3
591.75001 3
591.85001 3
591.95001 3
592.05001 3
592.15001 3
592.25001 3
592.35001 3
592.45001 3
592.55001 3
592.65001 3
592.75001 3
592.85001 3
592.95001 3
593.05001 3
593.15001 3
593.25001 3
593.35001 3
593.45001 3
593.55001 3
593.65001 3
593.75001 3
593.85001 3
593.95001 3
594.05001 3
594.15001 3
594.25001 3
594.35001 3
594.45001 3
594.55001 3
594.65001 3
594.75001 3
594.85001 3
594.95001 3
595.05001 3
595.15001 3
595.25001 3
595.35001 3
595.45001 3
595.55001 3
595.65001 3
595.75001 3
595.85001 3
595.95001 3
596.05001 3
596.15001 3
596.25001 3
596.35001 3
596.45001 3
596.55001 3
596.65001 3
596.75001 3
596.85001 3
596.95001 3
597.05001 3
597.15001 3
597.25001 3
597.35001 3
597.45001 3
597.55001 3
597.65001 3
597.75001 3
597.85001 3
597.95001 3
598.05001 3
598.15001 3
598.25001 3
598.35001 3
598.45001 3
598.55001 3
598.65001 3
598.75001 3
598.85001 3
598.95001 3
599.05001 3
599.15001 3
599.25001 3
599.35001 3
599.45001 3
599.55001 3
599.65001 3
599.75001 3
599.85001 3
599.95001 3
600.05001 3
600.15001 3
600.25001 3
600.35001 3
600.45001 3
600.55001 3
600.65001 3
600.75001 3
600.85001 3
600.95001 3
601.05001 3
601.15001 3
601.25001 3
601.35001 3
601.45001 3
601.55001 3
601.65001 3
601.75001 3
601.85001 3
601.95001 3
602.05001 3
602.15001 3
602.25001 3
602.35001 3
602.45001 3
602.55001 3
602.65001 3
602.75001 3
602.85001 3
602.95001 3
603.05001 3
603.15001 3
603.25001 3
603.35001 3
603.45001 3
603.55001 3
603.65001 3
603.75001 3
603.85001 3
603.95001 3
604.05001 3
604.15001 3
604.25001 3
604.35001 3
604.45001 3
604.55001 3
604.65001 3
604.75001 3
604.85001 3
604.95001 3
605.05001 3
605.15001 3
605.25001 3
605.35001 3
605.45001 3
605.55001 3
605.65001 3
605.75001 3
605.85001 3
605.95001 3
606.05001 3
606.15001 3
606.25001 3
606.35001 3
606.45001 3
606.55001 3
606.65001 3
606.75001 3
606.85001 3
606.95001 3
607.05001 3
607.15001 3
607.25001 3
607.35001 3
607.45001 3
607.55001 3
607.65001 3
607.75001 3
607.85001 3
607.95001 3
608.05001 3
608.15001 3
608.25001 3
608.35001 3
608.45001 3
608.55001 3
608.65001 3
608.75001 3
608.85001 3
608.95001 3
609.05001 3
609.15001 3
609.25001 3
609.35001 3
609.45001 3
609.55001 3
609.65001 3
609.75001 3
609.85001 3
609.95001 3
610.05001 3
610.15001 3
610.25001 3
610.35001 3
610.45001 3
610.55001 3
610.65001 3
610.75001 3
610.85001 3
610.95001 3
611.05001 3
611.15001 3
611.25001 3
611.35001 3
611.45001 3
611.55001 3
611.65001 3
611.75001 3
611.85001 3
611.95001 3
612.05001 3
612.15001 3
612.25001 3
612.35001 3
612.45001 3
612.55001 3
612.65001 3
612.75001 3
612.85001 3
612.95001 3
613.05001 3
613.15001 3
613.25001 3
613.35001 3
613.45001 3
613.55001 3
613.65001 3
613.75001 3
613.85001 3
613.95001 3
614.05001 3
614.15001 3
614.25001 3
614.35001 3
614.45001 3
614.55001 3
614.65001 3
614.75001 3
614.85001 3
614.95001 3
615.05001 3
615.15001 3
615.25001 3
615.35001 3
615.45001 3
615.55001 3
615.65001 3
615.75001 3
615.85001 3
615.95001 3
616.05001 3
616.15001 3
616.25001 3
616.35001 3
616.45001 3
616.55001 3
616.65001 3
616.75001 3
616.85001 3
616.95001 3
617.05001 3
617.15001 3
617.25001 3
617.35001 3
617.45001 3
617.55001 3
617.65001 3
617.75001 3
617.85001 3
617.95001 3
618.05001 3
618.15001 3
618.25001 3
618.35001 3
618.45001 3
618.55001 3
618.65001 3
618.75001 3
618.85001 3
618.95001 3
619.05001 3
619.15001 3
619.25001 3
619.35001 3
619.45001 3
619.55001 3
619.65001 3
619.75001 3
619.85001 3
619.95001 3
620.05001 3
620.15001 3
620.25001 3
620.35001 3
620.45001 3
620.55001 3
620.65001 3
620.75001 3
620.85001 3
620.95001 3
621.05001 3
621.15001 3
621.25001 3
621.35001 3
621.45001 3
621.55001 3
621.65001 3
621.75001 3
621.85001 3
621.95001 3
622.05001 3
622.15001 3
622.25001 3
622.35001 3
622.45001 3
622.55001 3
622.65001 3
622.75001 3
622.85001 3
622.95001 3
623.05001 3
623.15001 3
623.25001 3
623.35001 3
623.45001 3
623.55001 3
623.65001 3
623.75001 3
623.85001 3
623.95001 3
624.05001 3
624.15001 3
624.25001 3
624.35001 3
624.45001 3
624.55001 3
624.65001 3
624.75001 3
624.85001 3
624.95001 3
625.05001 3
625.15001 3
625.25001 3
625.35001 3
625.45001 3
625.55001 3
625.65001 3
625.75001 3
625.85001 3
625.95001 3
626.05001 3
626.15001 3
626.25001 3
626.35001 3
626.45001 3
626.55001 3
626.65001 3
626.75001 3
626.85001 3
626.95001 3
627.05001 3
627.15001 3
627.25001 3
627.35001 3
627.45001 3
627.55001 3
627.65001 3
627.75001 3
627.85001 3
627.95001 3
628.05001 3
628.15001 3
628.25001 3
628.35001 3
628.45001 3
628.55001 3
628.65001 3
628.75001 3
628.85001 3
628.95001 3
629.05001 3
629.15001 3
629.25001 3
629.35001 3
629.45001 3
629.55001 3
629.65001 3
629.75001 3
629.85001 3
629.95001 3
630.05001 3
630.15001 3
630.25001 3
630.35001 3
630.45001 3
630.55001 3
630.65001 3
630.75001 3
630.85001 3
630.95001 3
631.05001 3
631.15001 3
631.25001 3
631.35001 3
631.45001 3
631.55001 3
631.65001 3
631.75001 3
631.85001 3
631.95001 3
632.05001 3
632.15001 3
632.25001 3
632.35001 3
632.45001 3
632.55001 3
632.65001 3
632.75001 3
632.85001 3
632.95001 3
633.05001 3
633.15001 3
633.25001 3
633.35001 3
633.45001 3
633.55001 3
633.65001 3
633.75001 3
633.85001 3
633.95001 3
634.05001 3
634.15001 3
634.25001 3
634.35001 3
634.45001 3
634.55001 3
634.65001 3
634.75001 3
634.85001 3
634.95001 3
635.05001 3
635.15001 3
635.25001 3
635.35001 3
635.45001 3
635.55001 3
635.65001 3
635.75001 3
635.85001 3
635.95001 3
636.05001 3
636.15001 3
636.25001 3
636.35001 3
636.45001 3
636.55001 3
636.65001 3
636.75001 3
636.85001 3
636.95001 3
637.05001 3
637.15001 3
637.25001 3
637.35001 3
637.45001 3
637.55001 3
637.65001 3
637.75001 3
637.85001 3
637.95001 3
638.05001 3
638.15001 3
638.25001 3
638.35001 3
638.45001 3
638.55001 3
638.65001 3
638.75001 3
638.85001 3
638.95001 3
639.05001 3
639.15001 3
639.25001 3
639.35001 3
639.45001 3
639.55001 3
639.65001 3
639.75001 3
639.85001 3
639.95001 3
640.05001 3
640.15001 3
640.25001 3
640.35001 3
640.45001 3
640.55001 3
640.65001 3
640.75001 3
640.85001 3
640.95001 3
641.05001 3
641.15001 3
641.25001 3
641.35001 3
641.45001 3
641.55001 3
641.65001 3
641.75001 3
641.85001 3
641.95001 3
642.05001 3
642.15001 3
642.25001 3
642.35001 3
642.45001 3
642.55001 3
642.65001 3
642.75001 3
642.85001 3
642.95001 3
643.05001 3
643.15001 3
643.25001 3
643.35001 3
643.45001 3
643.55001 3
643.65001 3
643.75001 3
643.85001 3
643.95001 3
644.05001 3
644.15001 3
644.25001 3
644.35001 3
644.45001 3
644.55001 3
644.65001 3
644.75001 3
644.85001 3
644.95001 3
645.05001 3
645.15001 3
645.25001 3
645.35001 3
645.45001 3
645.55001 3
645.65001 3
645.75001 3
645.85001 3
645.95001 3
646.05001 3
646.15001 3
646.25001 3
646.35001 3
646.45001 3
646.55001 3
646.65001 3
646.75001 3
646.85001 3
646.95001 3
647.05001 3
647.15001 3
647.25001 3
647.35001 3
647.45001 3
647.55001 3
647.65001 3
647.75001 3
647.85001 3
647.95001 3
648.05001 3
648.15001 3
648.25001 3
648.35001 3
648.45001 3
648.55001 3
648.65001 3
648.75001 3
648.85001 3
648.95001 3
649.05001 3
649.15001 3
649.25001 3
649.35001 3
649.45001 3
649.55001 3
649.65001 3
649.75001 3
649.85001 3
649.95001 3
650.05001 3
650.15001 3
650.25001 3
650.35001 3
650.45001 3
650.55001 3
650.65001 3
650.75001 3
650.85001 3
650.95001 3
651.05001 3
651.15001 3
651.25001 3
651.35001 3
651.45001 3
651.55001 3
651.65001 3
651.75001 3
651.85001 3
651.95001 3
652.05001 3
652.15001 3
652.25001 3
652.35001 3
652.45001 3
652.55001 3
652.65001 3
652.75001 3
652.85001 3
652.95001 3
653.05001 3
653.15001 3
653.25001 3
653.35001 3
653.45001 3
653.55001 3
653.65001 3
653.75001 3
653.85001 3
653.95001 3
654.05001 3
654.15001 3
654.25001 3
654.35001 3
654.45001 3
654.55001 3
654.65001 3
654.75001 3
654.85001 3
654.95001 3
655.05001 3
655.15001 3
655.25001 3
655.35001 3
655.45001 3
655.55001 3
655.65001 3
655.75001 3
655.85001 3
655.95001 3
656.05001 3
656.15001 3
656.25001 3
656.35001 3
656.45001 3
656.55001 3
656.65001 3
656.75001 3
656.85001 3
656.95001 3
657.05001 3
657.15001 3
657.25001 3
657.35001 3
657.45001 3
657.55001 3
657.65001 3
657.75001 3
657.85001 3
657.95001 3
658.05001 3
658.15001 3
658.25001 3
658.35001 3
658.45001 3
658.55001 3
658.65001 3
658.75001 3
658.85001 3
658.95001 3
659.05001 3
659.15001 3
659.25001 3
659.35001 3
659.45001 3
659.55001 3
659.65001 3
659.75001 3
659.85001 3
659.95001 3
660.05001 3
660.15001 3
660.25001 3
660.35001 3
660.45001 3
660.55001 3
660.65001 3
660.75001 3
660.85001 3
660.95001 3
661.05001 3
661.15001 3
661.25001 3
661.35001 3
661.45001 3
661.55001 3
661.65001 3
661.75001 3
661.85001 3
661.95001 3
662.05001 3
662.15001 3
662.25001 3
662.35001 3
662.45001 3
662.55001 3
662.65001 3
662.75001 3
662.85001 3
662.95001 3
663.05001 3
663.15001 3
663.25001 3
663.35001 3
663.45001 3
663.55001 3
663.65001 3
663.75001 3
663.85001 3
663.95001 3
664.05001 3
664.15001 3
664.25001 3
664.35001 3
664.45001 3
664.55001 3
664.65001 3
664.75001 3
664.85001 3
664.95001 3
665.05001 3
665.15001 3
665.25001 3
665.35001 3
665.45001 3
665.55001 3
665.65001 3
665.75001 3
665.85001 3
665.95001 3
666.05001 3
666.15001 3
666.25001 3
666.35001 3
666.45001 3
666.55001 3
666.65001 3
666.75001 3
666.85001 3
666.95001 3
667.05001 3
667.15001 3
667.25001 3
667.35001 3
667.45001 3
667.55001 3
667.65001 3
667.75001 3
667.85001 3
667.95001 3
668.05001 3
668.15001 3
668.25001 3
668.35001 3
668.45001 3
668.55001 3
668.65001 3
668.75001 3
668.85001 3
668.95001 3
669.05001 3
669.15001 3
669.25001 3
669.35001 3
669.45001 3
669.55001 3
669.65001 3
669.75001 3
669.85001 3
669.95001 3
670.05001 3
670.15001 3
670.25001 3
670.35001 3
670.45001 3
670.55001 3
670.65001 3
670.75001 3
670.85001 3
670.95001 3
671.05001 3
671.15001 3
671.25001 3
671.35001 3
671.45001 3
671.55001 3
671.65001 3
671.75001 3
671.85001 3
671.95001 3
672.05001 3
672.15001 3
672.25001 3
672.35001 3
672.45001 3
672.55001 3
672.65001 3
672.75001 3
672.85001 3
672.95001 3
673.05001 3
673.15001 3
673.25001 3
673.35001 3
673.45001 3
673.55001 3
673.65001 3
673.75001 3
673.85001 3
673.95001 3
674.05001 3
674.15001 3
674.25001 3
674.35001 3
674.45001 3
674.55001 3
674.65001 3
674.75001 3
674.85001 3
674.95001 3
675.05001 3
675.15001 3
675.25001 3
675.35001 3
675.45001 3
675.55001 3
675.65001 3
675.75001 3
675.85001 3
675.95001 3
676.05001 3
676.15001 3
676.25001 3
676.35001 3
676.45001 3
676.55001 3
676.65001 3
676.75001 3
676.85001 3
676.95001 3
677.05001 3
677.15001 3
677.25001 3
677.35001 3
677.45001 3
677.55001 3
677.65001 3
677.75001 3
677.85001 3
677.95001 3
678.05001 3
678.15001 3
678.25001 3
678.35001 3
678.45001 3
678.55001 3
678.65001 3
678.75001 3
678.85001 3
678.95001 3
679.05001 3
679.15001 3
679.25001 3
679.35001 3
679.45001 3
679.55001 3
679.65001 3
679.75001 3
679.85001 3
679.95001 3
680.05001 3
680.15001 3
680.25001 3
680.35001 3
680.45001 3
680.55001 3
680.65001 3
680.75001 3
680.85001 3
680.95001 3
681.05001 3
681.15001 3
681.25001 3
681.35001 3
681.45001 3
681.55001 3
681.65001 3
681.75001 3
681.85001 3
681.95001 3
682.05001 3
682.15001 3
682.25001 3
682.35001 3
682.45001 3
682.55001 3
682.65001 3
682.75001 3
682.85001 3
682.95001 3
683.05001 3
683.15001 3
683.25001 3
683.35001 3
683.45001 3
683.55001 3
683.65001 3
683.75001 3
683.85001 3
683.95001 3
684.05001 3
684.15001 3
684.25001 3
684.35001 3
684.45001 3
684.55001 3
684.65001 3
684.75001 3
684.85001 3
684.95001 3
685.05001 3
685.15001 3
685.25001 3
685.35001 3
685.45001 3
685.55001 3
685.65001 3
685.75001 3
685.85001 3
685.95001 3
686.05001 3
686.15001 3
686.25001 3
686.35001 3
686.45001 3
686.55001 3
686.65001 3
686.75001 3
686.85001 3
686.95001 3
687.05001 3
687.15001 3
687.25001 3
687.35001 3
687.45001 3
687.55001 3
687.65001 3
687.75001 3
687.85001 3
687.95001 3
688.05001 3
688.15001 3
688.25001 3
688.35001 3
688.45001 3
688.55001 3
688.65001 3
688.75001 3
688.85001 3
688.95001 3
689.05001 3
689.15001 3
689.25001 3
689.35001 3
689.45001 3
689.55001 3
689.65001 3
689.75001 3
689.85001 3
689.95001 3
690.05001 3
690.15001 3
690.25001 3
690.35001 3
690.45001 3
690.55001 3
690.65001 3
690.75001 3
690.85001 3
690.95001 3
691.05001 3
691.15001 3
691.25001 3
691.35001 3
691.45001 3
691.55001 3
691.65001 3
691.75001 3
691.85001 3
691.95001 3
692.05001 3
692.15001 3
692.25001 3
692.35001 3
692.45001 3
692.55001 3
692.65001 3
692.75001 3
692.85001 3
692.95001 3
693.05001 3
693.15001 3
693.25001 3
693.35001 3
693.45001 3
693.55001 3
693.65001 3
693.75001 3
693.85001 3
693.95001 3
694.05001 3
694.15001 3
694.25001 3
694.35001 3
694.45001 3
694.55001 3
694.65001 3
694.75001 3
694.85001 3
694.95001 3
695.05001 3
695.15001 3
695.25001 3
695.35001 3
695.45001 3
695.55001 3
695.65001 3
695.75001 3
695.85001 3
695.95001 3
696.05001 3
696.15001 3
696.25001 3
696.35001 3
696.45001 3
696.55001 3
696.65001 3
696.75001 3
696.85001 3
696.95001 3
697.05001 3
697.15001 3
697.25001 3
697.35001 3
697.45001 3
697.55001 3
697.65001 3
697.75001 3
697.85001 3
697.95001 3
698.05001 3
698.15001 3
698.25001 3
698.35001 3
698.45001 3
698.55001 3
698.65001 3
698.75001 3
698.85001 3
698.95001 3
699.05001 3
699.15001 3
699.25001 3
699.35001 3
699.45001 3
699.55001 3
699.65001 3
699.75001 3
699.85001 3
699.95001 3
700.05001 3
700.15001 3
700.25001 3
700.35001 3
700.45001 3
700.55001 3
700.65001 3
700.75001 3
700.85001 3
700.95001 3
701.05001 3
701.15001 3
701.25001 3
701.35001 3
701.45001 3
701.55001 3
701.65001 3
701.75001 3
701.85001 3
701.95001 3
702.05001 3
702.15001 3
702.25001 3
702.35001 3
702.45001 3
702.55001 3
702.65001 3
702.75001 3
702.85001 3
702.95001 3
703.05001 3
703.15001 3
703.25001 3
703.35001 3
703.45001 3
703.55001 3
703.65001 3
703.75001 3
703.85001 3
703.95001 3
704.05001 3
704.15001 3
704.25001 3
704.35001 3
704.45001 3
704.55001 3
704.65001 3
704.75001 3
704.85001 3
704.95001 3
705.05001 3
705.15001 3
705.25001 3
705.35001 3
705.45001 3
705.55001 3
705.65001 3
705.75001 3
705.85001 3
705.95001 3
706.05001 3
706.15001 3
706.25001 3
706.35001 3
706.45001 3
706.55001 3
706.65001 3
706.75001 3
706.85001 3
706.95001 3
707.05001 3
707.15001 3
707.25001 3
707.35001 3
707.45001 3
707.55001 3
707.65001 3
707.75001 3
707.85001 3
707.95001 3
708.05001 3
708.15001 3
708.25001 3
708.35001 3
708.45001 3
708.55001 3
708.65001 3
708.75001 3
708.85001 3
708.95001 3
709.05001 3
709.15001 3
709.25001 3
709.35001 3
709.45001 3
709.55001 3
709.65001 3
709.75001 3
709.85001 3
709.95001 3
710.05001 3
710.15001 3
710.25001 3
710.35001 3
710.45001 3
710.55001 3
710.65001 3
710.75001 3
710.85001 3
710.95001 3
711.05001 3
711.15001 3
711.25001 3
711.35001 3
711.45001 3
711.55001 3
711.65001 3
711.75001 3
711.85001 3
711.95001 3
712.05001 3
712.15001 3
712.25001 3
712.35001 3
712.45001 3
712.55001 3
712.65001 3
712.75001 3
712.85001 3
712.95001 3
713.05001 3
713.15001 3
713.25001 3
713.35001 3
713.45001 3
713.55001 3
713.65001 3
713.75001 3
713.85001 3
713.95001 3
714.05001 3
714.15001 3
714.25001 3
714.35001 3
714.45001 3
714.55001 3
714.65001 3
714.75001 3
714.85001 3
714.95001 3
715.05001 3
715.15001 3
715.25001 3
715.35001 3
715.45001 3
715.55001 3
715.65001 3
715.75001 3
715.85001 3
715.95001 3
716.05001 3
716.15001 3
716.25001 3
716.35001 3
716.45001 3
716.55001 3
716.65001 3
716.75001 3
716.85001 3
716.95001 3
717.05001 3
717.15001 3
717.25001 3
717.35001 3
717.45001 3
717.55001 3
717.65001 3
717.75001 3
717.85001 3
717.95001 3
718.05001 3
718.15001 3
718.25001 3
718.35001 3
718.45001 3
718.55001 3
718.65001 3
718.75001 3
718.85001 3
718.95001 3
719.05001 3
719.15001 3
719.25001 3
719.35001 3
719.45001 3
719.55001 3
719.65001 3
719.75001 3
719.85001 3
719.95001 3
720.05001 3
720.15001 3
720.25001 3
720.35001 3
720.45001 3
720.55001 3
720.65001 3
720.75001 3
720.85001 3
720.95001 3
721.05001 3
721.15001 3
721.25001 3
721.35001 3
721.45001 3
721.55001 3
721.65001 3
721.75001 3
721.85001 3
721.95001 3
722.05001 3
722.15001 3
722.25001 3
722.35001 3
722.45001 3
722.55001 3
722.65001 3
722.75001 3
722.85001 3
722.95001 3
723.05001 3
723.15001 3
723.25001 3
723.35001 3
723.45001 3
723.55001 3
723.65001 3
723.75001 3
723.85001 3
723.95001 3
724.05001 3
724.15001 3
724.25001 3
724.35001 3
724.45001 3
724.55001 3
724.65001 3
724.75001 3
724.85001 3
724.95001 3
725.05001 3
725.15001 3
725.25001 3
725.35001 3
725.45001 3
725.55001 3
725.65001 3
725.75001 3
725.85001 3
725.95001 3
726.05001 3
726.15001 3
726.25001 3
726.35001 3
726.45001 3
726.55001 3
726.65001 3
726.75001 3
726.85001 3
726.95001 3
727.05001 3
727.15001 3
727.25001 3
727.35001 3
727.45001 3
727.55001 3
727.65001 3
727.75001 3
727.85001 3
727.95001 3
728.05001 3
728.15001 3
728.25001 3
728.35001 3
728.45001 3
728.55001 3
728.65001 3
728.75001 3
728.85001 3
728.95001 3
729.05001 3
729.15001 3
729.25001 3
729.35001 3
729.45001 3
729.55001 3
729.65001 3
729.75001 3
729.85001 3
729.95001 3
730.05001 3
730.15001 3
730.25001 3
730.35001 3
730.45001 3
730.55001 3
730.65001 3
730.75001 3
730.85001 3
730.95001 3
731.05001 3
731.15001 3
731.25001 3
731.35001 3
731.45001 3
731.55001 3
731.65001 3
731.75001 3
731.85001 3
731.95001 3
732.05001 3
732.15001 3
732.25001 3
732.35001 3
732.45001 3
732.55001 3
732.65001 3
732.75001 3
732.85001 3
732.95001 3
733.05001 3
733.15001 3
733.25001 3
733.35001 3
733.45001 3
733.55001 3
733.65001 3
733.75001 3
733.85001 3
733.95001 3
734.05001 3
734.15001 3
734.25001 3
734.35001 3
734.45001 3
734.55001 3
734.65001 3
734.75001 3
734.85001 3
734.95001 3
735.05001 3
735.15001 3
735.25001 3
735.35001 3
735.45001 3
735.55001 3
735.65001 3
735.75001 3
735.85001 3
735.95001 3
736.05001 3
736.15001 3
736.25001 3
736.35001 3
736.45001 3
736.55001 3
736.65001 3
736.75001 3
736.85001 3
736.95001 3
737.05001 3
737.15001 3
737.25001 3
737.35001 3
737.45001 3
737.55001 3
737.65001 3
737.75001 3
737.85001 3
737.95001 3
738.05001 3
738.15001 3
738.25001 3
738.35001 3
738.45001 3
738.55001 3
738.65001 3
738.75001 3
738.85001 3
738.95001 3
739.05001 3
739.15001 3
739.25001 3
739.35001 3
739.45001 3
739.55001 3
739.65001 3
739.75001 3
739.85001 3
739.95001 3
740.05001 3
740.15001 3
740.25001 3
740.35001 3
740.45001 3
740.55001 3
740.65001 3
740.75001 3
740.85001 3
740.95001 3
741.05001 3
741.15001 3
741.25001 3
741.35001 3
741.45001 3
741.55001 3
741.65001 3
741.75001 3
741.85001 3
741.95001 3
742.05001 3
742.15001 3
742.25001 3
742.35001 3
742.45001 3
742.55001 3
742.65001 3
742.75001 3
742.85001 3
742.95001 3
743.05001 3
743.15001 3
743.25001 3
743.35001 3
743.45001 3
743.55001 3
743.65001 3
743.75001 3
743.85001 3
743.95001 3
744.05001 3
744.15001 3
744.25001 3
744.35001 3
744.45001 3
744.55001 3
744.65001 3
744.75001 3
744.85001 3
744.95001 3
745.05001 3
745.15001 3
745.25001 3
745.35001 3
745.45001 3
745.55001 3
745.65001 3
745.75001 3
745.85001 3
745.95001 3
746.05001 3
746.15001 3
746.25001 3
746.35001 3
746.45001 3
746.55001 3
746.65001 3
746.75001 3
746.85001 3
746.95001 3
747.05001 3
747.15001 3
747.25001 3
747.35001 3
747.45001 3
747.55001 3
747.65001 3
747.75001 3
747.85001 3
747.95001 3
748.05001 3
748.15001 3
748.25001 3
748.35001 3
748.45001 3
748.55001 3
748.65001 3
748.75001 3
748.85001 3
748.95001 3
749.05001 3
749.15001 3
749.25001 3
749.35001 3
749.45001 3
749.55001 3
749.65001 3
749.75001 3
749.85001 3
749.95001 3
750.05001 3
750.15001 3
750.25001 3
750.35001 3
750.45001 3
750.55001 3
750.65001 3
750.75001 3
750.85001 3
750.95001 3
751.05001 3
751.15001 3
751.25001 3
751.35001 3
751.45001 3
751.55001 3
751.65001 3
751.75001 3
751.85001 3
751.95001 3
752.05001 3
752.15001 3
752.25001 3
752.35001 3
752.45001 3
752.55001 3
752.65001 3
752.75001 3
752.85001 3
752.95001 3
753.05001 3
753.15001 3
753.25001 3
753.35001 3
753.45001 3
753.55001 3
753.65001 3
753.75001 3
753.85001 3
753.95001 3
754.05001 3
754.15001 3
754.25001 3
754.35001 3
754.45001 3
754.55001 3
754.65001 3
754.75001 3
754.85001 3
754.95001 3
755.05001 3
755.15001 3
755.25001 3
755.35001 3
755.45001 3
755.55001 3
755.65001 3
755.75001 3
755.85001 3
755.95001 3
756.05001 3
756.15001 3
756.25001 3
756.35001 3
756.45001 3
756.55001 3
756.65001 3
756.75001 3
756.85001 3
756.95001 3
757.05001 3
757.15001 3
757.25001 3
757.35001 3
757.45001 3
757.55001 3
757.65001 3
757.75001 3
757.85001 3
757.95001 3
758.05001 3
758.15001 3
758.25001 3
758.35001 3
758.45001 3
758.55001 3
758.65001 3
758.75001 3
758.85001 3
758.95001 3
759.05001 3
759.15001 3
759.25001 3
759.35001 3
759.45001 3
759.55001 3
759.65001 3
759.75001 3
759.85001 3
759.95001 3
760.05001 3
760.15001 3
760.25001 3
760.35001 3
760.45001 3
760.55001 3
760.65001 3
760.75001 3
760.85001 3
760.95001 3
761.05001 3
761.15001 3
761.25001 3
761.35001 3
761.45001 3
761.55001 3
761.65001 3
761.75001 3
761.85001 3
761.95001 3
762.05001 3
762.15001 3
762.25001 3
762.35001 3
762.45001 3
762.55001 3
762.65001 3
762.75001 3
762.85001 3
762.95001 3
763.05001 3
763.15001 3
763.25001 3
763.35001 3
763.45001 3
763.55001 3
763.65001 3
763.75001 3
763.85001 3
763.95001 3
764.05001 3
764.15001 3
764.25001 3
764.35001 3
764.45001 3
764.55001 3
764.65001 3
764.75001 3
764.85001 3
764.95001 3
765.05001 3
765.15001 3
765.25001 3
765.35001 3
765.45001 3
765.55001 3
765.65001 3
765.75001 3
765.85001 3
765.95001 3
766.05001 3
766.15001 3
766.25001 3
766.35001 3
766.45001 3
766.55001 3
766.65001 3
766.75001 3
766.85001 3
766.95001 3
767.05001 3
767.15001 3
767.25001 3
767.35001 3
767.45001 3
767.55001 3
767.65001 3
767.75001 3
767.85001 3
767.95001 3
768.05001 3
768.15001 3
768.25001 3
768.35001 3
768.45001 3
768.55001 3
768.65001 3
768.75001 3
768.85001 3
768.95001 3
769.05001 3
769.15001 3
769.25001 3
769.35001 3
769.45001 3
769.55001 3
769.65001 3
769.75001 3
769.85001 3
769.95001 3
770.05001 3
770.15001 3
770.25001 3
770.35001 3
770.45001 3
770.55001 3
770.65001 3
770.75001 3
770.85001 3
770.95001 3
771.05001 3
771.15001 3
771.25001 3
771.35001 3
771.45001 3
771.55001 3
771.65001 3
771.75001 3
771.85001 3
771.95001 3
772.05001 3
772.15001 3
772.25001 3
772.35001 3
772.45001 3
772.55001 3
772.65001 3
772.75001 3
772.85001 3
772.95001 3
773.05001 3
773.15001 3
773.25001 3
773.35001 3
773.45001 3
773.55001 3
773.65001 3
773.75001 3
773.85001 3
773.95001 3
774.05001 3
774.15001 3
774.25001 3
774.35001 3
774.45001 3
774.55001 3
774.65001 3
774.75001 3
774.85001 3
774.95001 3
775.05001 3
775.15001 3
775.25001 3
775.35001 3
775.45001 3
775.55001 3
775.65001 3
775.75001 3
775.85001 3
775.95001 3
776.05001 3
776.15001 3
776.25001 3
776.35001 3
776.45001 3
776.55001 3
776.65001 3
776.75001 3
776.85001 3
776.95001 3
777.05001 3
777.15001 3
777.25001 3
777.35001 3
777.45001 3
777.55001 3
777.65001 3
777.75001 3
777.85001 3
777.95001 3
778.05001 3
778.15001 3
778.25001 3
778.35001 3
778.45001 3
778.55001 3
778.65001 3
778.75001 3
778.85001 3
778.95001 3
779.05001 3
779.15001 3
779.25001 3
779.35001 3
779.45001 3
779.55001 3
779.65001 3
779.75001 3
779.85001 3
779.95001 3
780.05001 3
780.15001 3
780.25001 3
780.35001 3
780.45001 3
780.55001 3
780.65001 3
780.75001 3
780.85001 3
780.95001 3
781.05001 3
781.15001 3
781.25001 3
781.35001 3
781.45001 3
781.55001 3
781.65001 3
781.75001 3
781.85001 3
781.95001 3
782.05001 3
782.15001 3
782.25001 3
782.35001 3
782.45001 3
782.55001 3
782.65001 3
782.75001 3
782.85001 3
782.95001 3
783.05001 3
783.15001 3
783.25001 3
783.35001 3
783.45001 3
783.55001 3
783.65001 3
783.75001 3
783.85001 3
783.95001 3
784.05001 3
784.15001 3
784.25001 3
784.35001 3
784.45001 3
784.55001 3
784.65001 3
784.75001 3
784.85001 3
784.95001 3
785.05001 3
785.15001 3
785.25001 3
785.35001 3
785.45001 3
785.55001 3
785.65001 3
785.75001 3
785.85001 3
785.95001 3
786.05001 3
786.15001 3
786.25001 3
786.35001 3
786.45001 3
786.55001 3
786.65001 3
786.75001 3
786.85001 3
786.95001 3
787.05001 3
787.15001 3
787.25001 3
787.35001 3
787.45001 3
787.55001 3
787.65001 3
787.75001 3
787.85001 3
787.95001 3
788.05001 3
788.15001 3
788.25001 3
788.35001 3
788.45001 3
788.55001 3
788.65001 3
788.75001 3
788.85001 3
788.95001 3
789.05001 3
789.15001 3
789.25001 3
789.35001 3
789.45001 3
789.55001 3
789.65001 3
789.75001 3
789.85001 3
789.95001 3
790.05001 3
790.15001 3
790.25001 3
790.35001 3
790.45001 3
790.55001 3
790.65001 3
790.75001 3
790.85001 3
790.95001 3
791.05001 3
791.15001 3
791.25001 3
791.35001 3
791.45001 3
791.55001 3
791.65001 3
791.75001 3
791.85001 3
791.95001 3
792.05001 3
792.15001 3
792.25001 3
792.35001 3
792.45001 3
792.55001 3
792.65001 3
792.75001 3
792.85001 3
792.95001 3
793.05001 3
793.15001 3
793.25001 3
793.35001 3
793.45001 3
793.55001 3
793.65001 3
793.75001 3
793.85001 3
793.95001 3
794.05001 3
794.15001 3
794.25001 3
794.35001 3
794.45001 3
794.55001 3
794.65001 3
794.75001 3
794.85001 3
794.95001 3
795.05001 3
795.15001 3
795.25001 3
795.35001 3
795.45001 3
795.55001 3
795.65001 3
795.75001 3
795.85001 3
795.95001 3
796.05001 3
796.15001 3
796.25001 3
796.35001 3
796.45001 3
796.55001 3
796.65001 3
796.75001 3
796.85001 3
796.95001 3
797.05001 3
797.15001 3
797.25001 3
797.35001 3
797.45001 3
797.55001 3
797.65001 3
797.75001 3
797.85001 3
797.95001 3
798.05001 3
798.15001 3
798.25001 3
798.35001 3
798.45001 3
798.55001 3
798.65001 3
798.75001 3
798.85001 3
798.95001 3
799.05001 3
799.15001 3
799.25001 3
799.35001 3
799.45001 3
799.55001 3
799.65001 3
799.75001 3
799.85001 3
799.95001 3
800.05001 3

