0.15 4
0.25 4
0.35000001 4
0.45000001 4
0.55000001 4
0.65000001 4
0.75000001 4
0.85000001 4
0.95000001 4
1.05 4
1.15 4
1.25 4
1.35 4
1.45 4
1.55 4
1.65 4
1.75 4
1.85 4
1.95 4
2.05 4
2.15 4
2.25 4
2.35 4
2.45 4
2.55 4
2.65 4
2.75 4
2.85 4
2.95 4
3.05 4
3.15 4
3.25 4
3.35 4
3.4500001 4
3.5500001 4
3.6500001 4.0255211
3.7500001 4.0372471
3.8500001 4.0967117
3.9500001 4.1413479
4.0500001 4.3158241
4.1500001 4.8347281
4.2500001 5.6461136
4.3500001 6.9592653
4.4500001 7.7898895
4.5500001 6.6439902
4.6500001 5.4480474
4.7500001 4.8894389
4.8500001 4.4976623
4.9500001 4.1312516
5.0500001 4.0321566
5.1500001 3.8603843
5.2500001 3.8586521
5.3500001 3.8743204
5.4500001 3.9276901
5.5500001 3.9373572
5.6500001 3.8113258
5.7500001 3.5607677
5.8500001 3.3188495
5.9500001 3.0773459
6.0500001 2.7367035
6.1500001 2.6293892
6.2500001 2.8552533
6.3500001 3.1541565
6.4500001 3.479608
6.5500001 3.8056467
6.6500001 3.9686786
6.7500001 3.9417204
6.8500001 3.9391996
6.9500001 3.8701751
7.0500001 4.0295316
7.1500001 4.1520485
7.2500001 4.4147185
7.3500001 4.6229955
7.4500001 4.5649139
7.5500001 4.4869434
7.6500001 4.5440033
7.7500001 4.3669078
7.8500001 4.3828171
7.9500001 4.2965621
8.0500001 4.3043396
8.1500001 4.2835682
8.2500001 4.2969167
8.3500001 4.1106941
8.4500001 4.1175795
8.5500001 4.0027022
8.6500001 3.911863
8.7500001 3.9181563
8.8500001 3.7389883
8.9500001 3.839991
9.0500001 3.7473407
9.1500001 3.8637003
9.2500001 3.7103905
9.3500001 3.7307931
9.4500001 3.6139249
9.5500001 3.7195361
9.6500001 3.7535615
9.7500001 3.7963571
9.8500001 3.9484369
9.9500001 3.9837593
10.05 3.9540619
10.15 4.0341124
10.25 3.9864888
10.35 4.0981201
10.45 4.0507969
10.55 4.1115638
10.65 4.2166889
10.75 4.2318369
10.85 4.133986
10.95 4.1727945
11.05 4.0793475
11.15 4.0310392
11.25 4.1168959
11.35 4.0731757
11.45 4.0846227
11.55 4.0878815
11.65 4.0118805
11.75 3.9901842
11.85 4.0097326
11.95 3.988419
12.05 3.9540619
12.15 3.9183745
12.25 3.9171609
12.35 3.9327736
12.45 3.9851813
12.55 3.9467119
12.65 3.9945312
12.75 3.8932935
12.85 3.8887438
12.95 3.9732918
13.05 3.9381603
13.15 3.9964933
13.25 3.9460576
13.35 3.9395552
13.45 3.9554332
13.55 4.0340282
13.65 3.9797332
13.75 4.0402377
13.85 4.074899
13.95 4.0396588
14.05 4.1410955
14.15 3.9657908
14.25 3.9870597
14.35 4.0401556
14.45 4.0271162
14.55 4.0427699
14.65 4.0833807
14.75 4.0359379
14.85 4.0481108
14.95 4.0462464
15.05 4
15.15 3.9452394
15.25 4.0105778
15.35 3.9984988
15.45 3.9806106
15.55 3.9081239
15.65 3.9896934
15.75 3.9297762
15.85 4.0319822
15.95 3.9335487
16.05 3.9827732
16.15 3.9814536
16.25 3.9177652
16.35 4.0549566
16.45 3.8795527
16.55 3.9874714
16.65 3.9820122
16.75 4.0343848
16.85 3.9302726
16.95 4.095138
17.05 4.0135112
17.15 3.9919407
17.25 4.0307144
17.35 4.0624014
17.45 4.0316814
17.55 3.9671871
17.65 4.0822187
17.75 4.0622889
17.85 4.0322599
17.95 4.0064159
18.05 4.0140366
18.15 4.0190351
18.25 4.001262
18.35 4.0225925
18.45 3.9825236
18.55 3.9975169
18.65 3.94196
18.75 4.0036849
18.85 3.9902259
18.95 4.0267364
19.05 3.9673598
19.15 3.9783538
19.25 3.9318107
19.35 3.9702474
19.45 3.9502732
19.55 4.0247359
19.65 4
19.75 4.0034978
19.85 3.9663585
19.95 3.9873036
20.05 4.0252659
20.15 4.0137129
20.25 4.0204674
20.35 3.9954741
20.45 4.0394076
20.55 3.9675072
20.65 4.007805
20.75 4.0543711
20.85 3.9856444
20.95 3.994505
21.05 4.0317191
21.15 3.9945571
21.25 4.0281696
21.35 4.0086269
21.45 4.0182464
21.55 3.9700868
21.65 4.0265845
21.75 3.9989415
21.85 3.983142
21.95 4.0083905
22.05 4.0167047
22.15 3.9864888
22.25 4.0041386
22.35 3.9567399
22.45 3.9969238
22.55 3.9754997
22.65 3.9664612
22.75 4.0263081
22.85 3.9607109
22.95 4.0341025
23.05 3.9850202
23.15 3.9900567
23.25 4.0108905
23.35 3.9891563
23.45 3.9842947
23.55 4.0107515
23.65 4.0048663
23.75 3.9796477
23.85 4.0501844
23.95 4.0422861
24.05 3.9866014
24.15 3.9046928
24.25 4.071185
24.35 4.0274116
24.45 3.9887038
24.55 4.0178127
24.65 3.9934641
24.75 3.9748922
24.85 4.0296375
24.95 3.9695591
25.05 4.0137814
25.15 3.9899339
25.25 4.0391932
25.35 3.9900135
25.45 4.0081386
25.55 3.9981985
25.65 4.0305057
25.75 4.0035749
25.85 3.9724016
25.95 4.0372471
26.05 3.9920492
26.15 3.9832793
26.25 3.9736996
26.35 3.9746729
26.45 3.9678086
26.55 3.9783311
26.65 3.9550981
26.75 3.9664497
26.85 4.0299969
26.95 3.9888997
27.05 3.9931944
27.15 4.0483112
27.25 3.9881777
27.35 4.0664671
27.45 4.0301783
27.55 3.9916476
27.65 4.0041611
27.75 3.9966832
27.85 4.022308
27.95 3.984358
28.05 4.0262503
28.15 4.0196177
28.25 4.0130321
28.35 4.0121744
28.45 3.9676493
28.55 3.9838814
28.65 3.9726942
28.75 3.9991997
28.85 4.0167482
28.95 3.9952313
29.05 3.9936637
29.15 3.9565877
29.25 4.0259581
29.35 4.0627141
29.45 3.9648433
29.55 4.0365947
29.65 3.999224
29.75 3.9961332
29.85 4.0115616
29.95 3.9731132
30.05 3.9647808
30.15 4.008394
30.25 3.9619718
30.35 3.9848389
30.45 4.0068
30.55 4.0444319
30.65 3.9632195
30.75 3.9700729
30.85 3.9813563
30.95 4.01115
31.05 3.9585076
31.15 4.0384048
31.25 3.9941105
31.35 4.0462316
31.45 4.0021945
31.55 3.9606245
31.65 4.0457927
31.75 4.010144
31.85 4.0296142
31.95 3.9971199
32.05 3.9842088
32.15 3.9906979
32.25 4.0256797
32.35 4.018489
32.45 4.0007089
32.55 4.0367504
32.65 3.9668851
32.75 3.9789275
32.85 4.0112044
32.95 3.9986037
33.05 3.977031
33.15 3.9895911
33.25 4.0221388
33.35 3.9696505
33.45 3.9649275
33.55 4.0507376
33.650001 3.9781247
33.750001 4.0088605
33.850001 3.9979613
33.950001 3.9871265
34.050001 3.9750043
34.150001 3.9919171
34.250001 4.0490275
34.350001 4.0294646
34.450001 3.9826397
34.550001 3.9840215
34.650001 3.9820762
34.750001 3.9993381
34.850001 3.9933997
34.950001 3.9894698
35.050001 4.0150939
35.150001 3.9777508
35.250001 4.0052202
35.350001 4.0039041
35.450001 4.0155722
35.550001 4.0051761
35.650001 4.0270983
35.750001 4.0096509
35.850001 4.0224558
35.950001 4.0044786
36.050001 4.0261592
36.150001 3.9650056
36.250001 3.9904824
36.350001 4.0215137
36.450001 4.0328129
36.550001 3.9974828
36.650001 3.9868211
36.750001 3.9799725
36.850001 3.9494432
36.950001 4.0112044
37.050001 3.9937922
37.150001 3.97214
37.250001 4.0432213
37.350001 3.9987684
37.450001 3.9729776
37.550001 3.9938749
37.650001 3.9963347
37.750001 4.035337
37.850001 3.9921006
37.950001 3.971516
38.050001 3.9867021
38.150001 4.0584776
38.250001 4.0054116
38.350001 3.9778106
38.450001 4.027515
38.550001 4.0083524
38.650001 4.0130912
38.750001 3.9869427
38.850001 3.9875683
38.950001 4.015352
39.050001 3.9511172
39.150001 4.0117489
39.250001 4.0128908
39.350001 4.0087668
39.450001 4.0180721
39.550001 3.9941851
39.650001 3.977959
39.750001 4
39.850001 3.9786469
39.950001 4.0178456
40.050001 3.9753083
40.150001 3.966778
40.250001 4.0257116
40.350001 3.9971502
40.450001 4.0187618
40.550001 3.9818516
40.650001 3.9937769
40.750001 3.9650103
40.850001 3.9352589
40.950001 3.9640582
41.050001 3.9361349
41.150001 3.8854343
41.250001 3.9319849
41.350001 3.8943314
41.450001 3.9067924
41.550001 3.8931802
41.650001 3.913314
41.750001 3.9124203
41.850001 3.9373572
41.950001 3.9276393
42.050001 3.944765
42.150001 3.9585357
42.250001 3.9673426
42.350001 3.9771939
42.450001 3.9788728
42.550001 3.9918933
42.650001 3.9951474
42.750001 3.9967725
42.850001 3.99839
42.950001 4
43.050001 4
43.150001 4
43.250001 4
43.350001 4
43.450001 4
43.550001 4
43.650001 4
43.750001 4
43.850001 4
43.950001 4
44.050001 4
44.150001 4
44.250001 4
44.350001 4
44.450001 4
44.550001 4
44.650001 4
44.750001 4
44.850001 4
44.950001 4
45.050001 4
45.150001 4
45.250001 4
45.350001 4
45.450001 4
45.550001 4
45.650001 4
45.750001 4
45.850001 4
45.950001 4
46.050001 4
46.150001 4
46.250001 4
46.350001 4
46.450001 4
46.550001 4
46.650001 4
46.750001 4
46.850001 4
46.950001 4
47.050001 4
47.150001 4
47.250001 4
47.350001 4
47.450001 4
47.550001 4
47.650001 4
47.750001 4
47.850001 4
47.950001 4
48.050001 4
48.150001 4
48.250001 4
48.350001 4
48.450001 4
48.550001 4
48.650001 4
48.750001 4
48.850001 4
48.950001 4
49.050001 4
49.150001 4
49.250001 4
49.350001 4
49.450001 4
49.550001 4
49.650001 4
49.750001 4
49.850001 4
49.950001 4
50.050001 4
50.150001 4
50.250001 4
50.350001 4
50.450001 4
50.550001 4
50.650001 4
50.750001 4
50.850001 4
50.950001 4
51.050001 4
51.150001 4
51.250001 4
51.350001 4
51.450001 4
51.550001 4
51.650001 4
51.750001 4
51.850001 4
51.950001 4
52.050001 4
52.150001 4
52.250001 4
52.350001 4
52.450001 4
52.550001 4
52.650001 4
52.750001 4
52.850001 4
52.950001 4
53.050001 4
53.150001 4
53.250001 4
53.350001 4
53.450001 4
53.550001 4
53.650001 4
53.750001 4
53.850001 4
53.950001 4
54.050001 4
54.150001 4
54.250001 4
54.350001 4
54.450001 4
54.550001 4
54.650001 4
54.750001 4
54.850001 4
54.950001 4
55.050001 4
55.150001 4
55.250001 4
55.350001 4
55.450001 4
55.550001 4
55.650001 4
55.750001 4
55.850001 4
55.950001 4
56.050001 4
56.150001 4
56.250001 4
56.350001 4
56.450001 4
56.550001 4
56.650001 4
56.750001 4
56.850001 4
56.950001 4
57.050001 4
57.150001 4
57.250001 4
57.350001 4
57.450001 4
57.550001 4
57.650001 4
57.750001 4
57.850001 4
57.950001 4
58.050001 4
58.150001 4
58.250001 4
58.350001 4
58.450001 4
58.550001 4
58.650001 4
58.750001 4
58.850001 4
58.950001 4
59.050001 4
59.150001 4
59.250001 4
59.350001 4
59.450001 4
59.550001 4
59.650001 4
59.750001 4
59.850001 4
59.950001 4
60.050001 4
60.150001 4
60.250001 4
60.350001 4
60.450001 4
60.550001 4
60.650001 4
60.750001 4
60.850001 4
60.950001 4
61.050001 4
61.150001 4
61.250001 4
61.350001 4
61.450001 4
61.550001 4
61.650001 4
61.750001 4
61.850001 4
61.950001 4
62.050001 4
62.150001 4
62.250001 4
62.350001 4
62.450001 4
62.550001 4
62.650001 4
62.750001 4
62.850001 4
62.950001 4
63.050001 4
63.150001 4
63.250001 4
63.350001 4
63.450001 4
63.550001 4
63.650001 4
63.750001 4
63.850001 4
63.950001 4
64.050001 4
64.150001 4
64.250001 4
64.350001 4
64.450001 4
64.550001 4
64.650001 4
64.750001 4
64.850001 4
64.950001 4
65.050001 4
65.150001 4
65.250001 4
65.350001 4
65.450001 4
65.550001 4
65.650001 4
65.750001 4
65.850001 4
65.950001 4
66.050001 4
66.150001 4
66.250001 4
66.350001 4
66.450001 4
66.550001 4
66.650001 4
66.750001 4
66.850001 4
66.950001 4
67.050001 4
67.150001 4
67.250001 4
67.350001 4
67.450001 4
67.550001 4
67.650001 4
67.750001 4
67.850001 4
67.950001 4
68.050001 4
68.150001 4
68.250001 4
68.350001 4
68.450001 4
68.550001 4
68.650001 4
68.750001 4
68.850001 4
68.950001 4
69.050001 4
69.150001 4
69.250001 4
69.350001 4
69.450001 4
69.550001 4
69.650001 4
69.750001 4
69.850001 4
69.950001 4
70.050001 4
70.150001 4
70.250001 4
70.350001 4
70.450001 4
70.550001 4
70.650001 4
70.750001 4
70.850001 4
70.950001 4
71.050001 4
71.150001 4
71.250001 4
71.350001 4
71.450001 4
71.550001 4
71.650001 4
71.750001 4
71.850001 4
71.950001 4
72.050001 4
72.150001 4
72.250001 4
72.350001 4
72.450001 4
72.550001 4
72.650001 4
72.750001 4
72.850001 4
72.950001 4
73.050001 4
73.150001 4
73.250001 4
73.350001 4
73.450001 4
73.550001 4
73.650001 4
73.750001 4
73.850001 4
73.950001 4
74.050001 4
74.150001 4
74.250001 4
74.350001 4
74.450001 4
74.550001 4
74.650001 4
74.750001 4
74.850001 4
74.950001 4
75.050001 4
75.150001 4
75.250001 4
75.350001 4
75.450001 4
75.550001 4
75.650001 4
75.750001 4
75.850001 4
75.950001 4
76.050001 4
76.150001 4
76.250001 4
76.350001 4
76.450001 4
76.550001 4
76.650001 4
76.750001 4
76.850001 4
76.950001 4
77.050001 4
77.150001 4
77.250001 4
77.350001 4
77.450001 4
77.550001 4
77.650001 4
77.750001 4
77.850001 4
77.950001 4
78.050001 4
78.150001 4
78.250001 4
78.350001 4
78.450001 4
78.550001 4
78.650001 4
78.750001 4
78.850001 4
78.950001 4
79.050001 4
79.150001 4
79.250001 4
79.350001 4
79.450001 4
79.550001 4
79.650001 4
79.750001 4
79.850001 4
79.950001 4
80.050001 4
80.150001 4
80.250001 4
80.350001 4
80.450001 4
80.550001 4
80.650001 4
80.750001 4
80.850001 4
80.950001 4
81.050001 4
81.150001 4
81.250001 4
81.350001 4
81.450001 4
81.550001 4
81.650001 4
81.750001 4
81.850001 4
81.950001 4
82.050001 4
82.150001 4
82.250001 4
82.350001 4
82.450001 4
82.550001 4
82.650001 4
82.750001 4
82.850001 4
82.950001 4
83.050001 4
83.150001 4
83.250001 4
83.350001 4
83.450001 4
83.550001 4
83.650001 4
83.750001 4
83.850001 4
83.950001 4
84.050001 4
84.150001 4
84.250001 4
84.350001 4
84.450001 4
84.550001 4
84.650001 4
84.750001 4
84.850001 4
84.950001 4
85.050001 4
85.150001 4
85.250001 4
85.350001 4
85.450001 4
85.550001 4
85.650001 4
85.750001 4
85.850001 4
85.950001 4
86.050001 4
86.150001 4
86.250001 4
86.350001 4
86.450001 4
86.550001 4
86.650001 4
86.750001 4
86.850001 4
86.950001 4
87.050001 4
87.150001 4
87.250001 4
87.350001 4
87.450001 4
87.550001 4
87.650001 4
87.750001 4
87.850001 4
87.950001 4
88.050001 4
88.150001 4
88.250001 4
88.350001 4
88.450001 4
88.550001 4
88.650001 4
88.750001 4
88.850001 4
88.950001 4
89.050001 4
89.150001 4
89.250001 4
89.350001 4
89.450001 4
89.550001 4
89.650001 4
89.750001 4
89.850001 4
89.950001 4
90.050001 4
90.150001 4
90.250001 4
90.350001 4
90.450001 4
90.550001 4
90.650001 4
90.750001 4
90.850001 4
90.950001 4
91.050001 4
91.150001 4
91.250001 4
91.350001 4
91.450001 4
91.550001 4
91.650001 4
91.750001 4
91.850001 4
91.950001 4
92.050001 4
92.150001 4
92.250001 4
92.350001 4
92.450001 4
92.550001 4
92.650001 4
92.750001 4
92.850001 4
92.950001 4
93.050001 4
93.150001 4
93.250001 4
93.350001 4
93.450001 4
93.550001 4
93.650001 4
93.750001 4
93.850001 4
93.950001 4
94.050001 4
94.150001 4
94.250001 4
94.350001 4
94.450001 4
94.550001 4
94.650001 4
94.750001 4
94.850001 4
94.950001 4
95.050001 4
95.150001 4
95.250001 4
95.350001 4
95.450001 4
95.550001 4
95.650001 4
95.750001 4
95.850001 4
95.950001 4
96.050001 4
96.150001 4
96.250001 4
96.350001 4
96.450001 4
96.550001 4
96.650001 4
96.750001 4
96.850001 4
96.950001 4
97.050001 4
97.150001 4
97.250001 4
97.350001 4
97.450001 4
97.550001 4
97.650001 4
97.750001 4
97.850001 4
97.950001 4
98.050001 4
98.150001 4
98.250001 4
98.350001 4
98.450001 4
98.550001 4
98.650001 4
98.750001 4
98.850001 4
98.950001 4
99.050001 4
99.150001 4
99.250001 4
99.350001 4
99.450001 4
99.550001 4
99.650001 4
99.750001 4
99.850001 4
99.950001 4
100.05 4
100.15 4
100.25 4
100.35 4
100.45 4
100.55 4
100.65 4
100.75 4
100.85 4
100.95 4
101.05 4
101.15 4
101.25 4
101.35 4
101.45 4
101.55 4
101.65 4
101.75 4
101.85 4
101.95 4
102.05 4
102.15 4
102.25 4
102.35 4
102.45 4
102.55 4
102.65 4
102.75 4
102.85 4
102.95 4
103.05 4
103.15 4
103.25 4
103.35 4
103.45 4
103.55 4
103.65 4
103.75 4
103.85 4
103.95 4
104.05 4
104.15 4
104.25 4
104.35 4
104.45 4
104.55 4
104.65 4
104.75 4
104.85 4
104.95 4
105.05 4
105.15 4
105.25 4
105.35 4
105.45 4
105.55 4
105.65 4
105.75 4
105.85 4
105.95 4
106.05 4
106.15 4
106.25 4
106.35 4
106.45 4
106.55 4
106.65 4
106.75 4
106.85 4
106.95 4
107.05 4
107.15 4
107.25 4
107.35 4
107.45 4
107.55 4
107.65 4
107.75 4
107.85 4
107.95 4
108.05 4
108.15 4
108.25 4
108.35 4
108.45 4
108.55 4
108.65 4
108.75 4
108.85 4
108.95 4
109.05 4
109.15 4
109.25 4
109.35 4
109.45 4
109.55 4
109.65 4
109.75 4
109.85 4
109.95 4
110.05 4
110.15 4
110.25 4
110.35 4
110.45 4
110.55 4
110.65 4
110.75 4
110.85 4
110.95 4
111.05 4
111.15 4
111.25 4
111.35 4
111.45 4
111.55 4
111.65 4
111.75 4
111.85 4
111.95 4
112.05 4
112.15 4
112.25 4
112.35 4
112.45 4
112.55 4
112.65 4
112.75 4
112.85 4
112.95 4
113.05 4
113.15 4
113.25 4
113.35 4
113.45 4
113.55 4
113.65 4
113.75 4
113.85 4
113.95 4
114.05 4
114.15 4
114.25 4
114.35 4
114.45 4
114.55 4
114.65 4
114.75 4
114.85 4
114.95 4
115.05 4
115.15 4
115.25 4
115.35 4
115.45 4
115.55 4
115.65 4
115.75 4
115.85 4
115.95 4
116.05 4
116.15 4
116.25 4
116.35 4
116.45 4
116.55 4
116.65 4
116.75 4
116.85 4
116.95 4
117.05 4
117.15 4
117.25 4
117.35 4
117.45 4
117.55 4
117.65 4
117.75 4
117.85 4
117.95 4
118.05 4
118.15 4
118.25 4
118.35 4
118.45 4
118.55 4
118.65 4
118.75 4
118.85 4
118.95 4
119.05 4
119.15 4
119.25 4
119.35 4
119.45 4
119.55 4
119.65 4
119.75 4
119.85 4
119.95 4
120.05 4
120.15 4
120.25 4
120.35 4
120.45 4
120.55 4
120.65 4
120.75 4
120.85 4
120.95 4
121.05 4
121.15 4
121.25 4
121.35 4
121.45 4
121.55 4
121.65 4
121.75 4
121.85 4
121.95 4
122.05 4
122.15 4
122.25 4
122.35 4
122.45 4
122.55 4
122.65 4
122.75 4
122.85 4
122.95 4
123.05 4
123.15 4
123.25 4
123.35 4
123.45 4
123.55 4
123.65 4
123.75 4
123.85 4
123.95 4
124.05 4
124.15 4
124.25 4
124.35 4
124.45 4
124.55 4
124.65 4
124.75 4
124.85 4
124.95 4
125.05 4
125.15 4
125.25 4
125.35 4
125.45 4
125.55 4
125.65 4
125.75 4
125.85 4
125.95 4
126.05 4
126.15 4
126.25 4
126.35 4
126.45 4
126.55 4
126.65 4
126.75 4
126.85 4
126.95 4
127.05 4
127.15 4
127.25 4
127.35 4
127.45 4
127.55 4
127.65 4
127.75 4
127.85 4
127.95 4
128.05 4
128.15 4
128.25 4
128.35 4
128.45 4
128.55 4
128.65 4
128.75 4
128.85 4
128.95 4
129.05 4
129.15 4
129.25 4
129.35 4
129.45 4
129.55 4
129.65 4
129.75 4
129.85 4
129.95 4
130.05 4
130.15 4
130.25 4
130.35 4
130.45 4
130.55 4
130.65 4
130.75 4
130.85 4
130.95 4
131.05 4
131.15 4
131.25 4
131.35 4
131.45 4
131.55 4
131.65 4
131.75 4
131.85 4
131.95 4
132.05 4
132.15 4
132.25 4
132.35 4
132.45 4
132.55 4
132.65 4
132.75 4
132.85 4
132.95 4
133.05 4
133.15 4
133.25 4
133.35 4
133.45 4
133.55 4
133.65 4
133.75 4
133.85 4
133.95 4
134.05 4
134.15 4
134.25 4
134.35 4
134.45 4
134.55 4
134.65 4
134.75 4
134.85 4
134.95 4
135.05 4
135.15 4
135.25 4
135.35 4
135.45 4
135.55 4
135.65 4
135.75 4
135.85 4
135.95 4
136.05 4
136.15 4
136.25 4
136.35 4
136.45 4
136.55 4
136.65 4
136.75 4
136.85 4
136.95 4
137.05 4
137.15 4
137.25 4
137.35 4
137.45 4
137.55 4
137.65 4
137.75 4
137.85 4
137.95 4
138.05 4
138.15 4
138.25 4
138.35 4
138.45 4
138.55 4
138.65 4
138.75 4
138.85 4
138.95 4
139.05 4
139.15 4
139.25 4
139.35 4
139.45 4
139.55 4
139.65 4
139.75 4
139.85 4
139.95 4
140.05 4
140.15 4
140.25 4
140.35 4
140.45 4
140.55 4
140.65 4
140.75 4
140.85 4
140.95 4
141.05 4
141.15 4
141.25 4
141.35 4
141.45 4
141.55 4
141.65 4
141.75 4
141.85 4
141.95 4
142.05 4
142.15 4
142.25 4
142.35 4
142.45 4
142.55 4
142.65 4
142.75 4
142.85 4
142.95 4
143.05 4
143.15 4
143.25 4
143.35 4
143.45 4
143.55 4
143.65 4
143.75 4
143.85 4
143.95 4
144.05 4
144.15 4
144.25 4
144.35 4
144.45 4
144.55 4
144.65 4
144.75 4
144.85 4
144.95 4
145.05 4
145.15 4
145.25 4
145.35 4
145.45 4
145.55 4
145.65 4
145.75 4
145.85 4
145.95 4
146.05 4
146.15 4
146.25 4
146.35 4
146.45 4
146.55 4
146.65 4
146.75 4
146.85 4
146.95 4
147.05 4
147.15 4
147.25 4
147.35 4
147.45 4
147.55 4
147.65 4
147.75 4
147.85 4
147.95 4
148.05 4
148.15 4
148.25 4
148.35 4
148.45 4
148.55 4
148.65 4
148.75 4
148.85 4
148.95 4
149.05 4
149.15 4
149.25 4
149.35 4
149.45 4
149.55 4
149.65 4
149.75 4
149.85 4
149.95 4
150.05 4
150.15 4
150.25 4
150.35 4
150.45 4
150.55 4
150.65 4
150.75 4
150.85 4
150.95 4
151.05 4
151.15 4
151.25 4
151.35 4
151.45 4
151.55 4
151.65 4
151.75 4
151.85 4
151.95 4
152.05 4
152.15 4
152.25 4
152.35 4
152.45 4
152.55 4
152.65 4
152.75 4
152.85 4
152.95 4
153.05 4
153.15 4
153.25 4
153.35 4
153.45 4
153.55 4
153.65 4
153.75 4
153.85 4
153.95 4
154.05 4
154.15 4
154.25 4
154.35 4
154.45 4
154.55 4
154.65 4
154.75 4
154.85 4
154.95 4
155.05 4
155.15 4
155.25 4
155.35 4
155.45 4
155.55 4
155.65 4
155.75 4
155.85 4
155.95 4
156.05 4
156.15 4
156.25 4
156.35 4
156.45 4
156.55 4
156.65 4
156.75 4
156.85 4
156.95 4
157.05 4
157.15 4
157.25 4
157.35 4
157.45 4
157.55 4
157.65 4
157.75 4
157.85 4
157.95 4
158.05 4
158.15 4
158.25 4
158.35 4
158.45 4
158.55 4
158.65 4
158.75 4
158.85 4
158.95 4
159.05 4
159.15 4
159.25 4
159.35 4
159.45 4
159.55 4
159.65 4
159.75 4
159.85 4
159.95 4
160.05 4
160.15 4
160.25 4
160.35 4
160.45 4
160.55 4
160.65 4
160.75 4
160.85 4
160.95 4
161.05 4
161.15 4
161.25 4
161.35 4
161.45 4
161.55 4
161.65 4
161.75 4
161.85 4
161.95 4
162.05 4
162.15 4
162.25 4
162.35 4
162.45 4
162.55 4
162.65 4
162.75 4
162.85 4
162.95 4
163.05 4
163.15 4
163.25 4
163.35 4
163.45 4
163.55 4
163.65 4
163.75 4
163.85 4
163.95 4
164.05 4
164.15 4
164.25 4
164.35 4
164.45 4
164.55 4
164.65 4
164.75 4
164.85 4
164.95 4
165.05 4
165.15 4
165.25 4
165.35 4
165.45 4
165.55 4
165.65 4
165.75 4
165.85 4
165.95 4
166.05 4
166.15 4
166.25 4
166.35 4
166.45 4
166.55 4
166.65 4
166.75 4
166.85 4
166.95 4
167.05 4
167.15 4
167.25 4
167.35 4
167.45 4
167.55 4
167.65 4
167.75 4
167.85 4
167.95 4
168.05 4
168.15 4
168.25 4
168.35 4
168.45 4
168.55 4
168.65 4
168.75 4
168.85 4
168.95 4
169.05 4
169.15 4
169.25 4
169.35 4
169.45 4
169.55 4
169.65 4
169.75 4
169.85 4
169.95 4
170.05 4
170.15 4
170.25 4
170.35 4
170.45 4
170.55 4
170.65 4
170.75 4
170.85 4
170.95 4
171.05 4
171.15 4
171.25 4
171.35 4
171.45 4
171.55 4
171.65 4
171.75 4
171.85 4
171.95 4
172.05 4
172.15 4
172.25 4
172.35 4
172.45 4
172.55 4
172.65 4
172.75 4
172.85 4
172.95 4
173.05 4
173.15 4
173.25 4
173.35 4
173.45 4
173.55 4
173.65 4
173.75 4
173.85 4
173.95 4
174.05 4
174.15 4
174.25 4
174.35 4
174.45 4
174.55 4
174.65 4
174.75 4
174.85 4
174.95 4
175.05 4
175.15 4
175.25 4
175.35 4
175.45 4
175.55 4
175.65 4
175.75 4
175.85 4
175.95 4
176.05 4
176.15 4
176.25 4
176.35 4
176.45 4
176.55 4
176.65 4
176.75 4
176.85 4
176.95 4
177.05 4
177.15 4
177.25 4
177.35 4
177.45 4
177.55 4
177.65 4
177.75 4
177.85 4
177.95 4
178.05 4
178.15 4
178.25 4
178.35 4
178.45 4
178.55 4
178.65 4
178.75 4
178.85 4
178.95 4
179.05 4
179.15 4
179.25 4
179.35 4
179.45 4
179.55 4
179.65 4
179.75 4
179.85 4
179.95 4
180.05 4
180.15 4
180.25 4
180.35 4
180.45 4
180.55 4
180.65 4
180.75 4
180.85 4
180.95 4
181.05 4
181.15 4
181.25 4
181.35 4
181.45 4
181.55 4
181.65 4
181.75 4
181.85 4
181.95 4
182.05 4
182.15 4
182.25 4
182.35 4
182.45 4
182.55 4
182.65 4
182.75 4
182.85 4
182.95 4
183.05 4
183.15 4
183.25 4
183.35 4
183.45 4
183.55 4
183.65 4
183.75 4
183.85 4
183.95 4
184.05 4
184.15 4
184.25 4
184.35 4
184.45 4
184.55 4
184.65 4
184.75 4
184.85 4
184.95 4
185.05 4
185.15 4
185.25 4
185.35 4
185.45 4
185.55 4
185.65 4
185.75 4
185.85 4
185.95 4
186.05 4
186.15 4
186.25 4
186.35 4
186.45 4
186.55 4
186.65 4
186.75 4
186.85 4
186.95 4
187.05 4
187.15 4
187.25 4
187.35 4
187.45 4
187.55 4
187.65 4
187.75 4
187.85 4
187.95 4
188.05 4
188.15 4
188.25 4
188.35 4
188.45 4
188.55 4
188.65 4
188.75 4
188.85 4
188.95 4
189.05 4
189.15 4
189.25 4
189.35 4
189.45 4
189.55 4
189.65 4
189.75 4
189.85 4
189.95 4
190.05 4
190.15 4
190.25 4
190.35 4
190.45 4
190.55 4
190.65 4
190.75 4
190.85 4
190.95 4
191.05 4
191.15 4
191.25 4
191.35 4
191.45 4
191.55 4
191.65 4
191.75 4
191.85 4
191.95 4
192.05 4
192.15 4
192.25 4
192.35 4
192.45 4
192.55 4
192.65 4
192.75 4
192.85 4
192.95 4
193.05 4
193.15 4
193.25 4
193.35 4
193.45 4
193.55 4
193.65 4
193.75 4
193.85 4
193.95 4
194.05 4
194.15 4
194.25 4
194.35 4
194.45 4
194.55 4
194.65 4
194.75 4
194.85 4
194.95 4
195.05 4
195.15 4
195.25 4
195.35 4
195.45 4
195.55 4
195.65 4
195.75 4
195.85 4
195.95 4
196.05 4
196.15 4
196.25 4
196.35 4
196.45 4
196.55 4
196.65 4
196.75 4
196.85 4
196.95 4
197.05 4
197.15 4
197.25 4
197.35 4
197.45 4
197.55 4
197.65 4
197.75 4
197.85 4
197.95 4
198.05 4
198.15 4
198.25 4
198.35 4
198.45 4
198.55 4
198.65 4
198.75 4
198.85 4
198.95 4
199.05 4
199.15 4
199.25 4
199.35 4
199.45 4
199.55 4
199.65 4
199.75 4
199.85 4
199.95 4
200.05 4
200.15 4
200.25 4
200.35 4
200.45 4
200.55 4
200.65 4
200.75 4
200.85 4
200.95 4
201.05 4
201.15 4
201.25 4
201.35 4
201.45 4
201.55 4
201.65 4
201.75 4
201.85 4
201.95 4
202.05 4
202.15 4
202.25 4
202.35 4
202.45 4
202.55 4
202.65 4
202.75 4
202.85 4
202.95 4
203.05 4
203.15 4
203.25 4
203.35 4
203.45 4
203.55 4
203.65 4
203.75 4
203.85 4
203.95 4
204.05 4
204.15 4
204.25 4
204.35 4
204.45 4
204.55 4
204.65 4
204.75 4
204.85 4
204.95 4
205.05 4
205.15 4
205.25 4
205.35 4
205.45 4
205.55 4
205.65 4
205.75 4
205.85 4
205.95 4
206.05 4
206.15 4
206.25 4
206.35 4
206.45 4
206.55 4
206.65 4
206.75 4
206.85 4
206.95 4
207.05 4
207.15 4
207.25 4
207.35 4
207.45 4
207.55 4
207.65 4
207.75 4
207.85 4
207.95 4
208.05 4
208.15 4
208.25 4
208.35 4
208.45 4
208.55 4
208.65 4
208.75 4
208.85 4
208.95 4
209.05 4
209.15 4
209.25 4
209.35 4
209.45 4
209.55 4
209.65 4
209.75 4
209.85 4
209.95 4
210.05 4
210.15 4
210.25 4
210.35 4
210.45 4
210.55 4
210.65 4
210.75 4
210.85 4
210.95 4
211.05 4
211.15 4
211.25 4
211.35 4
211.45 4
211.55 4
211.65 4
211.75 4
211.85 4
211.95 4
212.05 4
212.15 4
212.25 4
212.35 4
212.45 4
212.55 4
212.65 4
212.75 4
212.85 4
212.95 4
213.05 4
213.15 4
213.25 4
213.35 4
213.45 4
213.55 4
213.65 4
213.75 4
213.85 4
213.95 4
214.05 4
214.15 4
214.25 4
214.35 4
214.45 4
214.55 4
214.65 4
214.75 4
214.85 4
214.95 4
215.05 4
215.15 4
215.25 4
215.35 4
215.45 4
215.55 4
215.65 4
215.75 4
215.85 4
215.95 4
216.05 4
216.15 4
216.25 4
216.35 4
216.45 4
216.55 4
216.65 4
216.75 4
216.85 4
216.95 4
217.05 4
217.15 4
217.25 4
217.35 4
217.45 4
217.55 4
217.65 4
217.75 4
217.85 4
217.95 4
218.05 4
218.15 4
218.25 4
218.35 4
218.45 4
218.55 4
218.65 4
218.75 4
218.85 4
218.95 4
219.05 4
219.15 4
219.25 4
219.35 4
219.45 4
219.55 4
219.65 4
219.75 4
219.85 4
219.95 4
220.05 4
220.15 4
220.25 4
220.35 4
220.45 4
220.55 4
220.65 4
220.75 4
220.85 4
220.95 4
221.05 4
221.15 4
221.25 4
221.35 4
221.45 4
221.55 4
221.65 4
221.75 4
221.85 4
221.95 4
222.05 4
222.15 4
222.25 4
222.35 4
222.45 4
222.55 4
222.65 4
222.75 4
222.85 4
222.95 4
223.05 4
223.15 4
223.25 4
223.35 4
223.45 4
223.55 4
223.65 4
223.75 4
223.85 4
223.95 4
224.05 4
224.15 4
224.25 4
224.35 4
224.45 4
224.55 4
224.65 4
224.75 4
224.85 4
224.95 4
225.05 4
225.15 4
225.25 4
225.35 4
225.45 4
225.55 4
225.65 4
225.75 4
225.85 4
225.95 4
226.05 4
226.15 4
226.25 4
226.35 4
226.45 4
226.55 4
226.65 4
226.75 4
226.85 4
226.95 4
227.05 4
227.15 4
227.25 4
227.35 4
227.45 4
227.55 4
227.65 4
227.75 4
227.85 4
227.95 4
228.05 4
228.15 4
228.25 4
228.35 4
228.45 4
228.55 4
228.65 4
228.75 4
228.85 4
228.95 4
229.05 4
229.15 4
229.25 4
229.35 4
229.45 4
229.55 4
229.65 4
229.75 4
229.85 4
229.95 4
230.05 4
230.15 4
230.25 4
230.35 4
230.45 4
230.55 4
230.65 4
230.75 4
230.85 4
230.95 4
231.05 4
231.15 4
231.25 4
231.35 4
231.45 4
231.55 4
231.65 4
231.75 4
231.85 4
231.95 4
232.05 4
232.15 4
232.25 4
232.35 4
232.45 4
232.55 4
232.65 4
232.75 4
232.85 4
232.95 4
233.05 4
233.15 4
233.25 4
233.35 4
233.45 4
233.55 4
233.65 4
233.75 4
233.85 4
233.95 4
234.05 4
234.15 4
234.25 4
234.35 4
234.45 4
234.55 4
234.65 4
234.75 4
234.85 4
234.95 4
235.05 4
235.15 4
235.25 4
235.35 4
235.45 4
235.55 4
235.65 4
235.75 4
235.85 4
235.95 4
236.05 4
236.15 4
236.25 4
236.35 4
236.45 4
236.55 4
236.65 4
236.75 4
236.85 4
236.95 4
237.05 4
237.15 4
237.25 4
237.35 4
237.45 4
237.55 4
237.65 4
237.75 4
237.85 4
237.95 4
238.05 4
238.15 4
238.25 4
238.35 4
238.45 4
238.55 4
238.65 4
238.75 4
238.85 4
238.95 4
239.05 4
239.15 4
239.25 4
239.35 4
239.45 4
239.55 4
239.65 4
239.75 4
239.85 4
239.95 4
240.05 4
240.15 4
240.25 4
240.35 4
240.45 4
240.55 4
240.65 4
240.75 4
240.85 4
240.95 4
241.05 4
241.15 4
241.25 4
241.35 4
241.45 4
241.55 4
241.65 4
241.75 4
241.85 4
241.95 4
242.05 4
242.15 4
242.25 4
242.35 4
242.45 4
242.55 4
242.65 4
242.75 4
242.85 4
242.95 4
243.05 4
243.15 4
243.25 4
243.35 4
243.45 4
243.55 4
243.65 4
243.75 4
243.85 4
243.95 4
244.05 4
244.15 4
244.25 4
244.35 4
244.45 4
244.55 4
244.65 4
244.75 4
244.85 4
244.95 4
245.05 4
245.15 4
245.25 4
245.35 4
245.45 4
245.55 4
245.65 4
245.75 4
245.85 4
245.95 4
246.05 4
246.15 4
246.25 4
246.35 4
246.45 4
246.55 4
246.65 4
246.75 4
246.85 4
246.95 4
247.05 4
247.15 4
247.25 4
247.35 4
247.45 4
247.55 4
247.65 4
247.75 4
247.85 4
247.95 4
248.05 4
248.15 4
248.25 4
248.35 4
248.45 4
248.55 4
248.65 4
248.75 4
248.85 4
248.95 4
249.05 4
249.15 4
249.25 4
249.35 4
249.45 4
249.55 4
249.65 4
249.75 4
249.85 4
249.95 4
250.05 4
250.15 4
250.25 4
250.35 4
250.45 4
250.55 4
250.65 4
250.75 4
250.85 4
250.95 4
251.05 4
251.15 4
251.25 4
251.35 4
251.45 4
251.55 4
251.65 4
251.75 4
251.85 4
251.95 4
252.05 4
252.15 4
252.25 4
252.35 4
252.45 4
252.55 4
252.65 4
252.75 4
252.85 4
252.95 4
253.05 4
253.15 4
253.25 4
253.35 4
253.45 4
253.55 4
253.65 4
253.75 4
253.85 4
253.95 4
254.05 4
254.15 4
254.25 4
254.35 4
254.45 4
254.55 4
254.65 4
254.75 4
254.85 4
254.95 4
255.05 4
255.15 4
255.25 4
255.35 4
255.45 4
255.55 4
255.65 4
255.75 4
255.85 4
255.95 4
256.05 4
256.15 4
256.25 4
256.35 4
256.45 4
256.55 4
256.65 4
256.75 4
256.85 4
256.95 4
257.05 4
257.15 4
257.25 4
257.35 4
257.45 4
257.55 4
257.65 4
257.75 4
257.85 4
257.95 4
258.05 4
258.15 4
258.25 4
258.35 4
258.45 4
258.55 4
258.65 4
258.75 4
258.85 4
258.95 4
259.05 4
259.15 4
259.25 4
259.35 4
259.45 4
259.55 4
259.65 4
259.75 4
259.85 4
259.95 4
260.05 4
260.15 4
260.25 4
260.35 4
260.45 4
260.55 4
260.65 4
260.75 4
260.85 4
260.95 4
261.05 4
261.15 4
261.25 4
261.35 4
261.45 4
261.55 4
261.65 4
261.75 4
261.85 4
261.95 4
262.05 4
262.15 4
262.25 4
262.35 4
262.45 4
262.55 4
262.65 4
262.75 4
262.85 4
262.95 4
263.05 4
263.15 4
263.25 4
263.35 4
263.45 4
263.55 4
263.65 4
263.75 4
263.85 4
263.95 4
264.05 4
264.15 4
264.25 4
264.35 4
264.45 4
264.55 4
264.65 4
264.75 4
264.85 4
264.95 4
265.05 4
265.15 4
265.25 4
265.35 4
265.45 4
265.55 4
265.65 4
265.75 4
265.85 4
265.95 4
266.05 4
266.15 4
266.25 4
266.35 4
266.45 4
266.55 4
266.65 4
266.75 4
266.85 4
266.95 4
267.05 4
267.15 4
267.25 4
267.35 4
267.45 4
267.55 4
267.65 4
267.75 4
267.85 4
267.95 4
268.05 4
268.15 4
268.25 4
268.35 4
268.45 4
268.55 4
268.65 4
268.75 4
268.85 4
268.95 4
269.05 4
269.15 4
269.25 4
269.35 4
269.45 4
269.55 4
269.65 4
269.75 4
269.85 4
269.95 4
270.05 4
270.15 4
270.25 4
270.35 4
270.45 4
270.55 4
270.65 4
270.75 4
270.85 4
270.95 4
271.05 4
271.15 4
271.25 4
271.35 4
271.45 4
271.55 4
271.65 4
271.75 4
271.85 4
271.95 4
272.05 4
272.15 4
272.25 4
272.35 4
272.45 4
272.55 4
272.65 4
272.75 4
272.85 4
272.95 4
273.05 4
273.15 4
273.25 4
273.35 4
273.45 4
273.55 4
273.65 4
273.75 4
273.85 4
273.95 4
274.05 4
274.15 4
274.25 4
274.35 4
274.45 4
274.55 4
274.65 4
274.75 4
274.85 4
274.95 4
275.05 4
275.15 4
275.25 4
275.35 4
275.45 4
275.55 4
275.65 4
275.75 4
275.85 4
275.95 4
276.05 4
276.15 4
276.25 4
276.35 4
276.45 4
276.55 4
276.65 4
276.75 4
276.85 4
276.95 4
277.05 4
277.15 4
277.25 4
277.35 4
277.45 4
277.55 4
277.65 4
277.75 4
277.85 4
277.95 4
278.05 4
278.15 4
278.25 4
278.35 4
278.45 4
278.55 4
278.65 4
278.75 4
278.85 4
278.95 4
279.05 4
279.15 4
279.25 4
279.35 4
279.45 4
279.55 4
279.65 4
279.75 4
279.85 4
279.95 4
280.05 4
280.15 4
280.25 4
280.35 4
280.45 4
280.55 4
280.65 4
280.75 4
280.85 4
280.95 4
281.05 4
281.15 4
281.25 4
281.35 4
281.45 4
281.55 4
281.65 4
281.75 4
281.85 4
281.95 4
282.05 4
282.15 4
282.25 4
282.35 4
282.45 4
282.55 4
282.65 4
282.75 4
282.85 4
282.95 4
283.05 4
283.15 4
283.25 4
283.35 4
283.45 4
283.55 4
283.65 4
283.75 4
283.85 4
283.95 4
284.05 4
284.15 4
284.25 4
284.35 4
284.45 4
284.55 4
284.65 4
284.75 4
284.85 4
284.95 4
285.05 4
285.15 4
285.25 4
285.35 4
285.45 4
285.55 4
285.65 4
285.75 4
285.85 4
285.95 4
286.05 4
286.15 4
286.25 4
286.35 4
286.45 4
286.55 4
286.65 4
286.75 4
286.85 4
286.95 4
287.05 4
287.15 4
287.25 4
287.35 4
287.45 4
287.55 4
287.65 4
287.75 4
287.85 4
287.95 4
288.05 4
288.15 4
288.25 4
288.35 4
288.45 4
288.55 4
288.65 4
288.75 4
288.85 4
288.95 4
289.05 4
289.15 4
289.25 4
289.35 4
289.45 4
289.55 4
289.65 4
289.75 4
289.85 4
289.95 4
290.05 4
290.15 4
290.25 4
290.35 4
290.45 4
290.55 4
290.65 4
290.75 4
290.85 4
290.95 4
291.05 4
291.15 4
291.25 4
291.35 4
291.45 4
291.55 4
291.65 4
291.75 4
291.85 4
291.95 4
292.05 4
292.15 4
292.25 4
292.35 4
292.45 4
292.55 4
292.65 4
292.75 4
292.85 4
292.95 4
293.05 4
293.15 4
293.25 4
293.35 4
293.45 4
293.55 4
293.65 4
293.75 4
293.85 4
293.95 4
294.05 4
294.15 4
294.25 4
294.35 4
294.45 4
294.55 4
294.65 4
294.75 4
294.85 4
294.95 4
295.05 4
295.15 4
295.25 4
295.35 4
295.45 4
295.55 4
295.65 4
295.75 4
295.85 4
295.95 4
296.05 4
296.15 4
296.25 4
296.35 4
296.45 4
296.55 4
296.65 4
296.75 4
296.85 4
296.95 4
297.05 4
297.15 4
297.25 4
297.35 4
297.45 4
297.55 4
297.65 4
297.75 4
297.85 4
297.95 4
298.05 4
298.15 4
298.25 4
298.35 4
298.45 4
298.55 4
298.65 4
298.75 4
298.85 4
298.95 4
299.05 4
299.15 4
299.25 4
299.35 4
299.45 4
299.55 4
299.65 4
299.75 4
299.85 4
299.95 4
300.05 4
300.15 4
300.25 4
300.35 4
300.45 4
300.55 4
300.65 4
300.75 4
300.85 4
300.95 4
301.05 4
301.15 4
301.25 4
301.35 4
301.45 4
301.55 4
301.65 4
301.75 4
301.85 4
301.95 4
302.05 4
302.15 4
302.25 4
302.35 4
302.45 4
302.55 4
302.65 4
302.75 4
302.85 4
302.95 4
303.05 4
303.15 4
303.25 4
303.35 4
303.45 4
303.55 4
303.65 4
303.75 4
303.85 4
303.95 4
304.05 4
304.15 4
304.25 4
304.35 4
304.45 4
304.55 4
304.65 4
304.75 4
304.85 4
304.95 4
305.05 4
305.15 4
305.25 4
305.35 4
305.45 4
305.55 4
305.65 4
305.75 4
305.85 4
305.95 4
306.05 4
306.15 4
306.25 4
306.35 4
306.45 4
306.55 4
306.65 4
306.75 4
306.85 4
306.95 4
307.05 4
307.15 4
307.25 4
307.35 4
307.45 4
307.55 4
307.65 4
307.75 4
307.85 4
307.95 4
308.05 4
308.15 4
308.25 4
308.35 4
308.45 4
308.55 4
308.65 4
308.75 4
308.85 4
308.95 4
309.05 4
309.15 4
309.25 4
309.35 4
309.45 4
309.55 4
309.65 4
309.75 4
309.85 4
309.95 4
310.05 4
310.15 4
310.25 4
310.35 4
310.45 4
310.55 4
310.65 4
310.75 4
310.85 4
310.95 4
311.05 4
311.15 4
311.25 4
311.35 4
311.45 4
311.55 4
311.65 4
311.75 4
311.85 4
311.95 4
312.05 4
312.15 4
312.25 4
312.35 4
312.45 4
312.55 4
312.65 4
312.75 4
312.85 4
312.95 4
313.05 4
313.15 4
313.25 4
313.35 4
313.45 4
313.55 4
313.65 4
313.75 4
313.85 4
313.95 4
314.05 4
314.15 4
314.25 4
314.35 4
314.45 4
314.55 4
314.65 4
314.75 4
314.85 4
314.95 4
315.05 4
315.15 4
315.25 4
315.35 4
315.45 4
315.55 4
315.65 4
315.75 4
315.85 4
315.95 4
316.05 4
316.15 4
316.25 4
316.35 4
316.45 4
316.55 4
316.65 4
316.75 4
316.85 4
316.95 4
317.05 4
317.15 4
317.25 4
317.35 4
317.45 4
317.55 4
317.65 4
317.75 4
317.85 4
317.95 4
318.05 4
318.15 4
318.25 4
318.35 4
318.45 4
318.55 4
318.65 4
318.75 4
318.85 4
318.95 4
319.05 4
319.15 4
319.25 4
319.35 4
319.45 4
319.55 4
319.65 4
319.75 4
319.85 4
319.95 4
320.05 4
320.15 4
320.25 4
320.35 4
320.45 4
320.55 4
320.65 4
320.75 4
320.85 4
320.95 4
321.05 4
321.15 4
321.25 4
321.35 4
321.45 4
321.55 4
321.65 4
321.75 4
321.85 4
321.95 4
322.05 4
322.15 4
322.25 4
322.35 4
322.45 4
322.55 4
322.65 4
322.75 4
322.85 4
322.95 4
323.05 4
323.15 4
323.25 4
323.35 4
323.45 4
323.55 4
323.65 4
323.75 4
323.85 4
323.95 4
324.05 4
324.15 4
324.25 4
324.35 4
324.45 4
324.55 4
324.65 4
324.75 4
324.85 4
324.95 4
325.05 4
325.15 4
325.25 4
325.35 4
325.45 4
325.55 4
325.65 4
325.75 4
325.85 4
325.95 4
326.05 4
326.15 4
326.25 4
326.35 4
326.45 4
326.55 4
326.65 4
326.75 4
326.85 4
326.95 4
327.05 4
327.15 4
327.25 4
327.35 4
327.45 4
327.55 4
327.65 4
327.75 4
327.85 4
327.95 4
328.05 4
328.15 4
328.25 4
328.35 4
328.45 4
328.55 4
328.65 4
328.75 4
328.85 4
328.95 4
329.05 4
329.15 4
329.25 4
329.35 4
329.45 4
329.55 4
329.65 4
329.75 4
329.85 4
329.95 4
330.05 4
330.15 4
330.25 4
330.35 4
330.45 4
330.55 4
330.65 4
330.75 4
330.85 4
330.95 4
331.05 4
331.15 4
331.25 4
331.35 4
331.45 4
331.55 4
331.65 4
331.75 4
331.85 4
331.95 4
332.05 4
332.15 4
332.25 4
332.35 4
332.45 4
332.55 4
332.65 4
332.75 4
332.85 4
332.95 4
333.05 4
333.15 4
333.25 4
333.35 4
333.45 4
333.55 4
333.65 4
333.75 4
333.85 4
333.95 4
334.05 4
334.15 4
334.25 4
334.35 4
334.45 4
334.55 4
334.65 4
334.75 4
334.85 4
334.95 4
335.05 4
335.15 4
335.25 4
335.35 4
335.45 4
335.55001 4
335.65001 4
335.75001 4
335.85001 4
335.95001 4
336.05001 4
336.15001 4
336.25001 4
336.35001 4
336.45001 4
336.55001 4
336.65001 4
336.75001 4
336.85001 4
336.95001 4
337.05001 4
337.15001 4
337.25001 4
337.35001 4
337.45001 4
337.55001 4
337.65001 4
337.75001 4
337.85001 4
337.95001 4
338.05001 4
338.15001 4
338.25001 4
338.35001 4
338.45001 4
338.55001 4
338.65001 4
338.75001 4
338.85001 4
338.95001 4
339.05001 4
339.15001 4
339.25001 4
339.35001 4
339.45001 4
339.55001 4
339.65001 4
339.75001 4
339.85001 4
339.95001 4
340.05001 4
340.15001 4
340.25001 4
340.35001 4
340.45001 4
340.55001 4
340.65001 4
340.75001 4
340.85001 4
340.95001 4
341.05001 4
341.15001 4
341.25001 4
341.35001 4
341.45001 4
341.55001 4
341.65001 4
341.75001 4
341.85001 4
341.95001 4
342.05001 4
342.15001 4
342.25001 4
342.35001 4
342.45001 4
342.55001 4
342.65001 4
342.75001 4
342.85001 4
342.95001 4
343.05001 4
343.15001 4
343.25001 4
343.35001 4
343.45001 4
343.55001 4
343.65001 4
343.75001 4
343.85001 4
343.95001 4
344.05001 4
344.15001 4
344.25001 4
344.35001 4
344.45001 4
344.55001 4
344.65001 4
344.75001 4
344.85001 4
344.95001 4
345.05001 4
345.15001 4
345.25001 4
345.35001 4
345.45001 4
345.55001 4
345.65001 4
345.75001 4
345.85001 4
345.95001 4
346.05001 4
346.15001 4
346.25001 4
346.35001 4
346.45001 4
346.55001 4
346.65001 4
346.75001 4
346.85001 4
346.95001 4
347.05001 4
347.15001 4
347.25001 4
347.35001 4
347.45001 4
347.55001 4
347.65001 4
347.75001 4
347.85001 4
347.95001 4
348.05001 4
348.15001 4
348.25001 4
348.35001 4
348.45001 4
348.55001 4
348.65001 4
348.75001 4
348.85001 4
348.95001 4
349.05001 4
349.15001 4
349.25001 4
349.35001 4
349.45001 4
349.55001 4
349.65001 4
349.75001 4
349.85001 4
349.95001 4
350.05001 4
350.15001 4
350.25001 4
350.35001 4
350.45001 4
350.55001 4
350.65001 4
350.75001 4
350.85001 4
350.95001 4
351.05001 4
351.15001 4
351.25001 4
351.35001 4
351.45001 4
351.55001 4
351.65001 4
351.75001 4
351.85001 4
351.95001 4
352.05001 4
352.15001 4
352.25001 4
352.35001 4
352.45001 4
352.55001 4
352.65001 4
352.75001 4
352.85001 4
352.95001 4
353.05001 4
353.15001 4
353.25001 4
353.35001 4
353.45001 4
353.55001 4
353.65001 4
353.75001 4
353.85001 4
353.95001 4
354.05001 4
354.15001 4
354.25001 4
354.35001 4
354.45001 4
354.55001 4
354.65001 4
354.75001 4
354.85001 4
354.95001 4
355.05001 4
355.15001 4
355.25001 4
355.35001 4
355.45001 4
355.55001 4
355.65001 4
355.75001 4
355.85001 4
355.95001 4
356.05001 4
356.15001 4
356.25001 4
356.35001 4
356.45001 4
356.55001 4
356.65001 4
356.75001 4
356.85001 4
356.95001 4
357.05001 4
357.15001 4
357.25001 4
357.35001 4
357.45001 4
357.55001 4
357.65001 4
357.75001 4
357.85001 4
357.95001 4
358.05001 4
358.15001 4
358.25001 4
358.35001 4
358.45001 4
358.55001 4
358.65001 4
358.75001 4
358.85001 4
358.95001 4
359.05001 4
359.15001 4
359.25001 4
359.35001 4
359.45001 4
359.55001 4
359.65001 4
359.75001 4
359.85001 4
359.95001 4
360.05001 4
360.15001 4
360.25001 4
360.35001 4
360.45001 4
360.55001 4
360.65001 4
360.75001 4
360.85001 4
360.95001 4
361.05001 4
361.15001 4
361.25001 4
361.35001 4
361.45001 4
361.55001 4
361.65001 4
361.75001 4
361.85001 4
361.95001 4
362.05001 4
362.15001 4
362.25001 4
362.35001 4
362.45001 4
362.55001 4
362.65001 4
362.75001 4
362.85001 4
362.95001 4
363.05001 4
363.15001 4
363.25001 4
363.35001 4
363.45001 4
363.55001 4
363.65001 4
363.75001 4
363.85001 4
363.95001 4
364.05001 4
364.15001 4
364.25001 4
364.35001 4
364.45001 4
364.55001 4
364.65001 4
364.75001 4
364.85001 4
364.95001 4
365.05001 4
365.15001 4
365.25001 4
365.35001 4
365.45001 4
365.55001 4
365.65001 4
365.75001 4
365.85001 4
365.95001 4
366.05001 4
366.15001 4
366.25001 4
366.35001 4
366.45001 4
366.55001 4
366.65001 4
366.75001 4
366.85001 4
366.95001 4
367.05001 4
367.15001 4
367.25001 4
367.35001 4
367.45001 4
367.55001 4
367.65001 4
367.75001 4
367.85001 4
367.95001 4
368.05001 4
368.15001 4
368.25001 4
368.35001 4
368.45001 4
368.55001 4
368.65001 4
368.75001 4
368.85001 4
368.95001 4
369.05001 4
369.15001 4
369.25001 4
369.35001 4
369.45001 4
369.55001 4
369.65001 4
369.75001 4
369.85001 4
369.95001 4
370.05001 4
370.15001 4
370.25001 4
370.35001 4
370.45001 4
370.55001 4
370.65001 4
370.75001 4
370.85001 4
370.95001 4
371.05001 4
371.15001 4
371.25001 4
371.35001 4
371.45001 4
371.55001 4
371.65001 4
371.75001 4
371.85001 4
371.95001 4
372.05001 4
372.15001 4
372.25001 4
372.35001 4
372.45001 4
372.55001 4
372.65001 4
372.75001 4
372.85001 4
372.95001 4
373.05001 4
373.15001 4
373.25001 4
373.35001 4
373.45001 4
373.55001 4
373.65001 4
373.75001 4
373.85001 4
373.95001 4
374.05001 4
374.15001 4
374.25001 4
374.35001 4
374.45001 4
374.55001 4
374.65001 4
374.75001 4
374.85001 4
374.95001 4
375.05001 4
375.15001 4
375.25001 4
375.35001 4
375.45001 4
375.55001 4
375.65001 4
375.75001 4
375.85001 4
375.95001 4
376.05001 4
376.15001 4
376.25001 4
376.35001 4
376.45001 4
376.55001 4
376.65001 4
376.75001 4
376.85001 4
376.95001 4
377.05001 4
377.15001 4
377.25001 4
377.35001 4
377.45001 4
377.55001 4
377.65001 4
377.75001 4
377.85001 4
377.95001 4
378.05001 4
378.15001 4
378.25001 4
378.35001 4
378.45001 4
378.55001 4
378.65001 4
378.75001 4
378.85001 4
378.95001 4
379.05001 4
379.15001 4
379.25001 4
379.35001 4
379.45001 4
379.55001 4
379.65001 4
379.75001 4
379.85001 4
379.95001 4
380.05001 4
380.15001 4
380.25001 4
380.35001 4
380.45001 4
380.55001 4
380.65001 4
380.75001 4
380.85001 4
380.95001 4
381.05001 4
381.15001 4
381.25001 4
381.35001 4
381.45001 4
381.55001 4
381.65001 4
381.75001 4
381.85001 4
381.95001 4
382.05001 4
382.15001 4
382.25001 4
382.35001 4
382.45001 4
382.55001 4
382.65001 4
382.75001 4
382.85001 4
382.95001 4
383.05001 4
383.15001 4
383.25001 4
383.35001 4
383.45001 4
383.55001 4
383.65001 4
383.75001 4
383.85001 4
383.95001 4
384.05001 4
384.15001 4
384.25001 4
384.35001 4
384.45001 4
384.55001 4
384.65001 4
384.75001 4
384.85001 4
384.95001 4
385.05001 4
385.15001 4
385.25001 4
385.35001 4
385.45001 4
385.55001 4
385.65001 4
385.75001 4
385.85001 4
385.95001 4
386.05001 4
386.15001 4
386.25001 4
386.35001 4
386.45001 4
386.55001 4
386.65001 4
386.75001 4
386.85001 4
386.95001 4
387.05001 4
387.15001 4
387.25001 4
387.35001 4
387.45001 4
387.55001 4
387.65001 4
387.75001 4
387.85001 4
387.95001 4
388.05001 4
388.15001 4
388.25001 4
388.35001 4
388.45001 4
388.55001 4
388.65001 4
388.75001 4
388.85001 4
388.95001 4
389.05001 4
389.15001 4
389.25001 4
389.35001 4
389.45001 4
389.55001 4
389.65001 4
389.75001 4
389.85001 4
389.95001 4
390.05001 4
390.15001 4
390.25001 4
390.35001 4
390.45001 4
390.55001 4
390.65001 4
390.75001 4
390.85001 4
390.95001 4
391.05001 4
391.15001 4
391.25001 4
391.35001 4
391.45001 4
391.55001 4
391.65001 4
391.75001 4
391.85001 4
391.95001 4
392.05001 4
392.15001 4
392.25001 4
392.35001 4
392.45001 4
392.55001 4
392.65001 4
392.75001 4
392.85001 4
392.95001 4
393.05001 4
393.15001 4
393.25001 4
393.35001 4
393.45001 4
393.55001 4
393.65001 4
393.75001 4
393.85001 4
393.95001 4
394.05001 4
394.15001 4
394.25001 4
394.35001 4
394.45001 4
394.55001 4
394.65001 4
394.75001 4
394.85001 4
394.95001 4
395.05001 4
395.15001 4
395.25001 4
395.35001 4
395.45001 4
395.55001 4
395.65001 4
395.75001 4
395.85001 4
395.95001 4
396.05001 4
396.15001 4
396.25001 4
396.35001 4
396.45001 4
396.55001 4
396.65001 4
396.75001 4
396.85001 4
396.95001 4
397.05001 4
397.15001 4
397.25001 4
397.35001 4
397.45001 4
397.55001 4
397.65001 4
397.75001 4
397.85001 4
397.95001 4
398.05001 4
398.15001 4
398.25001 4
398.35001 4
398.45001 4
398.55001 4
398.65001 4
398.75001 4
398.85001 4
398.95001 4
399.05001 4
399.15001 4
399.25001 4
399.35001 4
399.45001 4
399.55001 4
399.65001 4
399.75001 4
399.85001 4
399.95001 4
400.05001 4
400.15001 4
400.25001 4
400.35001 4
400.45001 4
400.55001 4
400.65001 4
400.75001 4
400.85001 4
400.95001 4
401.05001 4
401.15001 4
401.25001 4
401.35001 4
401.45001 4
401.55001 4
401.65001 4
401.75001 4
401.85001 4
401.95001 4
402.05001 4
402.15001 4
402.25001 4
402.35001 4
402.45001 4
402.55001 4
402.65001 4
402.75001 4
402.85001 4
402.95001 4
403.05001 4
403.15001 4
403.25001 4
403.35001 4
403.45001 4
403.55001 4
403.65001 4
403.75001 4
403.85001 4
403.95001 4
404.05001 4
404.15001 4
404.25001 4
404.35001 4
404.45001 4
404.55001 4
404.65001 4
404.75001 4
404.85001 4
404.95001 4
405.05001 4
405.15001 4
405.25001 4
405.35001 4
405.45001 4
405.55001 4
405.65001 4
405.75001 4
405.85001 4
405.95001 4
406.05001 4
406.15001 4
406.25001 4
406.35001 4
406.45001 4
406.55001 4
406.65001 4
406.75001 4
406.85001 4
406.95001 4
407.05001 4
407.15001 4
407.25001 4
407.35001 4
407.45001 4
407.55001 4
407.65001 4
407.75001 4
407.85001 4
407.95001 4
408.05001 4
408.15001 4
408.25001 4
408.35001 4
408.45001 4
408.55001 4
408.65001 4
408.75001 4
408.85001 4
408.95001 4
409.05001 4
409.15001 4
409.25001 4
409.35001 4
409.45001 4
409.55001 4
409.65001 4
409.75001 4
409.85001 4
409.95001 4
410.05001 4
410.15001 4
410.25001 4
410.35001 4
410.45001 4
410.55001 4
410.65001 4
410.75001 4
410.85001 4
410.95001 4
411.05001 4
411.15001 4
411.25001 4
411.35001 4
411.45001 4
411.55001 4
411.65001 4
411.75001 4
411.85001 4
411.95001 4
412.05001 4
412.15001 4
412.25001 4
412.35001 4
412.45001 4
412.55001 4
412.65001 4
412.75001 4
412.85001 4
412.95001 4
413.05001 4
413.15001 4
413.25001 4
413.35001 4
413.45001 4
413.55001 4
413.65001 4
413.75001 4
413.85001 4
413.95001 4
414.05001 4
414.15001 4
414.25001 4
414.35001 4
414.45001 4
414.55001 4
414.65001 4
414.75001 4
414.85001 4
414.95001 4
415.05001 4
415.15001 4
415.25001 4
415.35001 4
415.45001 4
415.55001 4
415.65001 4
415.75001 4
415.85001 4
415.95001 4
416.05001 4
416.15001 4
416.25001 4
416.35001 4
416.45001 4
416.55001 4
416.65001 4
416.75001 4
416.85001 4
416.95001 4
417.05001 4
417.15001 4
417.25001 4
417.35001 4
417.45001 4
417.55001 4
417.65001 4
417.75001 4
417.85001 4
417.95001 4
418.05001 4
418.15001 4
418.25001 4
418.35001 4
418.45001 4
418.55001 4
418.65001 4
418.75001 4
418.85001 4
418.95001 4
419.05001 4
419.15001 4
419.25001 4
419.35001 4
419.45001 4
419.55001 4
419.65001 4
419.75001 4
419.85001 4
419.95001 4
420.05001 4
420.15001 4
420.25001 4
420.35001 4
420.45001 4
420.55001 4
420.65001 4
420.75001 4
420.85001 4
420.95001 4
421.05001 4
421.15001 4
421.25001 4
421.35001 4
421.45001 4
421.55001 4
421.65001 4
421.75001 4
421.85001 4
421.95001 4
422.05001 4
422.15001 4
422.25001 4
422.35001 4
422.45001 4
422.55001 4
422.65001 4
422.75001 4
422.85001 4
422.95001 4
423.05001 4
423.15001 4
423.25001 4
423.35001 4
423.45001 4
423.55001 4
423.65001 4
423.75001 4
423.85001 4
423.95001 4
424.05001 4
424.15001 4
424.25001 4
424.35001 4
424.45001 4
424.55001 4
424.65001 4
424.75001 4
424.85001 4
424.95001 4
425.05001 4
425.15001 4
425.25001 4
425.35001 4
425.45001 4
425.55001 4
425.65001 4
425.75001 4
425.85001 4
425.95001 4
426.05001 4
426.15001 4
426.25001 4
426.35001 4
426.45001 4
426.55001 4
426.65001 4
426.75001 4
426.85001 4
426.95001 4
427.05001 4
427.15001 4
427.25001 4
427.35001 4
427.45001 4
427.55001 4
427.65001 4
427.75001 4
427.85001 4
427.95001 4
428.05001 4
428.15001 4
428.25001 4
428.35001 4
428.45001 4
428.55001 4
428.65001 4
428.75001 4
428.85001 4
428.95001 4
429.05001 4
429.15001 4
429.25001 4
429.35001 4
429.45001 4
429.55001 4
429.65001 4
429.75001 4
429.85001 4
429.95001 4
430.05001 4
430.15001 4
430.25001 4
430.35001 4
430.45001 4
430.55001 4
430.65001 4
430.75001 4
430.85001 4
430.95001 4
431.05001 4
431.15001 4
431.25001 4
431.35001 4
431.45001 4
431.55001 4
431.65001 4
431.75001 4
431.85001 4
431.95001 4
432.05001 4
432.15001 4
432.25001 4
432.35001 4
432.45001 4
432.55001 4
432.65001 4
432.75001 4
432.85001 4
432.95001 4
433.05001 4
433.15001 4
433.25001 4
433.35001 4
433.45001 4
433.55001 4
433.65001 4
433.75001 4
433.85001 4
433.95001 4
434.05001 4
434.15001 4
434.25001 4
434.35001 4
434.45001 4
434.55001 4
434.65001 4
434.75001 4
434.85001 4
434.95001 4
435.05001 4
435.15001 4
435.25001 4
435.35001 4
435.45001 4
435.55001 4
435.65001 4
435.75001 4
435.85001 4
435.95001 4
436.05001 4
436.15001 4
436.25001 4
436.35001 4
436.45001 4
436.55001 4
436.65001 4
436.75001 4
436.85001 4
436.95001 4
437.05001 4
437.15001 4
437.25001 4
437.35001 4
437.45001 4
437.55001 4
437.65001 4
437.75001 4
437.85001 4
437.95001 4
438.05001 4
438.15001 4
438.25001 4
438.35001 4
438.45001 4
438.55001 4
438.65001 4
438.75001 4
438.85001 4
438.95001 4
439.05001 4
439.15001 4
439.25001 4
439.35001 4
439.45001 4
439.55001 4
439.65001 4
439.75001 4
439.85001 4
439.95001 4
440.05001 4
440.15001 4
440.25001 4
440.35001 4
440.45001 4
440.55001 4
440.65001 4
440.75001 4
440.85001 4
440.95001 4
441.05001 4
441.15001 4
441.25001 4
441.35001 4
441.45001 4
441.55001 4
441.65001 4
441.75001 4
441.85001 4
441.95001 4
442.05001 4
442.15001 4
442.25001 4
442.35001 4
442.45001 4
442.55001 4
442.65001 4
442.75001 4
442.85001 4
442.95001 4
443.05001 4
443.15001 4
443.25001 4
443.35001 4
443.45001 4
443.55001 4
443.65001 4
443.75001 4
443.85001 4
443.95001 4
444.05001 4
444.15001 4
444.25001 4
444.35001 4
444.45001 4
444.55001 4
444.65001 4
444.75001 4
444.85001 4
444.95001 4
445.05001 4
445.15001 4
445.25001 4
445.35001 4
445.45001 4
445.55001 4
445.65001 4
445.75001 4
445.85001 4
445.95001 4
446.05001 4
446.15001 4
446.25001 4
446.35001 4
446.45001 4
446.55001 4
446.65001 4
446.75001 4
446.85001 4
446.95001 4
447.05001 4
447.15001 4
447.25001 4
447.35001 4
447.45001 4
447.55001 4
447.65001 4
447.75001 4
447.85001 4
447.95001 4
448.05001 4
448.15001 4
448.25001 4
448.35001 4
448.45001 4
448.55001 4
448.65001 4
448.75001 4
448.85001 4
448.95001 4
449.05001 4
449.15001 4
449.25001 4
449.35001 4
449.45001 4
449.55001 4
449.65001 4
449.75001 4
449.85001 4
449.95001 4
450.05001 4
450.15001 4
450.25001 4
450.35001 4
450.45001 4
450.55001 4
450.65001 4
450.75001 4
450.85001 4
450.95001 4
451.05001 4
451.15001 4
451.25001 4
451.35001 4
451.45001 4
451.55001 4
451.65001 4
451.75001 4
451.85001 4
451.95001 4
452.05001 4
452.15001 4
452.25001 4
452.35001 4
452.45001 4
452.55001 4
452.65001 4
452.75001 4
452.85001 4
452.95001 4
453.05001 4
453.15001 4
453.25001 4
453.35001 4
453.45001 4
453.55001 4
453.65001 4
453.75001 4
453.85001 4
453.95001 4
454.05001 4
454.15001 4
454.25001 4
454.35001 4
454.45001 4
454.55001 4
454.65001 4
454.75001 4
454.85001 4
454.95001 4
455.05001 4
455.15001 4
455.25001 4
455.35001 4
455.45001 4
455.55001 4
455.65001 4
455.75001 4
455.85001 4
455.95001 4
456.05001 4
456.15001 4
456.25001 4
456.35001 4
456.45001 4
456.55001 4
456.65001 4
456.75001 4
456.85001 4
456.95001 4
457.05001 4
457.15001 4
457.25001 4
457.35001 4
457.45001 4
457.55001 4
457.65001 4
457.75001 4
457.85001 4
457.95001 4
458.05001 4
458.15001 4
458.25001 4
458.35001 4
458.45001 4
458.55001 4
458.65001 4
458.75001 4
458.85001 4
458.95001 4
459.05001 4
459.15001 4
459.25001 4
459.35001 4
459.45001 4
459.55001 4
459.65001 4
459.75001 4
459.85001 4
459.95001 4
460.05001 4
460.15001 4
460.25001 4
460.35001 4
460.45001 4
460.55001 4
460.65001 4
460.75001 4
460.85001 4
460.95001 4
461.05001 4
461.15001 4
461.25001 4
461.35001 4
461.45001 4
461.55001 4
461.65001 4
461.75001 4
461.85001 4
461.95001 4
462.05001 4
462.15001 4
462.25001 4
462.35001 4
462.45001 4
462.55001 4
462.65001 4
462.75001 4
462.85001 4
462.95001 4
463.05001 4
463.15001 4
463.25001 4
463.35001 4
463.45001 4
463.55001 4
463.65001 4
463.75001 4
463.85001 4
463.95001 4
464.05001 4
464.15001 4
464.25001 4
464.35001 4
464.45001 4
464.55001 4
464.65001 4
464.75001 4
464.85001 4
464.95001 4
465.05001 4
465.15001 4
465.25001 4
465.35001 4
465.45001 4
465.55001 4
465.65001 4
465.75001 4
465.85001 4
465.95001 4
466.05001 4
466.15001 4
466.25001 4
466.35001 4
466.45001 4
466.55001 4
466.65001 4
466.75001 4
466.85001 4
466.95001 4
467.05001 4
467.15001 4
467.25001 4
467.35001 4
467.45001 4
467.55001 4
467.65001 4
467.75001 4
467.85001 4
467.95001 4
468.05001 4
468.15001 4
468.25001 4
468.35001 4
468.45001 4
468.55001 4
468.65001 4
468.75001 4
468.85001 4
468.95001 4
469.05001 4
469.15001 4
469.25001 4
469.35001 4
469.45001 4
469.55001 4
469.65001 4
469.75001 4
469.85001 4
469.95001 4
470.05001 4
470.15001 4
470.25001 4
470.35001 4
470.45001 4
470.55001 4
470.65001 4
470.75001 4
470.85001 4
470.95001 4
471.05001 4
471.15001 4
471.25001 4
471.35001 4
471.45001 4
471.55001 4
471.65001 4
471.75001 4
471.85001 4
471.95001 4
472.05001 4
472.15001 4
472.25001 4
472.35001 4
472.45001 4
472.55001 4
472.65001 4
472.75001 4
472.85001 4
472.95001 4
473.05001 4
473.15001 4
473.25001 4
473.35001 4
473.45001 4
473.55001 4
473.65001 4
473.75001 4
473.85001 4
473.95001 4
474.05001 4
474.15001 4
474.25001 4
474.35001 4
474.45001 4
474.55001 4
474.65001 4
474.75001 4
474.85001 4
474.95001 4
475.05001 4
475.15001 4
475.25001 4
475.35001 4
475.45001 4
475.55001 4
475.65001 4
475.75001 4
475.85001 4
475.95001 4
476.05001 4
476.15001 4
476.25001 4
476.35001 4
476.45001 4
476.55001 4
476.65001 4
476.75001 4
476.85001 4
476.95001 4
477.05001 4
477.15001 4
477.25001 4
477.35001 4
477.45001 4
477.55001 4
477.65001 4
477.75001 4
477.85001 4
477.95001 4
478.05001 4
478.15001 4
478.25001 4
478.35001 4
478.45001 4
478.55001 4
478.65001 4
478.75001 4
478.85001 4
478.95001 4
479.05001 4
479.15001 4
479.25001 4
479.35001 4
479.45001 4
479.55001 4
479.65001 4
479.75001 4
479.85001 4
479.95001 4
480.05001 4
480.15001 4
480.25001 4
480.35001 4
480.45001 4
480.55001 4
480.65001 4
480.75001 4
480.85001 4
480.95001 4
481.05001 4
481.15001 4
481.25001 4
481.35001 4
481.45001 4
481.55001 4
481.65001 4
481.75001 4
481.85001 4
481.95001 4
482.05001 4
482.15001 4
482.25001 4
482.35001 4
482.45001 4
482.55001 4
482.65001 4
482.75001 4
482.85001 4
482.95001 4
483.05001 4
483.15001 4
483.25001 4
483.35001 4
483.45001 4
483.55001 4
483.65001 4
483.75001 4
483.85001 4
483.95001 4
484.05001 4
484.15001 4
484.25001 4
484.35001 4
484.45001 4
484.55001 4
484.65001 4
484.75001 4
484.85001 4
484.95001 4
485.05001 4
485.15001 4
485.25001 4
485.35001 4
485.45001 4
485.55001 4
485.65001 4
485.75001 4
485.85001 4
485.95001 4
486.05001 4
486.15001 4
486.25001 4
486.35001 4
486.45001 4
486.55001 4
486.65001 4
486.75001 4
486.85001 4
486.95001 4
487.05001 4
487.15001 4
487.25001 4
487.35001 4
487.45001 4
487.55001 4
487.65001 4
487.75001 4
487.85001 4
487.95001 4
488.05001 4
488.15001 4
488.25001 4
488.35001 4
488.45001 4
488.55001 4
488.65001 4
488.75001 4
488.85001 4
488.95001 4
489.05001 4
489.15001 4
489.25001 4
489.35001 4
489.45001 4
489.55001 4
489.65001 4
489.75001 4
489.85001 4
489.95001 4
490.05001 4
490.15001 4
490.25001 4
490.35001 4
490.45001 4
490.55001 4
490.65001 4
490.75001 4
490.85001 4
490.95001 4
491.05001 4
491.15001 4
491.25001 4
491.35001 4
491.45001 4
491.55001 4
491.65001 4
491.75001 4
491.85001 4
491.95001 4
492.05001 4
492.15001 4
492.25001 4
492.35001 4
492.45001 4
492.55001 4
492.65001 4
492.75001 4
492.85001 4
492.95001 4
493.05001 4
493.15001 4
493.25001 4
493.35001 4
493.45001 4
493.55001 4
493.65001 4
493.75001 4
493.85001 4
493.95001 4
494.05001 4
494.15001 4
494.25001 4
494.35001 4
494.45001 4
494.55001 4
494.65001 4
494.75001 4
494.85001 4
494.95001 4
495.05001 4
495.15001 4
495.25001 4
495.35001 4
495.45001 4
495.55001 4
495.65001 4
495.75001 4
495.85001 4
495.95001 4
496.05001 4
496.15001 4
496.25001 4
496.35001 4
496.45001 4
496.55001 4
496.65001 4
496.75001 4
496.85001 4
496.95001 4
497.05001 4
497.15001 4
497.25001 4
497.35001 4
497.45001 4
497.55001 4
497.65001 4
497.75001 4
497.85001 4
497.95001 4
498.05001 4
498.15001 4
498.25001 4
498.35001 4
498.45001 4
498.55001 4
498.65001 4
498.75001 4
498.85001 4
498.95001 4
499.05001 4
499.15001 4
499.25001 4
499.35001 4
499.45001 4
499.55001 4
499.65001 4
499.75001 4
499.85001 4
499.95001 4
500.05001 4
500.15001 4
500.25001 4
500.35001 4
500.45001 4
500.55001 4
500.65001 4
500.75001 4
500.85001 4
500.95001 4
501.05001 4
501.15001 4
501.25001 4
501.35001 4
501.45001 4
501.55001 4
501.65001 4
501.75001 4
501.85001 4
501.95001 4
502.05001 4
502.15001 4
502.25001 4
502.35001 4
502.45001 4
502.55001 4
502.65001 4
502.75001 4
502.85001 4
502.95001 4
503.05001 4
503.15001 4
503.25001 4
503.35001 4
503.45001 4
503.55001 4
503.65001 4
503.75001 4
503.85001 4
503.95001 4
504.05001 4
504.15001 4
504.25001 4
504.35001 4
504.45001 4
504.55001 4
504.65001 4
504.75001 4
504.85001 4
504.95001 4
505.05001 4
505.15001 4
505.25001 4
505.35001 4
505.45001 4
505.55001 4
505.65001 4
505.75001 4
505.85001 4
505.95001 4
506.05001 4
506.15001 4
506.25001 4
506.35001 4
506.45001 4
506.55001 4
506.65001 4
506.75001 4
506.85001 4
506.95001 4
507.05001 4
507.15001 4
507.25001 4
507.35001 4
507.45001 4
507.55001 4
507.65001 4
507.75001 4
507.85001 4
507.95001 4
508.05001 4
508.15001 4
508.25001 4
508.35001 4
508.45001 4
508.55001 4
508.65001 4
508.75001 4
508.85001 4
508.95001 4
509.05001 4
509.15001 4
509.25001 4
509.35001 4
509.45001 4
509.55001 4
509.65001 4
509.75001 4
509.85001 4
509.95001 4
510.05001 4
510.15001 4
510.25001 4
510.35001 4
510.45001 4
510.55001 4
510.65001 4
510.75001 4
510.85001 4
510.95001 4
511.05001 4
511.15001 4
511.25001 4
511.35001 4
511.45001 4
511.55001 4
511.65001 4
511.75001 4
511.85001 4
511.95001 4
512.05001 4
512.15001 4
512.25001 4
512.35001 4
512.45001 4
512.55001 4
512.65001 4
512.75001 4
512.85001 4
512.95001 4
513.05001 4
513.15001 4
513.25001 4
513.35001 4
513.45001 4
513.55001 4
513.65001 4
513.75001 4
513.85001 4
513.95001 4
514.05001 4
514.15001 4
514.25001 4
514.35001 4
514.45001 4
514.55001 4
514.65001 4
514.75001 4
514.85001 4
514.95001 4
515.05001 4
515.15001 4
515.25001 4
515.35001 4
515.45001 4
515.55001 4
515.65001 4
515.75001 4
515.85001 4
515.95001 4
516.05001 4
516.15001 4
516.25001 4
516.35001 4
516.45001 4
516.55001 4
516.65001 4
516.75001 4
516.85001 4
516.95001 4
517.05001 4
517.15001 4
517.25001 4
517.35001 4
517.45001 4
517.55001 4
517.65001 4
517.75001 4
517.85001 4
517.95001 4
518.05001 4
518.15001 4
518.25001 4
518.35001 4
518.45001 4
518.55001 4
518.65001 4
518.75001 4
518.85001 4
518.95001 4
519.05001 4
519.15001 4
519.25001 4
519.35001 4
519.45001 4
519.55001 4
519.65001 4
519.75001 4
519.85001 4
519.95001 4
520.05001 4
520.15001 4
520.25001 4
520.35001 4
520.45001 4
520.55001 4
520.65001 4
520.75001 4
520.85001 4
520.95001 4
521.05001 4
521.15001 4
521.25001 4
521.35001 4
521.45001 4
521.55001 4
521.65001 4
521.75001 4
521.85001 4
521.95001 4
522.05001 4
522.15001 4
522.25001 4
522.35001 4
522.45001 4
522.55001 4
522.65001 4
522.75001 4
522.85001 4
522.95001 4
523.05001 4
523.15001 4
523.25001 4
523.35001 4
523.45001 4
523.55001 4
523.65001 4
523.75001 4
523.85001 4
523.95001 4
524.05001 4
524.15001 4
524.25001 4
524.35001 4
524.45001 4
524.55001 4
524.65001 4
524.75001 4
524.85001 4
524.95001 4
525.05001 4
525.15001 4
525.25001 4
525.35001 4
525.45001 4
525.55001 4
525.65001 4
525.75001 4
525.85001 4
525.95001 4
526.05001 4
526.15001 4
526.25001 4
526.35001 4
526.45001 4
526.55001 4
526.65001 4
526.75001 4
526.85001 4
526.95001 4
527.05001 4
527.15001 4
527.25001 4
527.35001 4
527.45001 4
527.55001 4
527.65001 4
527.75001 4
527.85001 4
527.95001 4
528.05001 4
528.15001 4
528.25001 4
528.35001 4
528.45001 4
528.55001 4
528.65001 4
528.75001 4
528.85001 4
528.95001 4
529.05001 4
529.15001 4
529.25001 4
529.35001 4
529.45001 4
529.55001 4
529.65001 4
529.75001 4
529.85001 4
529.95001 4
530.05001 4
530.15001 4
530.25001 4
530.35001 4
530.45001 4
530.55001 4
530.65001 4
530.75001 4
530.85001 4
530.95001 4
531.05001 4
531.15001 4
531.25001 4
531.35001 4
531.45001 4
531.55001 4
531.65001 4
531.75001 4
531.85001 4
531.95001 4
532.05001 4
532.15001 4
532.25001 4
532.35001 4
532.45001 4
532.55001 4
532.65001 4
532.75001 4
532.85001 4
532.95001 4
533.05001 4
533.15001 4
533.25001 4
533.35001 4
533.45001 4
533.55001 4
533.65001 4
533.75001 4
533.85001 4
533.95001 4
534.05001 4
534.15001 4
534.25001 4
534.35001 4
534.45001 4
534.55001 4
534.65001 4
534.75001 4
534.85001 4
534.95001 4
535.05001 4
535.15001 4
535.25001 4
535.35001 4
535.45001 4
535.55001 4
535.65001 4
535.75001 4
535.85001 4
535.95001 4
536.05001 4
536.15001 4
536.25001 4
536.35001 4
536.45001 4
536.55001 4
536.65001 4
536.75001 4
536.85001 4
536.95001 4
537.05001 4
537.15001 4
537.25001 4
537.35001 4
537.45001 4
537.55001 4
537.65001 4
537.75001 4
537.85001 4
537.95001 4
538.05001 4
538.15001 4
538.25001 4
538.35001 4
538.45001 4
538.55001 4
538.65001 4
538.75001 4
538.85001 4
538.95001 4
539.05001 4
539.15001 4
539.25001 4
539.35001 4
539.45001 4
539.55001 4
539.65001 4
539.75001 4
539.85001 4
539.95001 4
540.05001 4
540.15001 4
540.25001 4
540.35001 4
540.45001 4
540.55001 4
540.65001 4
540.75001 4
540.85001 4
540.95001 4
541.05001 4
541.15001 4
541.25001 4
541.35001 4
541.45001 4
541.55001 4
541.65001 4
541.75001 4
541.85001 4
541.95001 4
542.05001 4
542.15001 4
542.25001 4
542.35001 4
542.45001 4
542.55001 4
542.65001 4
542.75001 4
542.85001 4
542.95001 4
543.05001 4
543.15001 4
543.25001 4
543.35001 4
543.45001 4
543.55001 4
543.65001 4
543.75001 4
543.85001 4
543.95001 4
544.05001 4
544.15001 4
544.25001 4
544.35001 4
544.45001 4
544.55001 4
544.65001 4
544.75001 4
544.85001 4
544.95001 4
545.05001 4
545.15001 4
545.25001 4
545.35001 4
545.45001 4
545.55001 4
545.65001 4
545.75001 4
545.85001 4
545.95001 4
546.05001 4
546.15001 4
546.25001 4
546.35001 4
546.45001 4
546.55001 4
546.65001 4
546.75001 4
546.85001 4
546.95001 4
547.05001 4
547.15001 4
547.25001 4
547.35001 4
547.45001 4
547.55001 4
547.65001 4
547.75001 4
547.85001 4
547.95001 4
548.05001 4
548.15001 4
548.25001 4
548.35001 4
548.45001 4
548.55001 4
548.65001 4
548.75001 4
548.85001 4
548.95001 4
549.05001 4
549.15001 4
549.25001 4
549.35001 4
549.45001 4
549.55001 4
549.65001 4
549.75001 4
549.85001 4
549.95001 4
550.05001 4
550.15001 4
550.25001 4
550.35001 4
550.45001 4
550.55001 4
550.65001 4
550.75001 4
550.85001 4
550.95001 4
551.05001 4
551.15001 4
551.25001 4
551.35001 4
551.45001 4
551.55001 4
551.65001 4
551.75001 4
551.85001 4
551.95001 4
552.05001 4
552.15001 4
552.25001 4
552.35001 4
552.45001 4
552.55001 4
552.65001 4
552.75001 4
552.85001 4
552.95001 4
553.05001 4
553.15001 4
553.25001 4
553.35001 4
553.45001 4
553.55001 4
553.65001 4
553.75001 4
553.85001 4
553.95001 4
554.05001 4
554.15001 4
554.25001 4
554.35001 4
554.45001 4
554.55001 4
554.65001 4
554.75001 4
554.85001 4
554.95001 4
555.05001 4
555.15001 4
555.25001 4
555.35001 4
555.45001 4
555.55001 4
555.65001 4
555.75001 4
555.85001 4
555.95001 4
556.05001 4
556.15001 4
556.25001 4
556.35001 4
556.45001 4
556.55001 4
556.65001 4
556.75001 4
556.85001 4
556.95001 4
557.05001 4
557.15001 4
557.25001 4
557.35001 4
557.45001 4
557.55001 4
557.65001 4
557.75001 4
557.85001 4
557.95001 4
558.05001 4
558.15001 4
558.25001 4
558.35001 4
558.45001 4
558.55001 4
558.65001 4
558.75001 4
558.85001 4
558.95001 4
559.05001 4
559.15001 4
559.25001 4
559.35001 4
559.45001 4
559.55001 4
559.65001 4
559.75001 4
559.85001 4
559.95001 4
560.05001 4
560.15001 4
560.25001 4
560.35001 4
560.45001 4
560.55001 4
560.65001 4
560.75001 4
560.85001 4
560.95001 4
561.05001 4
561.15001 4
561.25001 4
561.35001 4
561.45001 4
561.55001 4
561.65001 4
561.75001 4
561.85001 4
561.95001 4
562.05001 4
562.15001 4
562.25001 4
562.35001 4
562.45001 4
562.55001 4
562.65001 4
562.75001 4
562.85001 4
562.95001 4
563.05001 4
563.15001 4
563.25001 4
563.35001 4
563.45001 4
563.55001 4
563.65001 4
563.75001 4
563.85001 4
563.95001 4
564.05001 4
564.15001 4
564.25001 4
564.35001 4
564.45001 4
564.55001 4
564.65001 4
564.75001 4
564.85001 4
564.95001 4
565.05001 4
565.15001 4
565.25001 4
565.35001 4
565.45001 4
565.55001 4
565.65001 4
565.75001 4
565.85001 4
565.95001 4
566.05001 4
566.15001 4
566.25001 4
566.35001 4
566.45001 4
566.55001 4
566.65001 4
566.75001 4
566.85001 4
566.95001 4
567.05001 4
567.15001 4
567.25001 4
567.35001 4
567.45001 4
567.55001 4
567.65001 4
567.75001 4
567.85001 4
567.95001 4
568.05001 4
568.15001 4
568.25001 4
568.35001 4
568.45001 4
568.55001 4
568.65001 4
568.75001 4
568.85001 4
568.95001 4
569.05001 4
569.15001 4
569.25001 4
569.35001 4
569.45001 4
569.55001 4
569.65001 4
569.75001 4
569.85001 4
569.95001 4
570.05001 4
570.15001 4
570.25001 4
570.35001 4
570.45001 4
570.55001 4
570.65001 4
570.75001 4
570.85001 4
570.95001 4
571.05001 4
571.15001 4
571.25001 4
571.35001 4
571.45001 4
571.55001 4
571.65001 4
571.75001 4
571.85001 4
571.95001 4
572.05001 4
572.15001 4
572.25001 4
572.35001 4
572.45001 4
572.55001 4
572.65001 4
572.75001 4
572.85001 4
572.95001 4
573.05001 4
573.15001 4
573.25001 4
573.35001 4
573.45001 4
573.55001 4
573.65001 4
573.75001 4
573.85001 4
573.95001 4
574.05001 4
574.15001 4
574.25001 4
574.35001 4
574.45001 4
574.55001 4
574.65001 4
574.75001 4
574.85001 4
574.95001 4
575.05001 4
575.15001 4
575.25001 4
575.35001 4
575.45001 4
575.55001 4
575.65001 4
575.75001 4
575.85001 4
575.95001 4
576.05001 4
576.15001 4
576.25001 4
576.35001 4
576.45001 4
576.55001 4
576.65001 4
576.75001 4
576.85001 4
576.95001 4
577.05001 4
577.15001 4
577.25001 4
577.35001 4
577.45001 4
577.55001 4
577.65001 4
577.75001 4
577.85001 4
577.95001 4
578.05001 4
578.15001 4
578.25001 4
578.35001 4
578.45001 4
578.55001 4
578.65001 4
578.75001 4
578.85001 4
578.95001 4
579.05001 4
579.15001 4
579.25001 4
579.35001 4
579.45001 4
579.55001 4
579.65001 4
579.75001 4
579.85001 4
579.95001 4
580.05001 4
580.15001 4
580.25001 4
580.35001 4
580.45001 4
580.55001 4
580.65001 4
580.75001 4
580.85001 4
580.95001 4
581.05001 4
581.15001 4
581.25001 4
581.35001 4
581.45001 4
581.55001 4
581.65001 4
581.75001 4
581.85001 4
581.95001 4
582.05001 4
582.15001 4
582.25001 4
582.35001 4
582.45001 4
582.55001 4
582.65001 4
582.75001 4
582.85001 4
582.95001 4
583.05001 4
583.15001 4
583.25001 4
583.35001 4
583.45001 4
583.55001 4
583.65001 4
583.75001 4
583.85001 4
583.95001 4
584.05001 4
584.15001 4
584.25001 4
584.35001 4
584.45001 4
584.55001 4
584.65001 4
584.75001 4
584.85001 4
584.95001 4
585.05001 4
585.15001 4
585.25001 4
585.35001 4
585.45001 4
585.55001 4
585.65001 4
585.75001 4
585.85001 4
585.95001 4
586.05001 4
586.15001 4
586.25001 4
586.35001 4
586.45001 4
586.55001 4
586.65001 4
586.75001 4
586.85001 4
586.95001 4
587.05001 4
587.15001 4
587.25001 4
587.35001 4
587.45001 4
587.55001 4
587.65001 4
587.75001 4
587.85001 4
587.95001 4
588.05001 4
588.15001 4
588.25001 4
588.35001 4
588.45001 4
588.55001 4
588.65001 4
588.75001 4
588.85001 4
588.95001 4
589.05001 4
589.15001 4
589.25001 4
589.35001 4
589.45001 4
589.55001 4
589.65001 4
589.75001 4
589.85001 4
589.95001 4
590.05001 4
590.15001 4
590.25001 4
590.35001 4
590.45001 4
590.55001 4
590.65001 4
590.75001 4
590.85001 4
590.95001 4
591.05001 4
591.15001 4
591.25001 4
591.35001 4
591.45001 4
591.55001 4
591.65001 4
591.75001 4
591.85001 4
591.95001 4
592.05001 4
592.15001 4
592.25001 4
592.35001 4
592.45001 4
592.55001 4
592.65001 4
592.75001 4
592.85001 4
592.95001 4
593.05001 4
593.15001 4
593.25001 4
593.35001 4
593.45001 4
593.55001 4
593.65001 4
593.75001 4
593.85001 4
593.95001 4
594.05001 4
594.15001 4
594.25001 4
594.35001 4
594.45001 4
594.55001 4
594.65001 4
594.75001 4
594.85001 4
594.95001 4
595.05001 4
595.15001 4
595.25001 4
595.35001 4
595.45001 4
595.55001 4
595.65001 4
595.75001 4
595.85001 4
595.95001 4
596.05001 4
596.15001 4
596.25001 4
596.35001 4
596.45001 4
596.55001 4
596.65001 4
596.75001 4
596.85001 4
596.95001 4
597.05001 4
597.15001 4
597.25001 4
597.35001 4
597.45001 4
597.55001 4
597.65001 4
597.75001 4
597.85001 4
597.95001 4
598.05001 4
598.15001 4
598.25001 4
598.35001 4
598.45001 4
598.55001 4
598.65001 4
598.75001 4
598.85001 4
598.95001 4
599.05001 4
599.15001 4
599.25001 4
599.35001 4
599.45001 4
599.55001 4
599.65001 4
599.75001 4
599.85001 4
599.95001 4
600.05001 4
600.15001 4
600.25001 4
600.35001 4
600.45001 4
600.55001 4
600.65001 4
600.75001 4
600.85001 4
600.95001 4
601.05001 4
601.15001 4
601.25001 4
601.35001 4
601.45001 4
601.55001 4
601.65001 4
601.75001 4
601.85001 4
601.95001 4
602.05001 4
602.15001 4
602.25001 4
602.35001 4
602.45001 4
602.55001 4
602.65001 4
602.75001 4
602.85001 4
602.95001 4
603.05001 4
603.15001 4
603.25001 4
603.35001 4
603.45001 4
603.55001 4
603.65001 4
603.75001 4
603.85001 4
603.95001 4
604.05001 4
604.15001 4
604.25001 4
604.35001 4
604.45001 4
604.55001 4
604.65001 4
604.75001 4
604.85001 4
604.95001 4
605.05001 4
605.15001 4
605.25001 4
605.35001 4
605.45001 4
605.55001 4
605.65001 4
605.75001 4
605.85001 4
605.95001 4
606.05001 4
606.15001 4
606.25001 4
606.35001 4
606.45001 4
606.55001 4
606.65001 4
606.75001 4
606.85001 4
606.95001 4
607.05001 4
607.15001 4
607.25001 4
607.35001 4
607.45001 4
607.55001 4
607.65001 4
607.75001 4
607.85001 4
607.95001 4
608.05001 4
608.15001 4
608.25001 4
608.35001 4
608.45001 4
608.55001 4
608.65001 4
608.75001 4
608.85001 4
608.95001 4
609.05001 4
609.15001 4
609.25001 4
609.35001 4
609.45001 4
609.55001 4
609.65001 4
609.75001 4
609.85001 4
609.95001 4
610.05001 4
610.15001 4
610.25001 4
610.35001 4
610.45001 4
610.55001 4
610.65001 4
610.75001 4
610.85001 4
610.95001 4
611.05001 4
611.15001 4
611.25001 4
611.35001 4
611.45001 4
611.55001 4
611.65001 4
611.75001 4
611.85001 4
611.95001 4
612.05001 4
612.15001 4
612.25001 4
612.35001 4
612.45001 4
612.55001 4
612.65001 4
612.75001 4
612.85001 4
612.95001 4
613.05001 4
613.15001 4
613.25001 4
613.35001 4
613.45001 4
613.55001 4
613.65001 4
613.75001 4
613.85001 4
613.95001 4
614.05001 4
614.15001 4
614.25001 4
614.35001 4
614.45001 4
614.55001 4
614.65001 4
614.75001 4
614.85001 4
614.95001 4
615.05001 4
615.15001 4
615.25001 4
615.35001 4
615.45001 4
615.55001 4
615.65001 4
615.75001 4
615.85001 4
615.95001 4
616.05001 4
616.15001 4
616.25001 4
616.35001 4
616.45001 4
616.55001 4
616.65001 4
616.75001 4
616.85001 4
616.95001 4
617.05001 4
617.15001 4
617.25001 4
617.35001 4
617.45001 4
617.55001 4
617.65001 4
617.75001 4
617.85001 4
617.95001 4
618.05001 4
618.15001 4
618.25001 4
618.35001 4
618.45001 4
618.55001 4
618.65001 4
618.75001 4
618.85001 4
618.95001 4
619.05001 4
619.15001 4
619.25001 4
619.35001 4
619.45001 4
619.55001 4
619.65001 4
619.75001 4
619.85001 4
619.95001 4
620.05001 4
620.15001 4
620.25001 4
620.35001 4
620.45001 4
620.55001 4
620.65001 4
620.75001 4
620.85001 4
620.95001 4
621.05001 4
621.15001 4
621.25001 4
621.35001 4
621.45001 4
621.55001 4
621.65001 4
621.75001 4
621.85001 4
621.95001 4
622.05001 4
622.15001 4
622.25001 4
622.35001 4
622.45001 4
622.55001 4
622.65001 4
622.75001 4
622.85001 4
622.95001 4
623.05001 4
623.15001 4
623.25001 4
623.35001 4
623.45001 4
623.55001 4
623.65001 4
623.75001 4
623.85001 4
623.95001 4
624.05001 4
624.15001 4
624.25001 4
624.35001 4
624.45001 4
624.55001 4
624.65001 4
624.75001 4
624.85001 4
624.95001 4
625.05001 4
625.15001 4
625.25001 4
625.35001 4
625.45001 4
625.55001 4
625.65001 4
625.75001 4
625.85001 4
625.95001 4
626.05001 4
626.15001 4
626.25001 4
626.35001 4
626.45001 4
626.55001 4
626.65001 4
626.75001 4
626.85001 4
626.95001 4
627.05001 4
627.15001 4
627.25001 4
627.35001 4
627.45001 4
627.55001 4
627.65001 4
627.75001 4
627.85001 4
627.95001 4
628.05001 4
628.15001 4
628.25001 4
628.35001 4
628.45001 4
628.55001 4
628.65001 4
628.75001 4
628.85001 4
628.95001 4
629.05001 4
629.15001 4
629.25001 4
629.35001 4
629.45001 4
629.55001 4
629.65001 4
629.75001 4
629.85001 4
629.95001 4
630.05001 4
630.15001 4
630.25001 4
630.35001 4
630.45001 4
630.55001 4
630.65001 4
630.75001 4
630.85001 4
630.95001 4
631.05001 4
631.15001 4
631.25001 4
631.35001 4
631.45001 4
631.55001 4
631.65001 4
631.75001 4
631.85001 4
631.95001 4
632.05001 4
632.15001 4
632.25001 4
632.35001 4
632.45001 4
632.55001 4
632.65001 4
632.75001 4
632.85001 4
632.95001 4
633.05001 4
633.15001 4
633.25001 4
633.35001 4
633.45001 4
633.55001 4
633.65001 4
633.75001 4
633.85001 4
633.95001 4
634.05001 4
634.15001 4
634.25001 4
634.35001 4
634.45001 4
634.55001 4
634.65001 4
634.75001 4
634.85001 4
634.95001 4
635.05001 4
635.15001 4
635.25001 4
635.35001 4
635.45001 4
635.55001 4
635.65001 4
635.75001 4
635.85001 4
635.95001 4
636.05001 4
636.15001 4
636.25001 4
636.35001 4
636.45001 4
636.55001 4
636.65001 4
636.75001 4
636.85001 4
636.95001 4
637.05001 4
637.15001 4
637.25001 4
637.35001 4
637.45001 4
637.55001 4
637.65001 4
637.75001 4
637.85001 4
637.95001 4
638.05001 4
638.15001 4
638.25001 4
638.35001 4
638.45001 4
638.55001 4
638.65001 4
638.75001 4
638.85001 4
638.95001 4
639.05001 4
639.15001 4
639.25001 4
639.35001 4
639.45001 4
639.55001 4
639.65001 4
639.75001 4
639.85001 4
639.95001 4
640.05001 4
640.15001 4
640.25001 4
640.35001 4
640.45001 4
640.55001 4
640.65001 4
640.75001 4
640.85001 4
640.95001 4
641.05001 4
641.15001 4
641.25001 4
641.35001 4
641.45001 4
641.55001 4
641.65001 4
641.75001 4
641.85001 4
641.95001 4
642.05001 4
642.15001 4
642.25001 4
642.35001 4
642.45001 4
642.55001 4
642.65001 4
642.75001 4
642.85001 4
642.95001 4
643.05001 4
643.15001 4
643.25001 4
643.35001 4
643.45001 4
643.55001 4
643.65001 4
643.75001 4
643.85001 4
643.95001 4
644.05001 4
644.15001 4
644.25001 4
644.35001 4
644.45001 4
644.55001 4
644.65001 4
644.75001 4
644.85001 4
644.95001 4
645.05001 4
645.15001 4
645.25001 4
645.35001 4
645.45001 4
645.55001 4
645.65001 4
645.75001 4
645.85001 4
645.95001 4
646.05001 4
646.15001 4
646.25001 4
646.35001 4
646.45001 4
646.55001 4
646.65001 4
646.75001 4
646.85001 4
646.95001 4
647.05001 4
647.15001 4
647.25001 4
647.35001 4
647.45001 4
647.55001 4
647.65001 4
647.75001 4
647.85001 4
647.95001 4
648.05001 4
648.15001 4
648.25001 4
648.35001 4
648.45001 4
648.55001 4
648.65001 4
648.75001 4
648.85001 4
648.95001 4
649.05001 4
649.15001 4
649.25001 4
649.35001 4
649.45001 4
649.55001 4
649.65001 4
649.75001 4
649.85001 4
649.95001 4
650.05001 4
650.15001 4
650.25001 4
650.35001 4
650.45001 4
650.55001 4
650.65001 4
650.75001 4
650.85001 4
650.95001 4
651.05001 4
651.15001 4
651.25001 4
651.35001 4
651.45001 4
651.55001 4
651.65001 4
651.75001 4
651.85001 4
651.95001 4
652.05001 4
652.15001 4
652.25001 4
652.35001 4
652.45001 4
652.55001 4
652.65001 4
652.75001 4
652.85001 4
652.95001 4
653.05001 4
653.15001 4
653.25001 4
653.35001 4
653.45001 4
653.55001 4
653.65001 4
653.75001 4
653.85001 4
653.95001 4
654.05001 4
654.15001 4
654.25001 4
654.35001 4
654.45001 4
654.55001 4
654.65001 4
654.75001 4
654.85001 4
654.95001 4
655.05001 4
655.15001 4
655.25001 4
655.35001 4
655.45001 4
655.55001 4
655.65001 4
655.75001 4
655.85001 4
655.95001 4
656.05001 4
656.15001 4
656.25001 4
656.35001 4
656.45001 4
656.55001 4
656.65001 4
656.75001 4
656.85001 4
656.95001 4
657.05001 4
657.15001 4
657.25001 4
657.35001 4
657.45001 4
657.55001 4
657.65001 4
657.75001 4
657.85001 4
657.95001 4
658.05001 4
658.15001 4
658.25001 4
658.35001 4
658.45001 4
658.55001 4
658.65001 4
658.75001 4
658.85001 4
658.95001 4
659.05001 4
659.15001 4
659.25001 4
659.35001 4
659.45001 4
659.55001 4
659.65001 4
659.75001 4
659.85001 4
659.95001 4
660.05001 4
660.15001 4
660.25001 4
660.35001 4
660.45001 4
660.55001 4
660.65001 4
660.75001 4
660.85001 4
660.95001 4
661.05001 4
661.15001 4
661.25001 4
661.35001 4
661.45001 4
661.55001 4
661.65001 4
661.75001 4
661.85001 4
661.95001 4
662.05001 4
662.15001 4
662.25001 4
662.35001 4
662.45001 4
662.55001 4
662.65001 4
662.75001 4
662.85001 4
662.95001 4
663.05001 4
663.15001 4
663.25001 4
663.35001 4
663.45001 4
663.55001 4
663.65001 4
663.75001 4
663.85001 4
663.95001 4
664.05001 4
664.15001 4
664.25001 4
664.35001 4
664.45001 4
664.55001 4
664.65001 4
664.75001 4
664.85001 4
664.95001 4
665.05001 4
665.15001 4
665.25001 4
665.35001 4
665.45001 4
665.55001 4
665.65001 4
665.75001 4
665.85001 4
665.95001 4
666.05001 4
666.15001 4
666.25001 4
666.35001 4
666.45001 4
666.55001 4
666.65001 4
666.75001 4
666.85001 4
666.95001 4
667.05001 4
667.15001 4
667.25001 4
667.35001 4
667.45001 4
667.55001 4
667.65001 4
667.75001 4
667.85001 4
667.95001 4
668.05001 4
668.15001 4
668.25001 4
668.35001 4
668.45001 4
668.55001 4
668.65001 4
668.75001 4
668.85001 4
668.95001 4
669.05001 4
669.15001 4
669.25001 4
669.35001 4
669.45001 4
669.55001 4
669.65001 4
669.75001 4
669.85001 4
669.95001 4
670.05001 4
670.15001 4
670.25001 4
670.35001 4
670.45001 4
670.55001 4
670.65001 4
670.75001 4
670.85001 4
670.95001 4
671.05001 4
671.15001 4
671.25001 4
671.35001 4
671.45001 4
671.55001 4
671.65001 4
671.75001 4
671.85001 4
671.95001 4
672.05001 4
672.15001 4
672.25001 4
672.35001 4
672.45001 4
672.55001 4
672.65001 4
672.75001 4
672.85001 4
672.95001 4
673.05001 4
673.15001 4
673.25001 4
673.35001 4
673.45001 4
673.55001 4
673.65001 4
673.75001 4
673.85001 4
673.95001 4
674.05001 4
674.15001 4
674.25001 4
674.35001 4
674.45001 4
674.55001 4
674.65001 4
674.75001 4
674.85001 4
674.95001 4
675.05001 4
675.15001 4
675.25001 4
675.35001 4
675.45001 4
675.55001 4
675.65001 4
675.75001 4
675.85001 4
675.95001 4
676.05001 4
676.15001 4
676.25001 4
676.35001 4
676.45001 4
676.55001 4
676.65001 4
676.75001 4
676.85001 4
676.95001 4
677.05001 4
677.15001 4
677.25001 4
677.35001 4
677.45001 4
677.55001 4
677.65001 4
677.75001 4
677.85001 4
677.95001 4
678.05001 4
678.15001 4
678.25001 4
678.35001 4
678.45001 4
678.55001 4
678.65001 4
678.75001 4
678.85001 4
678.95001 4
679.05001 4
679.15001 4
679.25001 4
679.35001 4
679.45001 4
679.55001 4
679.65001 4
679.75001 4
679.85001 4
679.95001 4
680.05001 4
680.15001 4
680.25001 4
680.35001 4
680.45001 4
680.55001 4
680.65001 4
680.75001 4
680.85001 4
680.95001 4
681.05001 4
681.15001 4
681.25001 4
681.35001 4
681.45001 4
681.55001 4
681.65001 4
681.75001 4
681.85001 4
681.95001 4
682.05001 4
682.15001 4
682.25001 4
682.35001 4
682.45001 4
682.55001 4
682.65001 4
682.75001 4
682.85001 4
682.95001 4
683.05001 4
683.15001 4
683.25001 4
683.35001 4
683.45001 4
683.55001 4
683.65001 4
683.75001 4
683.85001 4
683.95001 4
684.05001 4
684.15001 4
684.25001 4
684.35001 4
684.45001 4
684.55001 4
684.65001 4
684.75001 4
684.85001 4
684.95001 4
685.05001 4
685.15001 4
685.25001 4
685.35001 4
685.45001 4
685.55001 4
685.65001 4
685.75001 4
685.85001 4
685.95001 4
686.05001 4
686.15001 4
686.25001 4
686.35001 4
686.45001 4
686.55001 4
686.65001 4
686.75001 4
686.85001 4
686.95001 4
687.05001 4
687.15001 4
687.25001 4
687.35001 4
687.45001 4
687.55001 4
687.65001 4
687.75001 4
687.85001 4
687.95001 4
688.05001 4
688.15001 4
688.25001 4
688.35001 4
688.45001 4
688.55001 4
688.65001 4
688.75001 4
688.85001 4
688.95001 4
689.05001 4
689.15001 4
689.25001 4
689.35001 4
689.45001 4
689.55001 4
689.65001 4
689.75001 4
689.85001 4
689.95001 4
690.05001 4
690.15001 4
690.25001 4
690.35001 4
690.45001 4
690.55001 4
690.65001 4
690.75001 4
690.85001 4
690.95001 4
691.05001 4
691.15001 4
691.25001 4
691.35001 4
691.45001 4
691.55001 4
691.65001 4
691.75001 4
691.85001 4
691.95001 4
692.05001 4
692.15001 4
692.25001 4
692.35001 4
692.45001 4
692.55001 4
692.65001 4
692.75001 4
692.85001 4
692.95001 4
693.05001 4
693.15001 4
693.25001 4
693.35001 4
693.45001 4
693.55001 4
693.65001 4
693.75001 4
693.85001 4
693.95001 4
694.05001 4
694.15001 4
694.25001 4
694.35001 4
694.45001 4
694.55001 4
694.65001 4
694.75001 4
694.85001 4
694.95001 4
695.05001 4
695.15001 4
695.25001 4
695.35001 4
695.45001 4
695.55001 4
695.65001 4
695.75001 4
695.85001 4
695.95001 4
696.05001 4
696.15001 4
696.25001 4
696.35001 4
696.45001 4
696.55001 4
696.65001 4
696.75001 4
696.85001 4
696.95001 4
697.05001 4
697.15001 4
697.25001 4
697.35001 4
697.45001 4
697.55001 4
697.65001 4
697.75001 4
697.85001 4
697.95001 4
698.05001 4
698.15001 4
698.25001 4
698.35001 4
698.45001 4
698.55001 4
698.65001 4
698.75001 4
698.85001 4
698.95001 4
699.05001 4
699.15001 4
699.25001 4
699.35001 4
699.45001 4
699.55001 4
699.65001 4
699.75001 4
699.85001 4
699.95001 4
700.05001 4
700.15001 4
700.25001 4
700.35001 4
700.45001 4
700.55001 4
700.65001 4
700.75001 4
700.85001 4
700.95001 4
701.05001 4
701.15001 4
701.25001 4
701.35001 4
701.45001 4
701.55001 4
701.65001 4
701.75001 4
701.85001 4
701.95001 4
702.05001 4
702.15001 4
702.25001 4
702.35001 4
702.45001 4
702.55001 4
702.65001 4
702.75001 4
702.85001 4
702.95001 4
703.05001 4
703.15001 4
703.25001 4
703.35001 4
703.45001 4
703.55001 4
703.65001 4
703.75001 4
703.85001 4
703.95001 4
704.05001 4
704.15001 4
704.25001 4
704.35001 4
704.45001 4
704.55001 4
704.65001 4
704.75001 4
704.85001 4
704.95001 4
705.05001 4
705.15001 4
705.25001 4
705.35001 4
705.45001 4
705.55001 4
705.65001 4
705.75001 4
705.85001 4
705.95001 4
706.05001 4
706.15001 4
706.25001 4
706.35001 4
706.45001 4
706.55001 4
706.65001 4
706.75001 4
706.85001 4
706.95001 4
707.05001 4
707.15001 4
707.25001 4
707.35001 4
707.45001 4
707.55001 4
707.65001 4
707.75001 4
707.85001 4
707.95001 4
708.05001 4
708.15001 4
708.25001 4
708.35001 4
708.45001 4
708.55001 4
708.65001 4
708.75001 4
708.85001 4
708.95001 4
709.05001 4
709.15001 4
709.25001 4
709.35001 4
709.45001 4
709.55001 4
709.65001 4
709.75001 4
709.85001 4
709.95001 4
710.05001 4
710.15001 4
710.25001 4
710.35001 4
710.45001 4
710.55001 4
710.65001 4
710.75001 4
710.85001 4
710.95001 4
711.05001 4
711.15001 4
711.25001 4
711.35001 4
711.45001 4
711.55001 4
711.65001 4
711.75001 4
711.85001 4
711.95001 4
712.05001 4
712.15001 4
712.25001 4
712.35001 4
712.45001 4
712.55001 4
712.65001 4
712.75001 4
712.85001 4
712.95001 4
713.05001 4
713.15001 4
713.25001 4
713.35001 4
713.45001 4
713.55001 4
713.65001 4
713.75001 4
713.85001 4
713.95001 4
714.05001 4
714.15001 4
714.25001 4
714.35001 4
714.45001 4
714.55001 4
714.65001 4
714.75001 4
714.85001 4
714.95001 4
715.05001 4
715.15001 4
715.25001 4
715.35001 4
715.45001 4
715.55001 4
715.65001 4
715.75001 4
715.85001 4
715.95001 4
716.05001 4
716.15001 4
716.25001 4
716.35001 4
716.45001 4
716.55001 4
716.65001 4
716.75001 4
716.85001 4
716.95001 4
717.05001 4
717.15001 4
717.25001 4
717.35001 4
717.45001 4
717.55001 4
717.65001 4
717.75001 4
717.85001 4
717.95001 4
718.05001 4
718.15001 4
718.25001 4
718.35001 4
718.45001 4
718.55001 4
718.65001 4
718.75001 4
718.85001 4
718.95001 4
719.05001 4
719.15001 4
719.25001 4
719.35001 4
719.45001 4
719.55001 4
719.65001 4
719.75001 4
719.85001 4
719.95001 4
720.05001 4
720.15001 4
720.25001 4
720.35001 4
720.45001 4
720.55001 4
720.65001 4
720.75001 4
720.85001 4
720.95001 4
721.05001 4
721.15001 4
721.25001 4
721.35001 4
721.45001 4
721.55001 4
721.65001 4
721.75001 4
721.85001 4
721.95001 4
722.05001 4
722.15001 4
722.25001 4
722.35001 4
722.45001 4
722.55001 4
722.65001 4
722.75001 4
722.85001 4
722.95001 4
723.05001 4
723.15001 4
723.25001 4
723.35001 4
723.45001 4
723.55001 4
723.65001 4
723.75001 4
723.85001 4
723.95001 4
724.05001 4
724.15001 4
724.25001 4
724.35001 4
724.45001 4
724.55001 4
724.65001 4
724.75001 4
724.85001 4
724.95001 4
725.05001 4
725.15001 4
725.25001 4
725.35001 4
725.45001 4
725.55001 4
725.65001 4
725.75001 4
725.85001 4
725.95001 4
726.05001 4
726.15001 4
726.25001 4
726.35001 4
726.45001 4
726.55001 4
726.65001 4
726.75001 4
726.85001 4
726.95001 4
727.05001 4
727.15001 4
727.25001 4
727.35001 4
727.45001 4
727.55001 4
727.65001 4
727.75001 4
727.85001 4
727.95001 4
728.05001 4
728.15001 4
728.25001 4
728.35001 4
728.45001 4
728.55001 4
728.65001 4
728.75001 4
728.85001 4
728.95001 4
729.05001 4
729.15001 4
729.25001 4
729.35001 4
729.45001 4
729.55001 4
729.65001 4
729.75001 4
729.85001 4
729.95001 4
730.05001 4
730.15001 4
730.25001 4
730.35001 4
730.45001 4
730.55001 4
730.65001 4
730.75001 4
730.85001 4
730.95001 4
731.05001 4
731.15001 4
731.25001 4
731.35001 4
731.45001 4
731.55001 4
731.65001 4
731.75001 4
731.85001 4
731.95001 4
732.05001 4
732.15001 4
732.25001 4
732.35001 4
732.45001 4
732.55001 4
732.65001 4
732.75001 4
732.85001 4
732.95001 4
733.05001 4
733.15001 4
733.25001 4
733.35001 4
733.45001 4
733.55001 4
733.65001 4
733.75001 4
733.85001 4
733.95001 4
734.05001 4
734.15001 4
734.25001 4
734.35001 4
734.45001 4
734.55001 4
734.65001 4
734.75001 4
734.85001 4
734.95001 4
735.05001 4
735.15001 4
735.25001 4
735.35001 4
735.45001 4
735.55001 4
735.65001 4
735.75001 4
735.85001 4
735.95001 4
736.05001 4
736.15001 4
736.25001 4
736.35001 4
736.45001 4
736.55001 4
736.65001 4
736.75001 4
736.85001 4
736.95001 4
737.05001 4
737.15001 4
737.25001 4
737.35001 4
737.45001 4
737.55001 4
737.65001 4
737.75001 4
737.85001 4
737.95001 4
738.05001 4
738.15001 4
738.25001 4
738.35001 4
738.45001 4
738.55001 4
738.65001 4
738.75001 4
738.85001 4
738.95001 4
739.05001 4
739.15001 4
739.25001 4
739.35001 4
739.45001 4
739.55001 4
739.65001 4
739.75001 4
739.85001 4
739.95001 4
740.05001 4
740.15001 4
740.25001 4
740.35001 4
740.45001 4
740.55001 4
740.65001 4
740.75001 4
740.85001 4
740.95001 4
741.05001 4
741.15001 4
741.25001 4
741.35001 4
741.45001 4
741.55001 4
741.65001 4
741.75001 4
741.85001 4
741.95001 4
742.05001 4
742.15001 4
742.25001 4
742.35001 4
742.45001 4
742.55001 4
742.65001 4
742.75001 4
742.85001 4
742.95001 4
743.05001 4
743.15001 4
743.25001 4
743.35001 4
743.45001 4
743.55001 4
743.65001 4
743.75001 4
743.85001 4
743.95001 4
744.05001 4
744.15001 4
744.25001 4
744.35001 4
744.45001 4
744.55001 4
744.65001 4
744.75001 4
744.85001 4
744.95001 4
745.05001 4
745.15001 4
745.25001 4
745.35001 4
745.45001 4
745.55001 4
745.65001 4
745.75001 4
745.85001 4
745.95001 4
746.05001 4
746.15001 4
746.25001 4
746.35001 4
746.45001 4
746.55001 4
746.65001 4
746.75001 4
746.85001 4
746.95001 4
747.05001 4
747.15001 4
747.25001 4
747.35001 4
747.45001 4
747.55001 4
747.65001 4
747.75001 4
747.85001 4
747.95001 4
748.05001 4
748.15001 4
748.25001 4
748.35001 4
748.45001 4
748.55001 4
748.65001 4
748.75001 4
748.85001 4
748.95001 4
749.05001 4
749.15001 4
749.25001 4
749.35001 4
749.45001 4
749.55001 4
749.65001 4
749.75001 4
749.85001 4
749.95001 4
750.05001 4
750.15001 4
750.25001 4
750.35001 4
750.45001 4
750.55001 4
750.65001 4
750.75001 4
750.85001 4
750.95001 4
751.05001 4
751.15001 4
751.25001 4
751.35001 4
751.45001 4
751.55001 4
751.65001 4
751.75001 4
751.85001 4
751.95001 4
752.05001 4
752.15001 4
752.25001 4
752.35001 4
752.45001 4
752.55001 4
752.65001 4
752.75001 4
752.85001 4
752.95001 4
753.05001 4
753.15001 4
753.25001 4
753.35001 4
753.45001 4
753.55001 4
753.65001 4
753.75001 4
753.85001 4
753.95001 4
754.05001 4
754.15001 4
754.25001 4
754.35001 4
754.45001 4
754.55001 4
754.65001 4
754.75001 4
754.85001 4
754.95001 4
755.05001 4
755.15001 4
755.25001 4
755.35001 4
755.45001 4
755.55001 4
755.65001 4
755.75001 4
755.85001 4
755.95001 4
756.05001 4
756.15001 4
756.25001 4
756.35001 4
756.45001 4
756.55001 4
756.65001 4
756.75001 4
756.85001 4
756.95001 4
757.05001 4
757.15001 4
757.25001 4
757.35001 4
757.45001 4
757.55001 4
757.65001 4
757.75001 4
757.85001 4
757.95001 4
758.05001 4
758.15001 4
758.25001 4
758.35001 4
758.45001 4
758.55001 4
758.65001 4
758.75001 4
758.85001 4
758.95001 4
759.05001 4
759.15001 4
759.25001 4
759.35001 4
759.45001 4
759.55001 4
759.65001 4
759.75001 4
759.85001 4
759.95001 4
760.05001 4
760.15001 4
760.25001 4
760.35001 4
760.45001 4
760.55001 4
760.65001 4
760.75001 4
760.85001 4
760.95001 4
761.05001 4
761.15001 4
761.25001 4
761.35001 4
761.45001 4
761.55001 4
761.65001 4
761.75001 4
761.85001 4
761.95001 4
762.05001 4
762.15001 4
762.25001 4
762.35001 4
762.45001 4
762.55001 4
762.65001 4
762.75001 4
762.85001 4
762.95001 4
763.05001 4
763.15001 4
763.25001 4
763.35001 4
763.45001 4
763.55001 4
763.65001 4
763.75001 4
763.85001 4
763.95001 4
764.05001 4
764.15001 4
764.25001 4
764.35001 4
764.45001 4
764.55001 4
764.65001 4
764.75001 4
764.85001 4
764.95001 4
765.05001 4
765.15001 4
765.25001 4
765.35001 4
765.45001 4
765.55001 4
765.65001 4
765.75001 4
765.85001 4
765.95001 4
766.05001 4
766.15001 4
766.25001 4
766.35001 4
766.45001 4
766.55001 4
766.65001 4
766.75001 4
766.85001 4
766.95001 4
767.05001 4
767.15001 4
767.25001 4
767.35001 4
767.45001 4
767.55001 4
767.65001 4
767.75001 4
767.85001 4
767.95001 4
768.05001 4
768.15001 4
768.25001 4
768.35001 4
768.45001 4
768.55001 4
768.65001 4
768.75001 4
768.85001 4
768.95001 4
769.05001 4
769.15001 4
769.25001 4
769.35001 4
769.45001 4
769.55001 4
769.65001 4
769.75001 4
769.85001 4
769.95001 4
770.05001 4
770.15001 4
770.25001 4
770.35001 4
770.45001 4
770.55001 4
770.65001 4
770.75001 4
770.85001 4
770.95001 4
771.05001 4
771.15001 4
771.25001 4
771.35001 4
771.45001 4
771.55001 4
771.65001 4
771.75001 4
771.85001 4
771.95001 4
772.05001 4
772.15001 4
772.25001 4
772.35001 4
772.45001 4
772.55001 4
772.65001 4
772.75001 4
772.85001 4
772.95001 4
773.05001 4
773.15001 4
773.25001 4
773.35001 4
773.45001 4
773.55001 4
773.65001 4
773.75001 4
773.85001 4
773.95001 4
774.05001 4
774.15001 4
774.25001 4
774.35001 4
774.45001 4
774.55001 4
774.65001 4
774.75001 4
774.85001 4
774.95001 4
775.05001 4
775.15001 4
775.25001 4
775.35001 4
775.45001 4
775.55001 4
775.65001 4
775.75001 4
775.85001 4
775.95001 4
776.05001 4
776.15001 4
776.25001 4
776.35001 4
776.45001 4
776.55001 4
776.65001 4
776.75001 4
776.85001 4
776.95001 4
777.05001 4
777.15001 4
777.25001 4
777.35001 4
777.45001 4
777.55001 4
777.65001 4
777.75001 4
777.85001 4
777.95001 4
778.05001 4
778.15001 4
778.25001 4
778.35001 4
778.45001 4
778.55001 4
778.65001 4
778.75001 4
778.85001 4
778.95001 4
779.05001 4
779.15001 4
779.25001 4
779.35001 4
779.45001 4
779.55001 4
779.65001 4
779.75001 4
779.85001 4
779.95001 4
780.05001 4
780.15001 4
780.25001 4
780.35001 4
780.45001 4
780.55001 4
780.65001 4
780.75001 4
780.85001 4
780.95001 4
781.05001 4
781.15001 4
781.25001 4
781.35001 4
781.45001 4
781.55001 4
781.65001 4
781.75001 4
781.85001 4
781.95001 4
782.05001 4
782.15001 4
782.25001 4
782.35001 4
782.45001 4
782.55001 4
782.65001 4
782.75001 4
782.85001 4
782.95001 4
783.05001 4
783.15001 4
783.25001 4
783.35001 4
783.45001 4
783.55001 4
783.65001 4
783.75001 4
783.85001 4
783.95001 4
784.05001 4
784.15001 4
784.25001 4
784.35001 4
784.45001 4
784.55001 4
784.65001 4
784.75001 4
784.85001 4
784.95001 4
785.05001 4
785.15001 4
785.25001 4
785.35001 4
785.45001 4
785.55001 4
785.65001 4
785.75001 4
785.85001 4
785.95001 4
786.05001 4
786.15001 4
786.25001 4
786.35001 4
786.45001 4
786.55001 4
786.65001 4
786.75001 4
786.85001 4
786.95001 4
787.05001 4
787.15001 4
787.25001 4
787.35001 4
787.45001 4
787.55001 4
787.65001 4
787.75001 4
787.85001 4
787.95001 4
788.05001 4
788.15001 4
788.25001 4
788.35001 4
788.45001 4
788.55001 4
788.65001 4
788.75001 4
788.85001 4
788.95001 4
789.05001 4
789.15001 4
789.25001 4
789.35001 4
789.45001 4
789.55001 4
789.65001 4
789.75001 4
789.85001 4
789.95001 4
790.05001 4
790.15001 4
790.25001 4
790.35001 4
790.45001 4
790.55001 4
790.65001 4
790.75001 4
790.85001 4
790.95001 4
791.05001 4
791.15001 4
791.25001 4
791.35001 4
791.45001 4
791.55001 4
791.65001 4
791.75001 4
791.85001 4
791.95001 4
792.05001 4
792.15001 4
792.25001 4
792.35001 4
792.45001 4
792.55001 4
792.65001 4
792.75001 4
792.85001 4
792.95001 4
793.05001 4
793.15001 4
793.25001 4
793.35001 4
793.45001 4
793.55001 4
793.65001 4
793.75001 4
793.85001 4
793.95001 4
794.05001 4
794.15001 4
794.25001 4
794.35001 4
794.45001 4
794.55001 4
794.65001 4
794.75001 4
794.85001 4
794.95001 4
795.05001 4
795.15001 4
795.25001 4
795.35001 4
795.45001 4
795.55001 4
795.65001 4
795.75001 4
795.85001 4
795.95001 4
796.05001 4
796.15001 4
796.25001 4
796.35001 4
796.45001 4
796.55001 4
796.65001 4
796.75001 4
796.85001 4
796.95001 4
797.05001 4
797.15001 4
797.25001 4
797.35001 4
797.45001 4
797.55001 4
797.65001 4
797.75001 4
797.85001 4
797.95001 4
798.05001 4
798.15001 4
798.25001 4
798.35001 4
798.45001 4
798.55001 4
798.65001 4
798.75001 4
798.85001 4
798.95001 4
799.05001 4
799.15001 4
799.25001 4
799.35001 4
799.45001 4
799.55001 4
799.65001 4
799.75001 4
799.85001 4
799.95001 4
800.05001 4

