0.15 5
0.25 5
0.35000001 5
0.45000001 5
0.55000001 5
0.65000001 5
0.75000001 5
0.85000001 5
0.95000001 5
1.05 5
1.15 5
1.25 5
1.35 5
1.45 5
1.55 5
1.65 5
1.75 5
1.85 5
1.95 5
2.05 5
2.15 5
2.25 5
2.35 5
2.45 5
2.55 5
2.65 5
2.75 5
2.85 5
2.95 5
3.05 5
3.15 5
3.25 5
3.35 5
3.4500001 5
3.5500001 5
3.6500001 5
3.7500001 5
3.8500001 5
3.9500001 5
4.0500001 5.0175867
4.1500001 5.0171577
4.2500001 5
4.3500001 5.1145179
4.4500001 5.0639516
4.5500001 5.2032239
4.6500001 5.2293915
4.7500001 5.5313424
4.8500001 5.9965788
4.9500001 6.3279741
5.0500001 6.9486046
5.1500001 7.7173151
5.2500001 7.6447667
5.3500001 7.4754087
5.4500001 6.8498586
5.5500001 6.0999671
5.6500001 5.4647909
5.7500001 5.0925615
5.8500001 5.0121287
5.9500001 4.8748067
6.0500001 4.9003421
6.1500001 4.8558469
6.2500001 4.81846
6.3500001 4.6873478
6.4500001 4.3404993
6.5500001 4.3993471
6.6500001 4.1259951
6.7500001 3.9395492
6.8500001 3.712034
6.9500001 3.5981629
7.0500001 4.1055915
7.1500001 4.2222227
7.2500001 4.408892
7.3500001 4.6338115
7.4500001 4.8764179
7.5500001 5.0093796
7.6500001 4.9166947
7.7500001 4.995432
7.8500001 5.144301
7.9500001 5.2582349
8.0500001 5.5276005
8.1500001 5.7295217
8.2500001 5.6477047
8.3500001 5.6695653
8.4500001 5.7034674
8.5500001 5.5296695
8.6500001 5.4785214
8.7500001 5.3315191
8.8500001 5.2917791
8.9500001 5.2410759
9.0500001 5.1875913
9.1500001 5.0773041
9.2500001 5.0458783
9.3500001 4.9962179
9.4500001 4.9064538
9.5500001 4.8741164
9.6500001 4.7984859
9.7500001 4.699032
9.8500001 4.608786
9.9500001 4.5843147
10.05 4.6271623
10.15 4.6482663
10.25 4.5724022
10.35 4.7438832
10.45 4.7564921
10.55 4.8861053
10.65 4.9435899
10.75 4.9967128
10.85 4.9902296
10.95 5.0709921
11.05 5.0895322
11.15 5.1299196
11.25 5.0471072
11.35 5.1960993
11.45 5.1789522
11.55 5.1651619
11.65 5.2789612
11.75 5.3276835
11.85 5.1788476
11.95 5.1123183
12.05 5.1260379
12.15 4.9854656
12.25 5.0374798
12.35 4.9971404
12.45 5.0170194
12.55 5.0337664
12.65 5.0195408
12.75 4.8781395
12.85 4.9285541
12.95 4.8445828
13.05 4.9188307
13.15 4.997315
13.25 4.8747615
13.35 4.9365293
13.45 4.9370029
13.55 4.8410685
13.65 4.8396508
13.75 4.9691912
13.85 4.9515729
13.95 5.0582005
14.05 4.9849257
14.15 5.0374185
14.25 5.02477
14.35 5.0713306
14.45 5.0097704
14.55 4.980594
14.65 5.0216822
14.75 5.0334984
14.85 5
14.95 5.0967858
15.05 5.0257938
15.15 5.0791983
15.25 5
15.35 5.10575
15.45 4.9657402
15.55 5.0953085
15.65 5.0045094
15.75 5.0022403
15.85 5.0244878
15.95 5.0066365
16.05 5.0241817
16.15 4.9803379
16.25 4.921837
16.35 4.9978421
16.45 4.9957106
16.55 5.0063952
16.65 4.9004128
16.75 4.9536638
16.85 4.9350968
16.95 4.8626366
17.05 4.9565505
17.15 4.9979431
17.25 4.9754604
17.35 5.0325303
17.45 5.0303219
17.55 5.0683368
17.65 5.0199849
17.75 5.0019872
17.85 5.0395206
17.95 5.0432298
18.05 5.0097704
18.15 5.0213761
18.25 5.0831019
18.35 5.0115323
18.45 4.9789724
18.55 4.9828886
18.65 4.9867627
18.75 5.026333
18.85 4.9887745
18.95 4.9869728
19.05 5.0333221
19.15 4.9318631
19.25 4.9542013
19.35 5
19.45 5.0018131
19.55 4.9512984
19.65 5.0215347
19.75 4.9964291
19.85 5.1154681
19.95 4.9699524
20.05 5.042208
20.15 5.0069997
20.25 4.9843287
20.35 5.0121287
20.45 5.0137935
20.55 5.0205893
20.65 4.984633
20.75 5.0101952
20.85 4.9543423
20.95 5.025244
21.05 4.9933003
21.15 4.9649933
21.25 4.986727
21.35 4.9834867
21.45 4.9654841
21.55 4.9231094
21.65 4.9886012
21.75 4.954615
21.85 5.0274288
21.95 5.0016061
22.05 5.0031976
22.15 5
22.25 5.0554535
22.35 5.0646685
22.45 5.0141322
22.55 5
22.65 4.9937746
22.75 5.0154949
22.85 5.0092561
22.95 5.0061438
23.05 5.0321148
23.15 5.0456797
23.25 4.9984839
23.35 4.9849041
23.45 4.9473903
23.55 5.0224511
23.65 4.9940384
23.75 5.013357
23.85 4.9674868
23.95 4.9955849
24.05 5.0117245
24.15 5.0262706
24.25 4.9404088
24.35 4.9971051
24.45 4.9971169
24.55 5.0086139
24.65 5.0200174
24.75 4.9857598
24.85 4.9858172
24.95 4.9632728
25.05 4.9732682
25.15 4.9383415
25.25 4.9888339
25.35 5.005561
25.45 5.0221565
25.55 4.9903446
25.65 5.0109917
25.75 5.0191606
25.85 5.0436259
25.95 5.0651862
26.05 4.9891774
26.15 4.9878713
26.25 5.0214799
26.35 4.9826139
26.45 5.0626193
26.55 5.0119457
26.65 5.0119008
26.75 5
26.85 4.9370029
26.95 5.0601478
27.05 4.9635239
27.15 4.9935104
27.25 4.9974137
27.35 4.9845392
27.45 5.0205392
27.55 5.0025581
27.65 4.9885304
27.75 4.9644457
27.85 4.9848173
27.95 5.0088249
28.05 4.9799009
28.15 4.9299036
28.25 5.0249457
28.35 4.9738996
28.45 5.0483015
28.55 4.9938292
28.65 5.0012298
28.75 5.0036767
28.85 4.975574
28.95 5.0718072
29.05 4.9963614
29.15 4.9661562
29.25 4.9879543
29.35 5
29.45 4.9976073
29.55 5.003577
29.65 5.0142595
29.75 5.0473715
29.85 5.018885
29.95 5.0682293
30.05 5.0222765
30.15 4.9240442
30.25 4.9906826
30.35 5.0394685
30.45 4.9699175
30.55 5.0265242
30.65 4.974712
30.75 5.0057286
30.85 4.9543203
30.95 5.011383
31.05 5.0113462
31.15 4.9491061
31.25 5.0112735
31.35 4.9528025
31.45 4.9361503
31.55 5.0323818
31.65 4.9922084
31.75 4.9822469
31.85 5.013273
31.95 5.0220523
32.05 5.0032975
32.15 4.995617
32.25 5.0371396
32.35 5.053359
32.45 5.0293111
32.55 4.9837661
32.65 5.0140262
32.75 5.0688408
32.85 4.9485268
32.95 5.0085528
33.05 5.0181196
33.15 4.9596197
33.25 4.9978811
33.35 5.0475316
33.45 4.977885
33.55 4.9475024
33.650001 4.9780166
33.750001 5.0469674
33.850001 4.9635779
33.950001 4.9844366
34.050001 5.0206902
34.150001 4.9628668
34.250001 4.9444631
34.350001 5.0010255
34.450001 5.0132923
34.550001 4.9867463
34.650001 5.0132154
34.750001 5.0212865
34.850001 4.9939356
34.950001 5.0372898
35.050001 5.0200991
35.150001 5.0140293
35.250001 4.9970023
35.350001 5.0159426
35.450001 4.9761536
35.550001 5.0108988
35.650001 4.9841917
35.750001 5.0009852
35.850001 5.0147374
35.950001 4.996081
36.050001 4.9882755
36.150001 4.9873337
36.250001 5.0252626
36.350001 4.9767449
36.450001 4.9990337
36.550001 5.0134912
36.650001 5
36.750001 5.0105424
36.850001 4.9407405
36.950001 4.9933275
37.050001 5.0228152
37.150001 5.0094807
37.250001 5.0274201
37.350001 5.0405484
37.450001 5.0037619
37.550001 4.9371569
37.650001 5.0009355
37.750001 5.0102628
37.850001 5.0353595
37.950001 4.9935036
38.050001 5
38.150001 4.9455321
38.250001 5.0156531
38.350001 4.9990816
38.450001 5.0219834
38.550001 4.975333
38.650001 4.9899765
38.750001 5.0236307
38.850001 4.9827759
38.950001 5.0189882
39.050001 4.9684342
39.150001 4.9613183
39.250001 5.0152538
39.350001 5.00358
39.450001 5.0232109
39.550001 5.0080142
39.650001 4.9884532
39.750001 5.0389831
39.850001 5.0273963
39.950001 4.9894215
40.050001 4.981534
40.150001 5.0315771
40.250001 4.9755011
40.350001 4.9938905
40.450001 4.9851993
40.550001 5.0295283
40.650001 4.9722771
40.750001 4.9783947
40.850001 4.9836202
40.950001 4.9518409
41.050001 4.9742634
41.150001 4.9640564
41.250001 4.8625507
41.350001 4.9352742
41.450001 4.9209874
41.550001 4.8949037
41.650001 4.904457
41.750001 4.880225
41.850001 4.9217435
41.950001 4.9210908
42.050001 4.9405403
42.150001 4.9573909
42.250001 4.9658268
42.350001 4.9559293
42.450001 4.9784314
42.550001 4.966068
42.650001 4.982661
42.750001 4.9884677
42.850001 4.9860293
42.950001 4.9983602
43.050001 4.998364
43.150001 4.9951035
43.250001 5
43.350001 5
43.450001 5
43.550001 5
43.650001 5
43.750001 5
43.850001 5
43.950001 5
44.050001 5
44.150001 5
44.250001 5
44.350001 5
44.450001 5
44.550001 5
44.650001 5
44.750001 5
44.850001 5
44.950001 5
45.050001 5
45.150001 5
45.250001 5
45.350001 5
45.450001 5
45.550001 5
45.650001 5
45.750001 5
45.850001 5
45.950001 5
46.050001 5
46.150001 5
46.250001 5
46.350001 5
46.450001 5
46.550001 5
46.650001 5
46.750001 5
46.850001 5
46.950001 5
47.050001 5
47.150001 5
47.250001 5
47.350001 5
47.450001 5
47.550001 5
47.650001 5
47.750001 5
47.850001 5
47.950001 5
48.050001 5
48.150001 5
48.250001 5
48.350001 5
48.450001 5
48.550001 5
48.650001 5
48.750001 5
48.850001 5
48.950001 5
49.050001 5
49.150001 5
49.250001 5
49.350001 5
49.450001 5
49.550001 5
49.650001 5
49.750001 5
49.850001 5
49.950001 5
50.050001 5
50.150001 5
50.250001 5
50.350001 5
50.450001 5
50.550001 5
50.650001 5
50.750001 5
50.850001 5
50.950001 5
51.050001 5
51.150001 5
51.250001 5
51.350001 5
51.450001 5
51.550001 5
51.650001 5
51.750001 5
51.850001 5
51.950001 5
52.050001 5
52.150001 5
52.250001 5
52.350001 5
52.450001 5
52.550001 5
52.650001 5
52.750001 5
52.850001 5
52.950001 5
53.050001 5
53.150001 5
53.250001 5
53.350001 5
53.450001 5
53.550001 5
53.650001 5
53.750001 5
53.850001 5
53.950001 5
54.050001 5
54.150001 5
54.250001 5
54.350001 5
54.450001 5
54.550001 5
54.650001 5
54.750001 5
54.850001 5
54.950001 5
55.050001 5
55.150001 5
55.250001 5
55.350001 5
55.450001 5
55.550001 5
55.650001 5
55.750001 5
55.850001 5
55.950001 5
56.050001 5
56.150001 5
56.250001 5
56.350001 5
56.450001 5
56.550001 5
56.650001 5
56.750001 5
56.850001 5
56.950001 5
57.050001 5
57.150001 5
57.250001 5
57.350001 5
57.450001 5
57.550001 5
57.650001 5
57.750001 5
57.850001 5
57.950001 5
58.050001 5
58.150001 5
58.250001 5
58.350001 5
58.450001 5
58.550001 5
58.650001 5
58.750001 5
58.850001 5
58.950001 5
59.050001 5
59.150001 5
59.250001 5
59.350001 5
59.450001 5
59.550001 5
59.650001 5
59.750001 5
59.850001 5
59.950001 5
60.050001 5
60.150001 5
60.250001 5
60.350001 5
60.450001 5
60.550001 5
60.650001 5
60.750001 5
60.850001 5
60.950001 5
61.050001 5
61.150001 5
61.250001 5
61.350001 5
61.450001 5
61.550001 5
61.650001 5
61.750001 5
61.850001 5
61.950001 5
62.050001 5
62.150001 5
62.250001 5
62.350001 5
62.450001 5
62.550001 5
62.650001 5
62.750001 5
62.850001 5
62.950001 5
63.050001 5
63.150001 5
63.250001 5
63.350001 5
63.450001 5
63.550001 5
63.650001 5
63.750001 5
63.850001 5
63.950001 5
64.050001 5
64.150001 5
64.250001 5
64.350001 5
64.450001 5
64.550001 5
64.650001 5
64.750001 5
64.850001 5
64.950001 5
65.050001 5
65.150001 5
65.250001 5
65.350001 5
65.450001 5
65.550001 5
65.650001 5
65.750001 5
65.850001 5
65.950001 5
66.050001 5
66.150001 5
66.250001 5
66.350001 5
66.450001 5
66.550001 5
66.650001 5
66.750001 5
66.850001 5
66.950001 5
67.050001 5
67.150001 5
67.250001 5
67.350001 5
67.450001 5
67.550001 5
67.650001 5
67.750001 5
67.850001 5
67.950001 5
68.050001 5
68.150001 5
68.250001 5
68.350001 5
68.450001 5
68.550001 5
68.650001 5
68.750001 5
68.850001 5
68.950001 5
69.050001 5
69.150001 5
69.250001 5
69.350001 5
69.450001 5
69.550001 5
69.650001 5
69.750001 5
69.850001 5
69.950001 5
70.050001 5
70.150001 5
70.250001 5
70.350001 5
70.450001 5
70.550001 5
70.650001 5
70.750001 5
70.850001 5
70.950001 5
71.050001 5
71.150001 5
71.250001 5
71.350001 5
71.450001 5
71.550001 5
71.650001 5
71.750001 5
71.850001 5
71.950001 5
72.050001 5
72.150001 5
72.250001 5
72.350001 5
72.450001 5
72.550001 5
72.650001 5
72.750001 5
72.850001 5
72.950001 5
73.050001 5
73.150001 5
73.250001 5
73.350001 5
73.450001 5
73.550001 5
73.650001 5
73.750001 5
73.850001 5
73.950001 5
74.050001 5
74.150001 5
74.250001 5
74.350001 5
74.450001 5
74.550001 5
74.650001 5
74.750001 5
74.850001 5
74.950001 5
75.050001 5
75.150001 5
75.250001 5
75.350001 5
75.450001 5
75.550001 5
75.650001 5
75.750001 5
75.850001 5
75.950001 5
76.050001 5
76.150001 5
76.250001 5
76.350001 5
76.450001 5
76.550001 5
76.650001 5
76.750001 5
76.850001 5
76.950001 5
77.050001 5
77.150001 5
77.250001 5
77.350001 5
77.450001 5
77.550001 5
77.650001 5
77.750001 5
77.850001 5
77.950001 5
78.050001 5
78.150001 5
78.250001 5
78.350001 5
78.450001 5
78.550001 5
78.650001 5
78.750001 5
78.850001 5
78.950001 5
79.050001 5
79.150001 5
79.250001 5
79.350001 5
79.450001 5
79.550001 5
79.650001 5
79.750001 5
79.850001 5
79.950001 5
80.050001 5
80.150001 5
80.250001 5
80.350001 5
80.450001 5
80.550001 5
80.650001 5
80.750001 5
80.850001 5
80.950001 5
81.050001 5
81.150001 5
81.250001 5
81.350001 5
81.450001 5
81.550001 5
81.650001 5
81.750001 5
81.850001 5
81.950001 5
82.050001 5
82.150001 5
82.250001 5
82.350001 5
82.450001 5
82.550001 5
82.650001 5
82.750001 5
82.850001 5
82.950001 5
83.050001 5
83.150001 5
83.250001 5
83.350001 5
83.450001 5
83.550001 5
83.650001 5
83.750001 5
83.850001 5
83.950001 5
84.050001 5
84.150001 5
84.250001 5
84.350001 5
84.450001 5
84.550001 5
84.650001 5
84.750001 5
84.850001 5
84.950001 5
85.050001 5
85.150001 5
85.250001 5
85.350001 5
85.450001 5
85.550001 5
85.650001 5
85.750001 5
85.850001 5
85.950001 5
86.050001 5
86.150001 5
86.250001 5
86.350001 5
86.450001 5
86.550001 5
86.650001 5
86.750001 5
86.850001 5
86.950001 5
87.050001 5
87.150001 5
87.250001 5
87.350001 5
87.450001 5
87.550001 5
87.650001 5
87.750001 5
87.850001 5
87.950001 5
88.050001 5
88.150001 5
88.250001 5
88.350001 5
88.450001 5
88.550001 5
88.650001 5
88.750001 5
88.850001 5
88.950001 5
89.050001 5
89.150001 5
89.250001 5
89.350001 5
89.450001 5
89.550001 5
89.650001 5
89.750001 5
89.850001 5
89.950001 5
90.050001 5
90.150001 5
90.250001 5
90.350001 5
90.450001 5
90.550001 5
90.650001 5
90.750001 5
90.850001 5
90.950001 5
91.050001 5
91.150001 5
91.250001 5
91.350001 5
91.450001 5
91.550001 5
91.650001 5
91.750001 5
91.850001 5
91.950001 5
92.050001 5
92.150001 5
92.250001 5
92.350001 5
92.450001 5
92.550001 5
92.650001 5
92.750001 5
92.850001 5
92.950001 5
93.050001 5
93.150001 5
93.250001 5
93.350001 5
93.450001 5
93.550001 5
93.650001 5
93.750001 5
93.850001 5
93.950001 5
94.050001 5
94.150001 5
94.250001 5
94.350001 5
94.450001 5
94.550001 5
94.650001 5
94.750001 5
94.850001 5
94.950001 5
95.050001 5
95.150001 5
95.250001 5
95.350001 5
95.450001 5
95.550001 5
95.650001 5
95.750001 5
95.850001 5
95.950001 5
96.050001 5
96.150001 5
96.250001 5
96.350001 5
96.450001 5
96.550001 5
96.650001 5
96.750001 5
96.850001 5
96.950001 5
97.050001 5
97.150001 5
97.250001 5
97.350001 5
97.450001 5
97.550001 5
97.650001 5
97.750001 5
97.850001 5
97.950001 5
98.050001 5
98.150001 5
98.250001 5
98.350001 5
98.450001 5
98.550001 5
98.650001 5
98.750001 5
98.850001 5
98.950001 5
99.050001 5
99.150001 5
99.250001 5
99.350001 5
99.450001 5
99.550001 5
99.650001 5
99.750001 5
99.850001 5
99.950001 5
100.05 5
100.15 5
100.25 5
100.35 5
100.45 5
100.55 5
100.65 5
100.75 5
100.85 5
100.95 5
101.05 5
101.15 5
101.25 5
101.35 5
101.45 5
101.55 5
101.65 5
101.75 5
101.85 5
101.95 5
102.05 5
102.15 5
102.25 5
102.35 5
102.45 5
102.55 5
102.65 5
102.75 5
102.85 5
102.95 5
103.05 5
103.15 5
103.25 5
103.35 5
103.45 5
103.55 5
103.65 5
103.75 5
103.85 5
103.95 5
104.05 5
104.15 5
104.25 5
104.35 5
104.45 5
104.55 5
104.65 5
104.75 5
104.85 5
104.95 5
105.05 5
105.15 5
105.25 5
105.35 5
105.45 5
105.55 5
105.65 5
105.75 5
105.85 5
105.95 5
106.05 5
106.15 5
106.25 5
106.35 5
106.45 5
106.55 5
106.65 5
106.75 5
106.85 5
106.95 5
107.05 5
107.15 5
107.25 5
107.35 5
107.45 5
107.55 5
107.65 5
107.75 5
107.85 5
107.95 5
108.05 5
108.15 5
108.25 5
108.35 5
108.45 5
108.55 5
108.65 5
108.75 5
108.85 5
108.95 5
109.05 5
109.15 5
109.25 5
109.35 5
109.45 5
109.55 5
109.65 5
109.75 5
109.85 5
109.95 5
110.05 5
110.15 5
110.25 5
110.35 5
110.45 5
110.55 5
110.65 5
110.75 5
110.85 5
110.95 5
111.05 5
111.15 5
111.25 5
111.35 5
111.45 5
111.55 5
111.65 5
111.75 5
111.85 5
111.95 5
112.05 5
112.15 5
112.25 5
112.35 5
112.45 5
112.55 5
112.65 5
112.75 5
112.85 5
112.95 5
113.05 5
113.15 5
113.25 5
113.35 5
113.45 5
113.55 5
113.65 5
113.75 5
113.85 5
113.95 5
114.05 5
114.15 5
114.25 5
114.35 5
114.45 5
114.55 5
114.65 5
114.75 5
114.85 5
114.95 5
115.05 5
115.15 5
115.25 5
115.35 5
115.45 5
115.55 5
115.65 5
115.75 5
115.85 5
115.95 5
116.05 5
116.15 5
116.25 5
116.35 5
116.45 5
116.55 5
116.65 5
116.75 5
116.85 5
116.95 5
117.05 5
117.15 5
117.25 5
117.35 5
117.45 5
117.55 5
117.65 5
117.75 5
117.85 5
117.95 5
118.05 5
118.15 5
118.25 5
118.35 5
118.45 5
118.55 5
118.65 5
118.75 5
118.85 5
118.95 5
119.05 5
119.15 5
119.25 5
119.35 5
119.45 5
119.55 5
119.65 5
119.75 5
119.85 5
119.95 5
120.05 5
120.15 5
120.25 5
120.35 5
120.45 5
120.55 5
120.65 5
120.75 5
120.85 5
120.95 5
121.05 5
121.15 5
121.25 5
121.35 5
121.45 5
121.55 5
121.65 5
121.75 5
121.85 5
121.95 5
122.05 5
122.15 5
122.25 5
122.35 5
122.45 5
122.55 5
122.65 5
122.75 5
122.85 5
122.95 5
123.05 5
123.15 5
123.25 5
123.35 5
123.45 5
123.55 5
123.65 5
123.75 5
123.85 5
123.95 5
124.05 5
124.15 5
124.25 5
124.35 5
124.45 5
124.55 5
124.65 5
124.75 5
124.85 5
124.95 5
125.05 5
125.15 5
125.25 5
125.35 5
125.45 5
125.55 5
125.65 5
125.75 5
125.85 5
125.95 5
126.05 5
126.15 5
126.25 5
126.35 5
126.45 5
126.55 5
126.65 5
126.75 5
126.85 5
126.95 5
127.05 5
127.15 5
127.25 5
127.35 5
127.45 5
127.55 5
127.65 5
127.75 5
127.85 5
127.95 5
128.05 5
128.15 5
128.25 5
128.35 5
128.45 5
128.55 5
128.65 5
128.75 5
128.85 5
128.95 5
129.05 5
129.15 5
129.25 5
129.35 5
129.45 5
129.55 5
129.65 5
129.75 5
129.85 5
129.95 5
130.05 5
130.15 5
130.25 5
130.35 5
130.45 5
130.55 5
130.65 5
130.75 5
130.85 5
130.95 5
131.05 5
131.15 5
131.25 5
131.35 5
131.45 5
131.55 5
131.65 5
131.75 5
131.85 5
131.95 5
132.05 5
132.15 5
132.25 5
132.35 5
132.45 5
132.55 5
132.65 5
132.75 5
132.85 5
132.95 5
133.05 5
133.15 5
133.25 5
133.35 5
133.45 5
133.55 5
133.65 5
133.75 5
133.85 5
133.95 5
134.05 5
134.15 5
134.25 5
134.35 5
134.45 5
134.55 5
134.65 5
134.75 5
134.85 5
134.95 5
135.05 5
135.15 5
135.25 5
135.35 5
135.45 5
135.55 5
135.65 5
135.75 5
135.85 5
135.95 5
136.05 5
136.15 5
136.25 5
136.35 5
136.45 5
136.55 5
136.65 5
136.75 5
136.85 5
136.95 5
137.05 5
137.15 5
137.25 5
137.35 5
137.45 5
137.55 5
137.65 5
137.75 5
137.85 5
137.95 5
138.05 5
138.15 5
138.25 5
138.35 5
138.45 5
138.55 5
138.65 5
138.75 5
138.85 5
138.95 5
139.05 5
139.15 5
139.25 5
139.35 5
139.45 5
139.55 5
139.65 5
139.75 5
139.85 5
139.95 5
140.05 5
140.15 5
140.25 5
140.35 5
140.45 5
140.55 5
140.65 5
140.75 5
140.85 5
140.95 5
141.05 5
141.15 5
141.25 5
141.35 5
141.45 5
141.55 5
141.65 5
141.75 5
141.85 5
141.95 5
142.05 5
142.15 5
142.25 5
142.35 5
142.45 5
142.55 5
142.65 5
142.75 5
142.85 5
142.95 5
143.05 5
143.15 5
143.25 5
143.35 5
143.45 5
143.55 5
143.65 5
143.75 5
143.85 5
143.95 5
144.05 5
144.15 5
144.25 5
144.35 5
144.45 5
144.55 5
144.65 5
144.75 5
144.85 5
144.95 5
145.05 5
145.15 5
145.25 5
145.35 5
145.45 5
145.55 5
145.65 5
145.75 5
145.85 5
145.95 5
146.05 5
146.15 5
146.25 5
146.35 5
146.45 5
146.55 5
146.65 5
146.75 5
146.85 5
146.95 5
147.05 5
147.15 5
147.25 5
147.35 5
147.45 5
147.55 5
147.65 5
147.75 5
147.85 5
147.95 5
148.05 5
148.15 5
148.25 5
148.35 5
148.45 5
148.55 5
148.65 5
148.75 5
148.85 5
148.95 5
149.05 5
149.15 5
149.25 5
149.35 5
149.45 5
149.55 5
149.65 5
149.75 5
149.85 5
149.95 5
150.05 5
150.15 5
150.25 5
150.35 5
150.45 5
150.55 5
150.65 5
150.75 5
150.85 5
150.95 5
151.05 5
151.15 5
151.25 5
151.35 5
151.45 5
151.55 5
151.65 5
151.75 5
151.85 5
151.95 5
152.05 5
152.15 5
152.25 5
152.35 5
152.45 5
152.55 5
152.65 5
152.75 5
152.85 5
152.95 5
153.05 5
153.15 5
153.25 5
153.35 5
153.45 5
153.55 5
153.65 5
153.75 5
153.85 5
153.95 5
154.05 5
154.15 5
154.25 5
154.35 5
154.45 5
154.55 5
154.65 5
154.75 5
154.85 5
154.95 5
155.05 5
155.15 5
155.25 5
155.35 5
155.45 5
155.55 5
155.65 5
155.75 5
155.85 5
155.95 5
156.05 5
156.15 5
156.25 5
156.35 5
156.45 5
156.55 5
156.65 5
156.75 5
156.85 5
156.95 5
157.05 5
157.15 5
157.25 5
157.35 5
157.45 5
157.55 5
157.65 5
157.75 5
157.85 5
157.95 5
158.05 5
158.15 5
158.25 5
158.35 5
158.45 5
158.55 5
158.65 5
158.75 5
158.85 5
158.95 5
159.05 5
159.15 5
159.25 5
159.35 5
159.45 5
159.55 5
159.65 5
159.75 5
159.85 5
159.95 5
160.05 5
160.15 5
160.25 5
160.35 5
160.45 5
160.55 5
160.65 5
160.75 5
160.85 5
160.95 5
161.05 5
161.15 5
161.25 5
161.35 5
161.45 5
161.55 5
161.65 5
161.75 5
161.85 5
161.95 5
162.05 5
162.15 5
162.25 5
162.35 5
162.45 5
162.55 5
162.65 5
162.75 5
162.85 5
162.95 5
163.05 5
163.15 5
163.25 5
163.35 5
163.45 5
163.55 5
163.65 5
163.75 5
163.85 5
163.95 5
164.05 5
164.15 5
164.25 5
164.35 5
164.45 5
164.55 5
164.65 5
164.75 5
164.85 5
164.95 5
165.05 5
165.15 5
165.25 5
165.35 5
165.45 5
165.55 5
165.65 5
165.75 5
165.85 5
165.95 5
166.05 5
166.15 5
166.25 5
166.35 5
166.45 5
166.55 5
166.65 5
166.75 5
166.85 5
166.95 5
167.05 5
167.15 5
167.25 5
167.35 5
167.45 5
167.55 5
167.65 5
167.75 5
167.85 5
167.95 5
168.05 5
168.15 5
168.25 5
168.35 5
168.45 5
168.55 5
168.65 5
168.75 5
168.85 5
168.95 5
169.05 5
169.15 5
169.25 5
169.35 5
169.45 5
169.55 5
169.65 5
169.75 5
169.85 5
169.95 5
170.05 5
170.15 5
170.25 5
170.35 5
170.45 5
170.55 5
170.65 5
170.75 5
170.85 5
170.95 5
171.05 5
171.15 5
171.25 5
171.35 5
171.45 5
171.55 5
171.65 5
171.75 5
171.85 5
171.95 5
172.05 5
172.15 5
172.25 5
172.35 5
172.45 5
172.55 5
172.65 5
172.75 5
172.85 5
172.95 5
173.05 5
173.15 5
173.25 5
173.35 5
173.45 5
173.55 5
173.65 5
173.75 5
173.85 5
173.95 5
174.05 5
174.15 5
174.25 5
174.35 5
174.45 5
174.55 5
174.65 5
174.75 5
174.85 5
174.95 5
175.05 5
175.15 5
175.25 5
175.35 5
175.45 5
175.55 5
175.65 5
175.75 5
175.85 5
175.95 5
176.05 5
176.15 5
176.25 5
176.35 5
176.45 5
176.55 5
176.65 5
176.75 5
176.85 5
176.95 5
177.05 5
177.15 5
177.25 5
177.35 5
177.45 5
177.55 5
177.65 5
177.75 5
177.85 5
177.95 5
178.05 5
178.15 5
178.25 5
178.35 5
178.45 5
178.55 5
178.65 5
178.75 5
178.85 5
178.95 5
179.05 5
179.15 5
179.25 5
179.35 5
179.45 5
179.55 5
179.65 5
179.75 5
179.85 5
179.95 5
180.05 5
180.15 5
180.25 5
180.35 5
180.45 5
180.55 5
180.65 5
180.75 5
180.85 5
180.95 5
181.05 5
181.15 5
181.25 5
181.35 5
181.45 5
181.55 5
181.65 5
181.75 5
181.85 5
181.95 5
182.05 5
182.15 5
182.25 5
182.35 5
182.45 5
182.55 5
182.65 5
182.75 5
182.85 5
182.95 5
183.05 5
183.15 5
183.25 5
183.35 5
183.45 5
183.55 5
183.65 5
183.75 5
183.85 5
183.95 5
184.05 5
184.15 5
184.25 5
184.35 5
184.45 5
184.55 5
184.65 5
184.75 5
184.85 5
184.95 5
185.05 5
185.15 5
185.25 5
185.35 5
185.45 5
185.55 5
185.65 5
185.75 5
185.85 5
185.95 5
186.05 5
186.15 5
186.25 5
186.35 5
186.45 5
186.55 5
186.65 5
186.75 5
186.85 5
186.95 5
187.05 5
187.15 5
187.25 5
187.35 5
187.45 5
187.55 5
187.65 5
187.75 5
187.85 5
187.95 5
188.05 5
188.15 5
188.25 5
188.35 5
188.45 5
188.55 5
188.65 5
188.75 5
188.85 5
188.95 5
189.05 5
189.15 5
189.25 5
189.35 5
189.45 5
189.55 5
189.65 5
189.75 5
189.85 5
189.95 5
190.05 5
190.15 5
190.25 5
190.35 5
190.45 5
190.55 5
190.65 5
190.75 5
190.85 5
190.95 5
191.05 5
191.15 5
191.25 5
191.35 5
191.45 5
191.55 5
191.65 5
191.75 5
191.85 5
191.95 5
192.05 5
192.15 5
192.25 5
192.35 5
192.45 5
192.55 5
192.65 5
192.75 5
192.85 5
192.95 5
193.05 5
193.15 5
193.25 5
193.35 5
193.45 5
193.55 5
193.65 5
193.75 5
193.85 5
193.95 5
194.05 5
194.15 5
194.25 5
194.35 5
194.45 5
194.55 5
194.65 5
194.75 5
194.85 5
194.95 5
195.05 5
195.15 5
195.25 5
195.35 5
195.45 5
195.55 5
195.65 5
195.75 5
195.85 5
195.95 5
196.05 5
196.15 5
196.25 5
196.35 5
196.45 5
196.55 5
196.65 5
196.75 5
196.85 5
196.95 5
197.05 5
197.15 5
197.25 5
197.35 5
197.45 5
197.55 5
197.65 5
197.75 5
197.85 5
197.95 5
198.05 5
198.15 5
198.25 5
198.35 5
198.45 5
198.55 5
198.65 5
198.75 5
198.85 5
198.95 5
199.05 5
199.15 5
199.25 5
199.35 5
199.45 5
199.55 5
199.65 5
199.75 5
199.85 5
199.95 5
200.05 5
200.15 5
200.25 5
200.35 5
200.45 5
200.55 5
200.65 5
200.75 5
200.85 5
200.95 5
201.05 5
201.15 5
201.25 5
201.35 5
201.45 5
201.55 5
201.65 5
201.75 5
201.85 5
201.95 5
202.05 5
202.15 5
202.25 5
202.35 5
202.45 5
202.55 5
202.65 5
202.75 5
202.85 5
202.95 5
203.05 5
203.15 5
203.25 5
203.35 5
203.45 5
203.55 5
203.65 5
203.75 5
203.85 5
203.95 5
204.05 5
204.15 5
204.25 5
204.35 5
204.45 5
204.55 5
204.65 5
204.75 5
204.85 5
204.95 5
205.05 5
205.15 5
205.25 5
205.35 5
205.45 5
205.55 5
205.65 5
205.75 5
205.85 5
205.95 5
206.05 5
206.15 5
206.25 5
206.35 5
206.45 5
206.55 5
206.65 5
206.75 5
206.85 5
206.95 5
207.05 5
207.15 5
207.25 5
207.35 5
207.45 5
207.55 5
207.65 5
207.75 5
207.85 5
207.95 5
208.05 5
208.15 5
208.25 5
208.35 5
208.45 5
208.55 5
208.65 5
208.75 5
208.85 5
208.95 5
209.05 5
209.15 5
209.25 5
209.35 5
209.45 5
209.55 5
209.65 5
209.75 5
209.85 5
209.95 5
210.05 5
210.15 5
210.25 5
210.35 5
210.45 5
210.55 5
210.65 5
210.75 5
210.85 5
210.95 5
211.05 5
211.15 5
211.25 5
211.35 5
211.45 5
211.55 5
211.65 5
211.75 5
211.85 5
211.95 5
212.05 5
212.15 5
212.25 5
212.35 5
212.45 5
212.55 5
212.65 5
212.75 5
212.85 5
212.95 5
213.05 5
213.15 5
213.25 5
213.35 5
213.45 5
213.55 5
213.65 5
213.75 5
213.85 5
213.95 5
214.05 5
214.15 5
214.25 5
214.35 5
214.45 5
214.55 5
214.65 5
214.75 5
214.85 5
214.95 5
215.05 5
215.15 5
215.25 5
215.35 5
215.45 5
215.55 5
215.65 5
215.75 5
215.85 5
215.95 5
216.05 5
216.15 5
216.25 5
216.35 5
216.45 5
216.55 5
216.65 5
216.75 5
216.85 5
216.95 5
217.05 5
217.15 5
217.25 5
217.35 5
217.45 5
217.55 5
217.65 5
217.75 5
217.85 5
217.95 5
218.05 5
218.15 5
218.25 5
218.35 5
218.45 5
218.55 5
218.65 5
218.75 5
218.85 5
218.95 5
219.05 5
219.15 5
219.25 5
219.35 5
219.45 5
219.55 5
219.65 5
219.75 5
219.85 5
219.95 5
220.05 5
220.15 5
220.25 5
220.35 5
220.45 5
220.55 5
220.65 5
220.75 5
220.85 5
220.95 5
221.05 5
221.15 5
221.25 5
221.35 5
221.45 5
221.55 5
221.65 5
221.75 5
221.85 5
221.95 5
222.05 5
222.15 5
222.25 5
222.35 5
222.45 5
222.55 5
222.65 5
222.75 5
222.85 5
222.95 5
223.05 5
223.15 5
223.25 5
223.35 5
223.45 5
223.55 5
223.65 5
223.75 5
223.85 5
223.95 5
224.05 5
224.15 5
224.25 5
224.35 5
224.45 5
224.55 5
224.65 5
224.75 5
224.85 5
224.95 5
225.05 5
225.15 5
225.25 5
225.35 5
225.45 5
225.55 5
225.65 5
225.75 5
225.85 5
225.95 5
226.05 5
226.15 5
226.25 5
226.35 5
226.45 5
226.55 5
226.65 5
226.75 5
226.85 5
226.95 5
227.05 5
227.15 5
227.25 5
227.35 5
227.45 5
227.55 5
227.65 5
227.75 5
227.85 5
227.95 5
228.05 5
228.15 5
228.25 5
228.35 5
228.45 5
228.55 5
228.65 5
228.75 5
228.85 5
228.95 5
229.05 5
229.15 5
229.25 5
229.35 5
229.45 5
229.55 5
229.65 5
229.75 5
229.85 5
229.95 5
230.05 5
230.15 5
230.25 5
230.35 5
230.45 5
230.55 5
230.65 5
230.75 5
230.85 5
230.95 5
231.05 5
231.15 5
231.25 5
231.35 5
231.45 5
231.55 5
231.65 5
231.75 5
231.85 5
231.95 5
232.05 5
232.15 5
232.25 5
232.35 5
232.45 5
232.55 5
232.65 5
232.75 5
232.85 5
232.95 5
233.05 5
233.15 5
233.25 5
233.35 5
233.45 5
233.55 5
233.65 5
233.75 5
233.85 5
233.95 5
234.05 5
234.15 5
234.25 5
234.35 5
234.45 5
234.55 5
234.65 5
234.75 5
234.85 5
234.95 5
235.05 5
235.15 5
235.25 5
235.35 5
235.45 5
235.55 5
235.65 5
235.75 5
235.85 5
235.95 5
236.05 5
236.15 5
236.25 5
236.35 5
236.45 5
236.55 5
236.65 5
236.75 5
236.85 5
236.95 5
237.05 5
237.15 5
237.25 5
237.35 5
237.45 5
237.55 5
237.65 5
237.75 5
237.85 5
237.95 5
238.05 5
238.15 5
238.25 5
238.35 5
238.45 5
238.55 5
238.65 5
238.75 5
238.85 5
238.95 5
239.05 5
239.15 5
239.25 5
239.35 5
239.45 5
239.55 5
239.65 5
239.75 5
239.85 5
239.95 5
240.05 5
240.15 5
240.25 5
240.35 5
240.45 5
240.55 5
240.65 5
240.75 5
240.85 5
240.95 5
241.05 5
241.15 5
241.25 5
241.35 5
241.45 5
241.55 5
241.65 5
241.75 5
241.85 5
241.95 5
242.05 5
242.15 5
242.25 5
242.35 5
242.45 5
242.55 5
242.65 5
242.75 5
242.85 5
242.95 5
243.05 5
243.15 5
243.25 5
243.35 5
243.45 5
243.55 5
243.65 5
243.75 5
243.85 5
243.95 5
244.05 5
244.15 5
244.25 5
244.35 5
244.45 5
244.55 5
244.65 5
244.75 5
244.85 5
244.95 5
245.05 5
245.15 5
245.25 5
245.35 5
245.45 5
245.55 5
245.65 5
245.75 5
245.85 5
245.95 5
246.05 5
246.15 5
246.25 5
246.35 5
246.45 5
246.55 5
246.65 5
246.75 5
246.85 5
246.95 5
247.05 5
247.15 5
247.25 5
247.35 5
247.45 5
247.55 5
247.65 5
247.75 5
247.85 5
247.95 5
248.05 5
248.15 5
248.25 5
248.35 5
248.45 5
248.55 5
248.65 5
248.75 5
248.85 5
248.95 5
249.05 5
249.15 5
249.25 5
249.35 5
249.45 5
249.55 5
249.65 5
249.75 5
249.85 5
249.95 5
250.05 5
250.15 5
250.25 5
250.35 5
250.45 5
250.55 5
250.65 5
250.75 5
250.85 5
250.95 5
251.05 5
251.15 5
251.25 5
251.35 5
251.45 5
251.55 5
251.65 5
251.75 5
251.85 5
251.95 5
252.05 5
252.15 5
252.25 5
252.35 5
252.45 5
252.55 5
252.65 5
252.75 5
252.85 5
252.95 5
253.05 5
253.15 5
253.25 5
253.35 5
253.45 5
253.55 5
253.65 5
253.75 5
253.85 5
253.95 5
254.05 5
254.15 5
254.25 5
254.35 5
254.45 5
254.55 5
254.65 5
254.75 5
254.85 5
254.95 5
255.05 5
255.15 5
255.25 5
255.35 5
255.45 5
255.55 5
255.65 5
255.75 5
255.85 5
255.95 5
256.05 5
256.15 5
256.25 5
256.35 5
256.45 5
256.55 5
256.65 5
256.75 5
256.85 5
256.95 5
257.05 5
257.15 5
257.25 5
257.35 5
257.45 5
257.55 5
257.65 5
257.75 5
257.85 5
257.95 5
258.05 5
258.15 5
258.25 5
258.35 5
258.45 5
258.55 5
258.65 5
258.75 5
258.85 5
258.95 5
259.05 5
259.15 5
259.25 5
259.35 5
259.45 5
259.55 5
259.65 5
259.75 5
259.85 5
259.95 5
260.05 5
260.15 5
260.25 5
260.35 5
260.45 5
260.55 5
260.65 5
260.75 5
260.85 5
260.95 5
261.05 5
261.15 5
261.25 5
261.35 5
261.45 5
261.55 5
261.65 5
261.75 5
261.85 5
261.95 5
262.05 5
262.15 5
262.25 5
262.35 5
262.45 5
262.55 5
262.65 5
262.75 5
262.85 5
262.95 5
263.05 5
263.15 5
263.25 5
263.35 5
263.45 5
263.55 5
263.65 5
263.75 5
263.85 5
263.95 5
264.05 5
264.15 5
264.25 5
264.35 5
264.45 5
264.55 5
264.65 5
264.75 5
264.85 5
264.95 5
265.05 5
265.15 5
265.25 5
265.35 5
265.45 5
265.55 5
265.65 5
265.75 5
265.85 5
265.95 5
266.05 5
266.15 5
266.25 5
266.35 5
266.45 5
266.55 5
266.65 5
266.75 5
266.85 5
266.95 5
267.05 5
267.15 5
267.25 5
267.35 5
267.45 5
267.55 5
267.65 5
267.75 5
267.85 5
267.95 5
268.05 5
268.15 5
268.25 5
268.35 5
268.45 5
268.55 5
268.65 5
268.75 5
268.85 5
268.95 5
269.05 5
269.15 5
269.25 5
269.35 5
269.45 5
269.55 5
269.65 5
269.75 5
269.85 5
269.95 5
270.05 5
270.15 5
270.25 5
270.35 5
270.45 5
270.55 5
270.65 5
270.75 5
270.85 5
270.95 5
271.05 5
271.15 5
271.25 5
271.35 5
271.45 5
271.55 5
271.65 5
271.75 5
271.85 5
271.95 5
272.05 5
272.15 5
272.25 5
272.35 5
272.45 5
272.55 5
272.65 5
272.75 5
272.85 5
272.95 5
273.05 5
273.15 5
273.25 5
273.35 5
273.45 5
273.55 5
273.65 5
273.75 5
273.85 5
273.95 5
274.05 5
274.15 5
274.25 5
274.35 5
274.45 5
274.55 5
274.65 5
274.75 5
274.85 5
274.95 5
275.05 5
275.15 5
275.25 5
275.35 5
275.45 5
275.55 5
275.65 5
275.75 5
275.85 5
275.95 5
276.05 5
276.15 5
276.25 5
276.35 5
276.45 5
276.55 5
276.65 5
276.75 5
276.85 5
276.95 5
277.05 5
277.15 5
277.25 5
277.35 5
277.45 5
277.55 5
277.65 5
277.75 5
277.85 5
277.95 5
278.05 5
278.15 5
278.25 5
278.35 5
278.45 5
278.55 5
278.65 5
278.75 5
278.85 5
278.95 5
279.05 5
279.15 5
279.25 5
279.35 5
279.45 5
279.55 5
279.65 5
279.75 5
279.85 5
279.95 5
280.05 5
280.15 5
280.25 5
280.35 5
280.45 5
280.55 5
280.65 5
280.75 5
280.85 5
280.95 5
281.05 5
281.15 5
281.25 5
281.35 5
281.45 5
281.55 5
281.65 5
281.75 5
281.85 5
281.95 5
282.05 5
282.15 5
282.25 5
282.35 5
282.45 5
282.55 5
282.65 5
282.75 5
282.85 5
282.95 5
283.05 5
283.15 5
283.25 5
283.35 5
283.45 5
283.55 5
283.65 5
283.75 5
283.85 5
283.95 5
284.05 5
284.15 5
284.25 5
284.35 5
284.45 5
284.55 5
284.65 5
284.75 5
284.85 5
284.95 5
285.05 5
285.15 5
285.25 5
285.35 5
285.45 5
285.55 5
285.65 5
285.75 5
285.85 5
285.95 5
286.05 5
286.15 5
286.25 5
286.35 5
286.45 5
286.55 5
286.65 5
286.75 5
286.85 5
286.95 5
287.05 5
287.15 5
287.25 5
287.35 5
287.45 5
287.55 5
287.65 5
287.75 5
287.85 5
287.95 5
288.05 5
288.15 5
288.25 5
288.35 5
288.45 5
288.55 5
288.65 5
288.75 5
288.85 5
288.95 5
289.05 5
289.15 5
289.25 5
289.35 5
289.45 5
289.55 5
289.65 5
289.75 5
289.85 5
289.95 5
290.05 5
290.15 5
290.25 5
290.35 5
290.45 5
290.55 5
290.65 5
290.75 5
290.85 5
290.95 5
291.05 5
291.15 5
291.25 5
291.35 5
291.45 5
291.55 5
291.65 5
291.75 5
291.85 5
291.95 5
292.05 5
292.15 5
292.25 5
292.35 5
292.45 5
292.55 5
292.65 5
292.75 5
292.85 5
292.95 5
293.05 5
293.15 5
293.25 5
293.35 5
293.45 5
293.55 5
293.65 5
293.75 5
293.85 5
293.95 5
294.05 5
294.15 5
294.25 5
294.35 5
294.45 5
294.55 5
294.65 5
294.75 5
294.85 5
294.95 5
295.05 5
295.15 5
295.25 5
295.35 5
295.45 5
295.55 5
295.65 5
295.75 5
295.85 5
295.95 5
296.05 5
296.15 5
296.25 5
296.35 5
296.45 5
296.55 5
296.65 5
296.75 5
296.85 5
296.95 5
297.05 5
297.15 5
297.25 5
297.35 5
297.45 5
297.55 5
297.65 5
297.75 5
297.85 5
297.95 5
298.05 5
298.15 5
298.25 5
298.35 5
298.45 5
298.55 5
298.65 5
298.75 5
298.85 5
298.95 5
299.05 5
299.15 5
299.25 5
299.35 5
299.45 5
299.55 5
299.65 5
299.75 5
299.85 5
299.95 5
300.05 5
300.15 5
300.25 5
300.35 5
300.45 5
300.55 5
300.65 5
300.75 5
300.85 5
300.95 5
301.05 5
301.15 5
301.25 5
301.35 5
301.45 5
301.55 5
301.65 5
301.75 5
301.85 5
301.95 5
302.05 5
302.15 5
302.25 5
302.35 5
302.45 5
302.55 5
302.65 5
302.75 5
302.85 5
302.95 5
303.05 5
303.15 5
303.25 5
303.35 5
303.45 5
303.55 5
303.65 5
303.75 5
303.85 5
303.95 5
304.05 5
304.15 5
304.25 5
304.35 5
304.45 5
304.55 5
304.65 5
304.75 5
304.85 5
304.95 5
305.05 5
305.15 5
305.25 5
305.35 5
305.45 5
305.55 5
305.65 5
305.75 5
305.85 5
305.95 5
306.05 5
306.15 5
306.25 5
306.35 5
306.45 5
306.55 5
306.65 5
306.75 5
306.85 5
306.95 5
307.05 5
307.15 5
307.25 5
307.35 5
307.45 5
307.55 5
307.65 5
307.75 5
307.85 5
307.95 5
308.05 5
308.15 5
308.25 5
308.35 5
308.45 5
308.55 5
308.65 5
308.75 5
308.85 5
308.95 5
309.05 5
309.15 5
309.25 5
309.35 5
309.45 5
309.55 5
309.65 5
309.75 5
309.85 5
309.95 5
310.05 5
310.15 5
310.25 5
310.35 5
310.45 5
310.55 5
310.65 5
310.75 5
310.85 5
310.95 5
311.05 5
311.15 5
311.25 5
311.35 5
311.45 5
311.55 5
311.65 5
311.75 5
311.85 5
311.95 5
312.05 5
312.15 5
312.25 5
312.35 5
312.45 5
312.55 5
312.65 5
312.75 5
312.85 5
312.95 5
313.05 5
313.15 5
313.25 5
313.35 5
313.45 5
313.55 5
313.65 5
313.75 5
313.85 5
313.95 5
314.05 5
314.15 5
314.25 5
314.35 5
314.45 5
314.55 5
314.65 5
314.75 5
314.85 5
314.95 5
315.05 5
315.15 5
315.25 5
315.35 5
315.45 5
315.55 5
315.65 5
315.75 5
315.85 5
315.95 5
316.05 5
316.15 5
316.25 5
316.35 5
316.45 5
316.55 5
316.65 5
316.75 5
316.85 5
316.95 5
317.05 5
317.15 5
317.25 5
317.35 5
317.45 5
317.55 5
317.65 5
317.75 5
317.85 5
317.95 5
318.05 5
318.15 5
318.25 5
318.35 5
318.45 5
318.55 5
318.65 5
318.75 5
318.85 5
318.95 5
319.05 5
319.15 5
319.25 5
319.35 5
319.45 5
319.55 5
319.65 5
319.75 5
319.85 5
319.95 5
320.05 5
320.15 5
320.25 5
320.35 5
320.45 5
320.55 5
320.65 5
320.75 5
320.85 5
320.95 5
321.05 5
321.15 5
321.25 5
321.35 5
321.45 5
321.55 5
321.65 5
321.75 5
321.85 5
321.95 5
322.05 5
322.15 5
322.25 5
322.35 5
322.45 5
322.55 5
322.65 5
322.75 5
322.85 5
322.95 5
323.05 5
323.15 5
323.25 5
323.35 5
323.45 5
323.55 5
323.65 5
323.75 5
323.85 5
323.95 5
324.05 5
324.15 5
324.25 5
324.35 5
324.45 5
324.55 5
324.65 5
324.75 5
324.85 5
324.95 5
325.05 5
325.15 5
325.25 5
325.35 5
325.45 5
325.55 5
325.65 5
325.75 5
325.85 5
325.95 5
326.05 5
326.15 5
326.25 5
326.35 5
326.45 5
326.55 5
326.65 5
326.75 5
326.85 5
326.95 5
327.05 5
327.15 5
327.25 5
327.35 5
327.45 5
327.55 5
327.65 5
327.75 5
327.85 5
327.95 5
328.05 5
328.15 5
328.25 5
328.35 5
328.45 5
328.55 5
328.65 5
328.75 5
328.85 5
328.95 5
329.05 5
329.15 5
329.25 5
329.35 5
329.45 5
329.55 5
329.65 5
329.75 5
329.85 5
329.95 5
330.05 5
330.15 5
330.25 5
330.35 5
330.45 5
330.55 5
330.65 5
330.75 5
330.85 5
330.95 5
331.05 5
331.15 5
331.25 5
331.35 5
331.45 5
331.55 5
331.65 5
331.75 5
331.85 5
331.95 5
332.05 5
332.15 5
332.25 5
332.35 5
332.45 5
332.55 5
332.65 5
332.75 5
332.85 5
332.95 5
333.05 5
333.15 5
333.25 5
333.35 5
333.45 5
333.55 5
333.65 5
333.75 5
333.85 5
333.95 5
334.05 5
334.15 5
334.25 5
334.35 5
334.45 5
334.55 5
334.65 5
334.75 5
334.85 5
334.95 5
335.05 5
335.15 5
335.25 5
335.35 5
335.45 5
335.55001 5
335.65001 5
335.75001 5
335.85001 5
335.95001 5
336.05001 5
336.15001 5
336.25001 5
336.35001 5
336.45001 5
336.55001 5
336.65001 5
336.75001 5
336.85001 5
336.95001 5
337.05001 5
337.15001 5
337.25001 5
337.35001 5
337.45001 5
337.55001 5
337.65001 5
337.75001 5
337.85001 5
337.95001 5
338.05001 5
338.15001 5
338.25001 5
338.35001 5
338.45001 5
338.55001 5
338.65001 5
338.75001 5
338.85001 5
338.95001 5
339.05001 5
339.15001 5
339.25001 5
339.35001 5
339.45001 5
339.55001 5
339.65001 5
339.75001 5
339.85001 5
339.95001 5
340.05001 5
340.15001 5
340.25001 5
340.35001 5
340.45001 5
340.55001 5
340.65001 5
340.75001 5
340.85001 5
340.95001 5
341.05001 5
341.15001 5
341.25001 5
341.35001 5
341.45001 5
341.55001 5
341.65001 5
341.75001 5
341.85001 5
341.95001 5
342.05001 5
342.15001 5
342.25001 5
342.35001 5
342.45001 5
342.55001 5
342.65001 5
342.75001 5
342.85001 5
342.95001 5
343.05001 5
343.15001 5
343.25001 5
343.35001 5
343.45001 5
343.55001 5
343.65001 5
343.75001 5
343.85001 5
343.95001 5
344.05001 5
344.15001 5
344.25001 5
344.35001 5
344.45001 5
344.55001 5
344.65001 5
344.75001 5
344.85001 5
344.95001 5
345.05001 5
345.15001 5
345.25001 5
345.35001 5
345.45001 5
345.55001 5
345.65001 5
345.75001 5
345.85001 5
345.95001 5
346.05001 5
346.15001 5
346.25001 5
346.35001 5
346.45001 5
346.55001 5
346.65001 5
346.75001 5
346.85001 5
346.95001 5
347.05001 5
347.15001 5
347.25001 5
347.35001 5
347.45001 5
347.55001 5
347.65001 5
347.75001 5
347.85001 5
347.95001 5
348.05001 5
348.15001 5
348.25001 5
348.35001 5
348.45001 5
348.55001 5
348.65001 5
348.75001 5
348.85001 5
348.95001 5
349.05001 5
349.15001 5
349.25001 5
349.35001 5
349.45001 5
349.55001 5
349.65001 5
349.75001 5
349.85001 5
349.95001 5
350.05001 5
350.15001 5
350.25001 5
350.35001 5
350.45001 5
350.55001 5
350.65001 5
350.75001 5
350.85001 5
350.95001 5
351.05001 5
351.15001 5
351.25001 5
351.35001 5
351.45001 5
351.55001 5
351.65001 5
351.75001 5
351.85001 5
351.95001 5
352.05001 5
352.15001 5
352.25001 5
352.35001 5
352.45001 5
352.55001 5
352.65001 5
352.75001 5
352.85001 5
352.95001 5
353.05001 5
353.15001 5
353.25001 5
353.35001 5
353.45001 5
353.55001 5
353.65001 5
353.75001 5
353.85001 5
353.95001 5
354.05001 5
354.15001 5
354.25001 5
354.35001 5
354.45001 5
354.55001 5
354.65001 5
354.75001 5
354.85001 5
354.95001 5
355.05001 5
355.15001 5
355.25001 5
355.35001 5
355.45001 5
355.55001 5
355.65001 5
355.75001 5
355.85001 5
355.95001 5
356.05001 5
356.15001 5
356.25001 5
356.35001 5
356.45001 5
356.55001 5
356.65001 5
356.75001 5
356.85001 5
356.95001 5
357.05001 5
357.15001 5
357.25001 5
357.35001 5
357.45001 5
357.55001 5
357.65001 5
357.75001 5
357.85001 5
357.95001 5
358.05001 5
358.15001 5
358.25001 5
358.35001 5
358.45001 5
358.55001 5
358.65001 5
358.75001 5
358.85001 5
358.95001 5
359.05001 5
359.15001 5
359.25001 5
359.35001 5
359.45001 5
359.55001 5
359.65001 5
359.75001 5
359.85001 5
359.95001 5
360.05001 5
360.15001 5
360.25001 5
360.35001 5
360.45001 5
360.55001 5
360.65001 5
360.75001 5
360.85001 5
360.95001 5
361.05001 5
361.15001 5
361.25001 5
361.35001 5
361.45001 5
361.55001 5
361.65001 5
361.75001 5
361.85001 5
361.95001 5
362.05001 5
362.15001 5
362.25001 5
362.35001 5
362.45001 5
362.55001 5
362.65001 5
362.75001 5
362.85001 5
362.95001 5
363.05001 5
363.15001 5
363.25001 5
363.35001 5
363.45001 5
363.55001 5
363.65001 5
363.75001 5
363.85001 5
363.95001 5
364.05001 5
364.15001 5
364.25001 5
364.35001 5
364.45001 5
364.55001 5
364.65001 5
364.75001 5
364.85001 5
364.95001 5
365.05001 5
365.15001 5
365.25001 5
365.35001 5
365.45001 5
365.55001 5
365.65001 5
365.75001 5
365.85001 5
365.95001 5
366.05001 5
366.15001 5
366.25001 5
366.35001 5
366.45001 5
366.55001 5
366.65001 5
366.75001 5
366.85001 5
366.95001 5
367.05001 5
367.15001 5
367.25001 5
367.35001 5
367.45001 5
367.55001 5
367.65001 5
367.75001 5
367.85001 5
367.95001 5
368.05001 5
368.15001 5
368.25001 5
368.35001 5
368.45001 5
368.55001 5
368.65001 5
368.75001 5
368.85001 5
368.95001 5
369.05001 5
369.15001 5
369.25001 5
369.35001 5
369.45001 5
369.55001 5
369.65001 5
369.75001 5
369.85001 5
369.95001 5
370.05001 5
370.15001 5
370.25001 5
370.35001 5
370.45001 5
370.55001 5
370.65001 5
370.75001 5
370.85001 5
370.95001 5
371.05001 5
371.15001 5
371.25001 5
371.35001 5
371.45001 5
371.55001 5
371.65001 5
371.75001 5
371.85001 5
371.95001 5
372.05001 5
372.15001 5
372.25001 5
372.35001 5
372.45001 5
372.55001 5
372.65001 5
372.75001 5
372.85001 5
372.95001 5
373.05001 5
373.15001 5
373.25001 5
373.35001 5
373.45001 5
373.55001 5
373.65001 5
373.75001 5
373.85001 5
373.95001 5
374.05001 5
374.15001 5
374.25001 5
374.35001 5
374.45001 5
374.55001 5
374.65001 5
374.75001 5
374.85001 5
374.95001 5
375.05001 5
375.15001 5
375.25001 5
375.35001 5
375.45001 5
375.55001 5
375.65001 5
375.75001 5
375.85001 5
375.95001 5
376.05001 5
376.15001 5
376.25001 5
376.35001 5
376.45001 5
376.55001 5
376.65001 5
376.75001 5
376.85001 5
376.95001 5
377.05001 5
377.15001 5
377.25001 5
377.35001 5
377.45001 5
377.55001 5
377.65001 5
377.75001 5
377.85001 5
377.95001 5
378.05001 5
378.15001 5
378.25001 5
378.35001 5
378.45001 5
378.55001 5
378.65001 5
378.75001 5
378.85001 5
378.95001 5
379.05001 5
379.15001 5
379.25001 5
379.35001 5
379.45001 5
379.55001 5
379.65001 5
379.75001 5
379.85001 5
379.95001 5
380.05001 5
380.15001 5
380.25001 5
380.35001 5
380.45001 5
380.55001 5
380.65001 5
380.75001 5
380.85001 5
380.95001 5
381.05001 5
381.15001 5
381.25001 5
381.35001 5
381.45001 5
381.55001 5
381.65001 5
381.75001 5
381.85001 5
381.95001 5
382.05001 5
382.15001 5
382.25001 5
382.35001 5
382.45001 5
382.55001 5
382.65001 5
382.75001 5
382.85001 5
382.95001 5
383.05001 5
383.15001 5
383.25001 5
383.35001 5
383.45001 5
383.55001 5
383.65001 5
383.75001 5
383.85001 5
383.95001 5
384.05001 5
384.15001 5
384.25001 5
384.35001 5
384.45001 5
384.55001 5
384.65001 5
384.75001 5
384.85001 5
384.95001 5
385.05001 5
385.15001 5
385.25001 5
385.35001 5
385.45001 5
385.55001 5
385.65001 5
385.75001 5
385.85001 5
385.95001 5
386.05001 5
386.15001 5
386.25001 5
386.35001 5
386.45001 5
386.55001 5
386.65001 5
386.75001 5
386.85001 5
386.95001 5
387.05001 5
387.15001 5
387.25001 5
387.35001 5
387.45001 5
387.55001 5
387.65001 5
387.75001 5
387.85001 5
387.95001 5
388.05001 5
388.15001 5
388.25001 5
388.35001 5
388.45001 5
388.55001 5
388.65001 5
388.75001 5
388.85001 5
388.95001 5
389.05001 5
389.15001 5
389.25001 5
389.35001 5
389.45001 5
389.55001 5
389.65001 5
389.75001 5
389.85001 5
389.95001 5
390.05001 5
390.15001 5
390.25001 5
390.35001 5
390.45001 5
390.55001 5
390.65001 5
390.75001 5
390.85001 5
390.95001 5
391.05001 5
391.15001 5
391.25001 5
391.35001 5
391.45001 5
391.55001 5
391.65001 5
391.75001 5
391.85001 5
391.95001 5
392.05001 5
392.15001 5
392.25001 5
392.35001 5
392.45001 5
392.55001 5
392.65001 5
392.75001 5
392.85001 5
392.95001 5
393.05001 5
393.15001 5
393.25001 5
393.35001 5
393.45001 5
393.55001 5
393.65001 5
393.75001 5
393.85001 5
393.95001 5
394.05001 5
394.15001 5
394.25001 5
394.35001 5
394.45001 5
394.55001 5
394.65001 5
394.75001 5
394.85001 5
394.95001 5
395.05001 5
395.15001 5
395.25001 5
395.35001 5
395.45001 5
395.55001 5
395.65001 5
395.75001 5
395.85001 5
395.95001 5
396.05001 5
396.15001 5
396.25001 5
396.35001 5
396.45001 5
396.55001 5
396.65001 5
396.75001 5
396.85001 5
396.95001 5
397.05001 5
397.15001 5
397.25001 5
397.35001 5
397.45001 5
397.55001 5
397.65001 5
397.75001 5
397.85001 5
397.95001 5
398.05001 5
398.15001 5
398.25001 5
398.35001 5
398.45001 5
398.55001 5
398.65001 5
398.75001 5
398.85001 5
398.95001 5
399.05001 5
399.15001 5
399.25001 5
399.35001 5
399.45001 5
399.55001 5
399.65001 5
399.75001 5
399.85001 5
399.95001 5
400.05001 5
400.15001 5
400.25001 5
400.35001 5
400.45001 5
400.55001 5
400.65001 5
400.75001 5
400.85001 5
400.95001 5
401.05001 5
401.15001 5
401.25001 5
401.35001 5
401.45001 5
401.55001 5
401.65001 5
401.75001 5
401.85001 5
401.95001 5
402.05001 5
402.15001 5
402.25001 5
402.35001 5
402.45001 5
402.55001 5
402.65001 5
402.75001 5
402.85001 5
402.95001 5
403.05001 5
403.15001 5
403.25001 5
403.35001 5
403.45001 5
403.55001 5
403.65001 5
403.75001 5
403.85001 5
403.95001 5
404.05001 5
404.15001 5
404.25001 5
404.35001 5
404.45001 5
404.55001 5
404.65001 5
404.75001 5
404.85001 5
404.95001 5
405.05001 5
405.15001 5
405.25001 5
405.35001 5
405.45001 5
405.55001 5
405.65001 5
405.75001 5
405.85001 5
405.95001 5
406.05001 5
406.15001 5
406.25001 5
406.35001 5
406.45001 5
406.55001 5
406.65001 5
406.75001 5
406.85001 5
406.95001 5
407.05001 5
407.15001 5
407.25001 5
407.35001 5
407.45001 5
407.55001 5
407.65001 5
407.75001 5
407.85001 5
407.95001 5
408.05001 5
408.15001 5
408.25001 5
408.35001 5
408.45001 5
408.55001 5
408.65001 5
408.75001 5
408.85001 5
408.95001 5
409.05001 5
409.15001 5
409.25001 5
409.35001 5
409.45001 5
409.55001 5
409.65001 5
409.75001 5
409.85001 5
409.95001 5
410.05001 5
410.15001 5
410.25001 5
410.35001 5
410.45001 5
410.55001 5
410.65001 5
410.75001 5
410.85001 5
410.95001 5
411.05001 5
411.15001 5
411.25001 5
411.35001 5
411.45001 5
411.55001 5
411.65001 5
411.75001 5
411.85001 5
411.95001 5
412.05001 5
412.15001 5
412.25001 5
412.35001 5
412.45001 5
412.55001 5
412.65001 5
412.75001 5
412.85001 5
412.95001 5
413.05001 5
413.15001 5
413.25001 5
413.35001 5
413.45001 5
413.55001 5
413.65001 5
413.75001 5
413.85001 5
413.95001 5
414.05001 5
414.15001 5
414.25001 5
414.35001 5
414.45001 5
414.55001 5
414.65001 5
414.75001 5
414.85001 5
414.95001 5
415.05001 5
415.15001 5
415.25001 5
415.35001 5
415.45001 5
415.55001 5
415.65001 5
415.75001 5
415.85001 5
415.95001 5
416.05001 5
416.15001 5
416.25001 5
416.35001 5
416.45001 5
416.55001 5
416.65001 5
416.75001 5
416.85001 5
416.95001 5
417.05001 5
417.15001 5
417.25001 5
417.35001 5
417.45001 5
417.55001 5
417.65001 5
417.75001 5
417.85001 5
417.95001 5
418.05001 5
418.15001 5
418.25001 5
418.35001 5
418.45001 5
418.55001 5
418.65001 5
418.75001 5
418.85001 5
418.95001 5
419.05001 5
419.15001 5
419.25001 5
419.35001 5
419.45001 5
419.55001 5
419.65001 5
419.75001 5
419.85001 5
419.95001 5
420.05001 5
420.15001 5
420.25001 5
420.35001 5
420.45001 5
420.55001 5
420.65001 5
420.75001 5
420.85001 5
420.95001 5
421.05001 5
421.15001 5
421.25001 5
421.35001 5
421.45001 5
421.55001 5
421.65001 5
421.75001 5
421.85001 5
421.95001 5
422.05001 5
422.15001 5
422.25001 5
422.35001 5
422.45001 5
422.55001 5
422.65001 5
422.75001 5
422.85001 5
422.95001 5
423.05001 5
423.15001 5
423.25001 5
423.35001 5
423.45001 5
423.55001 5
423.65001 5
423.75001 5
423.85001 5
423.95001 5
424.05001 5
424.15001 5
424.25001 5
424.35001 5
424.45001 5
424.55001 5
424.65001 5
424.75001 5
424.85001 5
424.95001 5
425.05001 5
425.15001 5
425.25001 5
425.35001 5
425.45001 5
425.55001 5
425.65001 5
425.75001 5
425.85001 5
425.95001 5
426.05001 5
426.15001 5
426.25001 5
426.35001 5
426.45001 5
426.55001 5
426.65001 5
426.75001 5
426.85001 5
426.95001 5
427.05001 5
427.15001 5
427.25001 5
427.35001 5
427.45001 5
427.55001 5
427.65001 5
427.75001 5
427.85001 5
427.95001 5
428.05001 5
428.15001 5
428.25001 5
428.35001 5
428.45001 5
428.55001 5
428.65001 5
428.75001 5
428.85001 5
428.95001 5
429.05001 5
429.15001 5
429.25001 5
429.35001 5
429.45001 5
429.55001 5
429.65001 5
429.75001 5
429.85001 5
429.95001 5
430.05001 5
430.15001 5
430.25001 5
430.35001 5
430.45001 5
430.55001 5
430.65001 5
430.75001 5
430.85001 5
430.95001 5
431.05001 5
431.15001 5
431.25001 5
431.35001 5
431.45001 5
431.55001 5
431.65001 5
431.75001 5
431.85001 5
431.95001 5
432.05001 5
432.15001 5
432.25001 5
432.35001 5
432.45001 5
432.55001 5
432.65001 5
432.75001 5
432.85001 5
432.95001 5
433.05001 5
433.15001 5
433.25001 5
433.35001 5
433.45001 5
433.55001 5
433.65001 5
433.75001 5
433.85001 5
433.95001 5
434.05001 5
434.15001 5
434.25001 5
434.35001 5
434.45001 5
434.55001 5
434.65001 5
434.75001 5
434.85001 5
434.95001 5
435.05001 5
435.15001 5
435.25001 5
435.35001 5
435.45001 5
435.55001 5
435.65001 5
435.75001 5
435.85001 5
435.95001 5
436.05001 5
436.15001 5
436.25001 5
436.35001 5
436.45001 5
436.55001 5
436.65001 5
436.75001 5
436.85001 5
436.95001 5
437.05001 5
437.15001 5
437.25001 5
437.35001 5
437.45001 5
437.55001 5
437.65001 5
437.75001 5
437.85001 5
437.95001 5
438.05001 5
438.15001 5
438.25001 5
438.35001 5
438.45001 5
438.55001 5
438.65001 5
438.75001 5
438.85001 5
438.95001 5
439.05001 5
439.15001 5
439.25001 5
439.35001 5
439.45001 5
439.55001 5
439.65001 5
439.75001 5
439.85001 5
439.95001 5
440.05001 5
440.15001 5
440.25001 5
440.35001 5
440.45001 5
440.55001 5
440.65001 5
440.75001 5
440.85001 5
440.95001 5
441.05001 5
441.15001 5
441.25001 5
441.35001 5
441.45001 5
441.55001 5
441.65001 5
441.75001 5
441.85001 5
441.95001 5
442.05001 5
442.15001 5
442.25001 5
442.35001 5
442.45001 5
442.55001 5
442.65001 5
442.75001 5
442.85001 5
442.95001 5
443.05001 5
443.15001 5
443.25001 5
443.35001 5
443.45001 5
443.55001 5
443.65001 5
443.75001 5
443.85001 5
443.95001 5
444.05001 5
444.15001 5
444.25001 5
444.35001 5
444.45001 5
444.55001 5
444.65001 5
444.75001 5
444.85001 5
444.95001 5
445.05001 5
445.15001 5
445.25001 5
445.35001 5
445.45001 5
445.55001 5
445.65001 5
445.75001 5
445.85001 5
445.95001 5
446.05001 5
446.15001 5
446.25001 5
446.35001 5
446.45001 5
446.55001 5
446.65001 5
446.75001 5
446.85001 5
446.95001 5
447.05001 5
447.15001 5
447.25001 5
447.35001 5
447.45001 5
447.55001 5
447.65001 5
447.75001 5
447.85001 5
447.95001 5
448.05001 5
448.15001 5
448.25001 5
448.35001 5
448.45001 5
448.55001 5
448.65001 5
448.75001 5
448.85001 5
448.95001 5
449.05001 5
449.15001 5
449.25001 5
449.35001 5
449.45001 5
449.55001 5
449.65001 5
449.75001 5
449.85001 5
449.95001 5
450.05001 5
450.15001 5
450.25001 5
450.35001 5
450.45001 5
450.55001 5
450.65001 5
450.75001 5
450.85001 5
450.95001 5
451.05001 5
451.15001 5
451.25001 5
451.35001 5
451.45001 5
451.55001 5
451.65001 5
451.75001 5
451.85001 5
451.95001 5
452.05001 5
452.15001 5
452.25001 5
452.35001 5
452.45001 5
452.55001 5
452.65001 5
452.75001 5
452.85001 5
452.95001 5
453.05001 5
453.15001 5
453.25001 5
453.35001 5
453.45001 5
453.55001 5
453.65001 5
453.75001 5
453.85001 5
453.95001 5
454.05001 5
454.15001 5
454.25001 5
454.35001 5
454.45001 5
454.55001 5
454.65001 5
454.75001 5
454.85001 5
454.95001 5
455.05001 5
455.15001 5
455.25001 5
455.35001 5
455.45001 5
455.55001 5
455.65001 5
455.75001 5
455.85001 5
455.95001 5
456.05001 5
456.15001 5
456.25001 5
456.35001 5
456.45001 5
456.55001 5
456.65001 5
456.75001 5
456.85001 5
456.95001 5
457.05001 5
457.15001 5
457.25001 5
457.35001 5
457.45001 5
457.55001 5
457.65001 5
457.75001 5
457.85001 5
457.95001 5
458.05001 5
458.15001 5
458.25001 5
458.35001 5
458.45001 5
458.55001 5
458.65001 5
458.75001 5
458.85001 5
458.95001 5
459.05001 5
459.15001 5
459.25001 5
459.35001 5
459.45001 5
459.55001 5
459.65001 5
459.75001 5
459.85001 5
459.95001 5
460.05001 5
460.15001 5
460.25001 5
460.35001 5
460.45001 5
460.55001 5
460.65001 5
460.75001 5
460.85001 5
460.95001 5
461.05001 5
461.15001 5
461.25001 5
461.35001 5
461.45001 5
461.55001 5
461.65001 5
461.75001 5
461.85001 5
461.95001 5
462.05001 5
462.15001 5
462.25001 5
462.35001 5
462.45001 5
462.55001 5
462.65001 5
462.75001 5
462.85001 5
462.95001 5
463.05001 5
463.15001 5
463.25001 5
463.35001 5
463.45001 5
463.55001 5
463.65001 5
463.75001 5
463.85001 5
463.95001 5
464.05001 5
464.15001 5
464.25001 5
464.35001 5
464.45001 5
464.55001 5
464.65001 5
464.75001 5
464.85001 5
464.95001 5
465.05001 5
465.15001 5
465.25001 5
465.35001 5
465.45001 5
465.55001 5
465.65001 5
465.75001 5
465.85001 5
465.95001 5
466.05001 5
466.15001 5
466.25001 5
466.35001 5
466.45001 5
466.55001 5
466.65001 5
466.75001 5
466.85001 5
466.95001 5
467.05001 5
467.15001 5
467.25001 5
467.35001 5
467.45001 5
467.55001 5
467.65001 5
467.75001 5
467.85001 5
467.95001 5
468.05001 5
468.15001 5
468.25001 5
468.35001 5
468.45001 5
468.55001 5
468.65001 5
468.75001 5
468.85001 5
468.95001 5
469.05001 5
469.15001 5
469.25001 5
469.35001 5
469.45001 5
469.55001 5
469.65001 5
469.75001 5
469.85001 5
469.95001 5
470.05001 5
470.15001 5
470.25001 5
470.35001 5
470.45001 5
470.55001 5
470.65001 5
470.75001 5
470.85001 5
470.95001 5
471.05001 5
471.15001 5
471.25001 5
471.35001 5
471.45001 5
471.55001 5
471.65001 5
471.75001 5
471.85001 5
471.95001 5
472.05001 5
472.15001 5
472.25001 5
472.35001 5
472.45001 5
472.55001 5
472.65001 5
472.75001 5
472.85001 5
472.95001 5
473.05001 5
473.15001 5
473.25001 5
473.35001 5
473.45001 5
473.55001 5
473.65001 5
473.75001 5
473.85001 5
473.95001 5
474.05001 5
474.15001 5
474.25001 5
474.35001 5
474.45001 5
474.55001 5
474.65001 5
474.75001 5
474.85001 5
474.95001 5
475.05001 5
475.15001 5
475.25001 5
475.35001 5
475.45001 5
475.55001 5
475.65001 5
475.75001 5
475.85001 5
475.95001 5
476.05001 5
476.15001 5
476.25001 5
476.35001 5
476.45001 5
476.55001 5
476.65001 5
476.75001 5
476.85001 5
476.95001 5
477.05001 5
477.15001 5
477.25001 5
477.35001 5
477.45001 5
477.55001 5
477.65001 5
477.75001 5
477.85001 5
477.95001 5
478.05001 5
478.15001 5
478.25001 5
478.35001 5
478.45001 5
478.55001 5
478.65001 5
478.75001 5
478.85001 5
478.95001 5
479.05001 5
479.15001 5
479.25001 5
479.35001 5
479.45001 5
479.55001 5
479.65001 5
479.75001 5
479.85001 5
479.95001 5
480.05001 5
480.15001 5
480.25001 5
480.35001 5
480.45001 5
480.55001 5
480.65001 5
480.75001 5
480.85001 5
480.95001 5
481.05001 5
481.15001 5
481.25001 5
481.35001 5
481.45001 5
481.55001 5
481.65001 5
481.75001 5
481.85001 5
481.95001 5
482.05001 5
482.15001 5
482.25001 5
482.35001 5
482.45001 5
482.55001 5
482.65001 5
482.75001 5
482.85001 5
482.95001 5
483.05001 5
483.15001 5
483.25001 5
483.35001 5
483.45001 5
483.55001 5
483.65001 5
483.75001 5
483.85001 5
483.95001 5
484.05001 5
484.15001 5
484.25001 5
484.35001 5
484.45001 5
484.55001 5
484.65001 5
484.75001 5
484.85001 5
484.95001 5
485.05001 5
485.15001 5
485.25001 5
485.35001 5
485.45001 5
485.55001 5
485.65001 5
485.75001 5
485.85001 5
485.95001 5
486.05001 5
486.15001 5
486.25001 5
486.35001 5
486.45001 5
486.55001 5
486.65001 5
486.75001 5
486.85001 5
486.95001 5
487.05001 5
487.15001 5
487.25001 5
487.35001 5
487.45001 5
487.55001 5
487.65001 5
487.75001 5
487.85001 5
487.95001 5
488.05001 5
488.15001 5
488.25001 5
488.35001 5
488.45001 5
488.55001 5
488.65001 5
488.75001 5
488.85001 5
488.95001 5
489.05001 5
489.15001 5
489.25001 5
489.35001 5
489.45001 5
489.55001 5
489.65001 5
489.75001 5
489.85001 5
489.95001 5
490.05001 5
490.15001 5
490.25001 5
490.35001 5
490.45001 5
490.55001 5
490.65001 5
490.75001 5
490.85001 5
490.95001 5
491.05001 5
491.15001 5
491.25001 5
491.35001 5
491.45001 5
491.55001 5
491.65001 5
491.75001 5
491.85001 5
491.95001 5
492.05001 5
492.15001 5
492.25001 5
492.35001 5
492.45001 5
492.55001 5
492.65001 5
492.75001 5
492.85001 5
492.95001 5
493.05001 5
493.15001 5
493.25001 5
493.35001 5
493.45001 5
493.55001 5
493.65001 5
493.75001 5
493.85001 5
493.95001 5
494.05001 5
494.15001 5
494.25001 5
494.35001 5
494.45001 5
494.55001 5
494.65001 5
494.75001 5
494.85001 5
494.95001 5
495.05001 5
495.15001 5
495.25001 5
495.35001 5
495.45001 5
495.55001 5
495.65001 5
495.75001 5
495.85001 5
495.95001 5
496.05001 5
496.15001 5
496.25001 5
496.35001 5
496.45001 5
496.55001 5
496.65001 5
496.75001 5
496.85001 5
496.95001 5
497.05001 5
497.15001 5
497.25001 5
497.35001 5
497.45001 5
497.55001 5
497.65001 5
497.75001 5
497.85001 5
497.95001 5
498.05001 5
498.15001 5
498.25001 5
498.35001 5
498.45001 5
498.55001 5
498.65001 5
498.75001 5
498.85001 5
498.95001 5
499.05001 5
499.15001 5
499.25001 5
499.35001 5
499.45001 5
499.55001 5
499.65001 5
499.75001 5
499.85001 5
499.95001 5
500.05001 5
500.15001 5
500.25001 5
500.35001 5
500.45001 5
500.55001 5
500.65001 5
500.75001 5
500.85001 5
500.95001 5
501.05001 5
501.15001 5
501.25001 5
501.35001 5
501.45001 5
501.55001 5
501.65001 5
501.75001 5
501.85001 5
501.95001 5
502.05001 5
502.15001 5
502.25001 5
502.35001 5
502.45001 5
502.55001 5
502.65001 5
502.75001 5
502.85001 5
502.95001 5
503.05001 5
503.15001 5
503.25001 5
503.35001 5
503.45001 5
503.55001 5
503.65001 5
503.75001 5
503.85001 5
503.95001 5
504.05001 5
504.15001 5
504.25001 5
504.35001 5
504.45001 5
504.55001 5
504.65001 5
504.75001 5
504.85001 5
504.95001 5
505.05001 5
505.15001 5
505.25001 5
505.35001 5
505.45001 5
505.55001 5
505.65001 5
505.75001 5
505.85001 5
505.95001 5
506.05001 5
506.15001 5
506.25001 5
506.35001 5
506.45001 5
506.55001 5
506.65001 5
506.75001 5
506.85001 5
506.95001 5
507.05001 5
507.15001 5
507.25001 5
507.35001 5
507.45001 5
507.55001 5
507.65001 5
507.75001 5
507.85001 5
507.95001 5
508.05001 5
508.15001 5
508.25001 5
508.35001 5
508.45001 5
508.55001 5
508.65001 5
508.75001 5
508.85001 5
508.95001 5
509.05001 5
509.15001 5
509.25001 5
509.35001 5
509.45001 5
509.55001 5
509.65001 5
509.75001 5
509.85001 5
509.95001 5
510.05001 5
510.15001 5
510.25001 5
510.35001 5
510.45001 5
510.55001 5
510.65001 5
510.75001 5
510.85001 5
510.95001 5
511.05001 5
511.15001 5
511.25001 5
511.35001 5
511.45001 5
511.55001 5
511.65001 5
511.75001 5
511.85001 5
511.95001 5
512.05001 5
512.15001 5
512.25001 5
512.35001 5
512.45001 5
512.55001 5
512.65001 5
512.75001 5
512.85001 5
512.95001 5
513.05001 5
513.15001 5
513.25001 5
513.35001 5
513.45001 5
513.55001 5
513.65001 5
513.75001 5
513.85001 5
513.95001 5
514.05001 5
514.15001 5
514.25001 5
514.35001 5
514.45001 5
514.55001 5
514.65001 5
514.75001 5
514.85001 5
514.95001 5
515.05001 5
515.15001 5
515.25001 5
515.35001 5
515.45001 5
515.55001 5
515.65001 5
515.75001 5
515.85001 5
515.95001 5
516.05001 5
516.15001 5
516.25001 5
516.35001 5
516.45001 5
516.55001 5
516.65001 5
516.75001 5
516.85001 5
516.95001 5
517.05001 5
517.15001 5
517.25001 5
517.35001 5
517.45001 5
517.55001 5
517.65001 5
517.75001 5
517.85001 5
517.95001 5
518.05001 5
518.15001 5
518.25001 5
518.35001 5
518.45001 5
518.55001 5
518.65001 5
518.75001 5
518.85001 5
518.95001 5
519.05001 5
519.15001 5
519.25001 5
519.35001 5
519.45001 5
519.55001 5
519.65001 5
519.75001 5
519.85001 5
519.95001 5
520.05001 5
520.15001 5
520.25001 5
520.35001 5
520.45001 5
520.55001 5
520.65001 5
520.75001 5
520.85001 5
520.95001 5
521.05001 5
521.15001 5
521.25001 5
521.35001 5
521.45001 5
521.55001 5
521.65001 5
521.75001 5
521.85001 5
521.95001 5
522.05001 5
522.15001 5
522.25001 5
522.35001 5
522.45001 5
522.55001 5
522.65001 5
522.75001 5
522.85001 5
522.95001 5
523.05001 5
523.15001 5
523.25001 5
523.35001 5
523.45001 5
523.55001 5
523.65001 5
523.75001 5
523.85001 5
523.95001 5
524.05001 5
524.15001 5
524.25001 5
524.35001 5
524.45001 5
524.55001 5
524.65001 5
524.75001 5
524.85001 5
524.95001 5
525.05001 5
525.15001 5
525.25001 5
525.35001 5
525.45001 5
525.55001 5
525.65001 5
525.75001 5
525.85001 5
525.95001 5
526.05001 5
526.15001 5
526.25001 5
526.35001 5
526.45001 5
526.55001 5
526.65001 5
526.75001 5
526.85001 5
526.95001 5
527.05001 5
527.15001 5
527.25001 5
527.35001 5
527.45001 5
527.55001 5
527.65001 5
527.75001 5
527.85001 5
527.95001 5
528.05001 5
528.15001 5
528.25001 5
528.35001 5
528.45001 5
528.55001 5
528.65001 5
528.75001 5
528.85001 5
528.95001 5
529.05001 5
529.15001 5
529.25001 5
529.35001 5
529.45001 5
529.55001 5
529.65001 5
529.75001 5
529.85001 5
529.95001 5
530.05001 5
530.15001 5
530.25001 5
530.35001 5
530.45001 5
530.55001 5
530.65001 5
530.75001 5
530.85001 5
530.95001 5
531.05001 5
531.15001 5
531.25001 5
531.35001 5
531.45001 5
531.55001 5
531.65001 5
531.75001 5
531.85001 5
531.95001 5
532.05001 5
532.15001 5
532.25001 5
532.35001 5
532.45001 5
532.55001 5
532.65001 5
532.75001 5
532.85001 5
532.95001 5
533.05001 5
533.15001 5
533.25001 5
533.35001 5
533.45001 5
533.55001 5
533.65001 5
533.75001 5
533.85001 5
533.95001 5
534.05001 5
534.15001 5
534.25001 5
534.35001 5
534.45001 5
534.55001 5
534.65001 5
534.75001 5
534.85001 5
534.95001 5
535.05001 5
535.15001 5
535.25001 5
535.35001 5
535.45001 5
535.55001 5
535.65001 5
535.75001 5
535.85001 5
535.95001 5
536.05001 5
536.15001 5
536.25001 5
536.35001 5
536.45001 5
536.55001 5
536.65001 5
536.75001 5
536.85001 5
536.95001 5
537.05001 5
537.15001 5
537.25001 5
537.35001 5
537.45001 5
537.55001 5
537.65001 5
537.75001 5
537.85001 5
537.95001 5
538.05001 5
538.15001 5
538.25001 5
538.35001 5
538.45001 5
538.55001 5
538.65001 5
538.75001 5
538.85001 5
538.95001 5
539.05001 5
539.15001 5
539.25001 5
539.35001 5
539.45001 5
539.55001 5
539.65001 5
539.75001 5
539.85001 5
539.95001 5
540.05001 5
540.15001 5
540.25001 5
540.35001 5
540.45001 5
540.55001 5
540.65001 5
540.75001 5
540.85001 5
540.95001 5
541.05001 5
541.15001 5
541.25001 5
541.35001 5
541.45001 5
541.55001 5
541.65001 5
541.75001 5
541.85001 5
541.95001 5
542.05001 5
542.15001 5
542.25001 5
542.35001 5
542.45001 5
542.55001 5
542.65001 5
542.75001 5
542.85001 5
542.95001 5
543.05001 5
543.15001 5
543.25001 5
543.35001 5
543.45001 5
543.55001 5
543.65001 5
543.75001 5
543.85001 5
543.95001 5
544.05001 5
544.15001 5
544.25001 5
544.35001 5
544.45001 5
544.55001 5
544.65001 5
544.75001 5
544.85001 5
544.95001 5
545.05001 5
545.15001 5
545.25001 5
545.35001 5
545.45001 5
545.55001 5
545.65001 5
545.75001 5
545.85001 5
545.95001 5
546.05001 5
546.15001 5
546.25001 5
546.35001 5
546.45001 5
546.55001 5
546.65001 5
546.75001 5
546.85001 5
546.95001 5
547.05001 5
547.15001 5
547.25001 5
547.35001 5
547.45001 5
547.55001 5
547.65001 5
547.75001 5
547.85001 5
547.95001 5
548.05001 5
548.15001 5
548.25001 5
548.35001 5
548.45001 5
548.55001 5
548.65001 5
548.75001 5
548.85001 5
548.95001 5
549.05001 5
549.15001 5
549.25001 5
549.35001 5
549.45001 5
549.55001 5
549.65001 5
549.75001 5
549.85001 5
549.95001 5
550.05001 5
550.15001 5
550.25001 5
550.35001 5
550.45001 5
550.55001 5
550.65001 5
550.75001 5
550.85001 5
550.95001 5
551.05001 5
551.15001 5
551.25001 5
551.35001 5
551.45001 5
551.55001 5
551.65001 5
551.75001 5
551.85001 5
551.95001 5
552.05001 5
552.15001 5
552.25001 5
552.35001 5
552.45001 5
552.55001 5
552.65001 5
552.75001 5
552.85001 5
552.95001 5
553.05001 5
553.15001 5
553.25001 5
553.35001 5
553.45001 5
553.55001 5
553.65001 5
553.75001 5
553.85001 5
553.95001 5
554.05001 5
554.15001 5
554.25001 5
554.35001 5
554.45001 5
554.55001 5
554.65001 5
554.75001 5
554.85001 5
554.95001 5
555.05001 5
555.15001 5
555.25001 5
555.35001 5
555.45001 5
555.55001 5
555.65001 5
555.75001 5
555.85001 5
555.95001 5
556.05001 5
556.15001 5
556.25001 5
556.35001 5
556.45001 5
556.55001 5
556.65001 5
556.75001 5
556.85001 5
556.95001 5
557.05001 5
557.15001 5
557.25001 5
557.35001 5
557.45001 5
557.55001 5
557.65001 5
557.75001 5
557.85001 5
557.95001 5
558.05001 5
558.15001 5
558.25001 5
558.35001 5
558.45001 5
558.55001 5
558.65001 5
558.75001 5
558.85001 5
558.95001 5
559.05001 5
559.15001 5
559.25001 5
559.35001 5
559.45001 5
559.55001 5
559.65001 5
559.75001 5
559.85001 5
559.95001 5
560.05001 5
560.15001 5
560.25001 5
560.35001 5
560.45001 5
560.55001 5
560.65001 5
560.75001 5
560.85001 5
560.95001 5
561.05001 5
561.15001 5
561.25001 5
561.35001 5
561.45001 5
561.55001 5
561.65001 5
561.75001 5
561.85001 5
561.95001 5
562.05001 5
562.15001 5
562.25001 5
562.35001 5
562.45001 5
562.55001 5
562.65001 5
562.75001 5
562.85001 5
562.95001 5
563.05001 5
563.15001 5
563.25001 5
563.35001 5
563.45001 5
563.55001 5
563.65001 5
563.75001 5
563.85001 5
563.95001 5
564.05001 5
564.15001 5
564.25001 5
564.35001 5
564.45001 5
564.55001 5
564.65001 5
564.75001 5
564.85001 5
564.95001 5
565.05001 5
565.15001 5
565.25001 5
565.35001 5
565.45001 5
565.55001 5
565.65001 5
565.75001 5
565.85001 5
565.95001 5
566.05001 5
566.15001 5
566.25001 5
566.35001 5
566.45001 5
566.55001 5
566.65001 5
566.75001 5
566.85001 5
566.95001 5
567.05001 5
567.15001 5
567.25001 5
567.35001 5
567.45001 5
567.55001 5
567.65001 5
567.75001 5
567.85001 5
567.95001 5
568.05001 5
568.15001 5
568.25001 5
568.35001 5
568.45001 5
568.55001 5
568.65001 5
568.75001 5
568.85001 5
568.95001 5
569.05001 5
569.15001 5
569.25001 5
569.35001 5
569.45001 5
569.55001 5
569.65001 5
569.75001 5
569.85001 5
569.95001 5
570.05001 5
570.15001 5
570.25001 5
570.35001 5
570.45001 5
570.55001 5
570.65001 5
570.75001 5
570.85001 5
570.95001 5
571.05001 5
571.15001 5
571.25001 5
571.35001 5
571.45001 5
571.55001 5
571.65001 5
571.75001 5
571.85001 5
571.95001 5
572.05001 5
572.15001 5
572.25001 5
572.35001 5
572.45001 5
572.55001 5
572.65001 5
572.75001 5
572.85001 5
572.95001 5
573.05001 5
573.15001 5
573.25001 5
573.35001 5
573.45001 5
573.55001 5
573.65001 5
573.75001 5
573.85001 5
573.95001 5
574.05001 5
574.15001 5
574.25001 5
574.35001 5
574.45001 5
574.55001 5
574.65001 5
574.75001 5
574.85001 5
574.95001 5
575.05001 5
575.15001 5
575.25001 5
575.35001 5
575.45001 5
575.55001 5
575.65001 5
575.75001 5
575.85001 5
575.95001 5
576.05001 5
576.15001 5
576.25001 5
576.35001 5
576.45001 5
576.55001 5
576.65001 5
576.75001 5
576.85001 5
576.95001 5
577.05001 5
577.15001 5
577.25001 5
577.35001 5
577.45001 5
577.55001 5
577.65001 5
577.75001 5
577.85001 5
577.95001 5
578.05001 5
578.15001 5
578.25001 5
578.35001 5
578.45001 5
578.55001 5
578.65001 5
578.75001 5
578.85001 5
578.95001 5
579.05001 5
579.15001 5
579.25001 5
579.35001 5
579.45001 5
579.55001 5
579.65001 5
579.75001 5
579.85001 5
579.95001 5
580.05001 5
580.15001 5
580.25001 5
580.35001 5
580.45001 5
580.55001 5
580.65001 5
580.75001 5
580.85001 5
580.95001 5
581.05001 5
581.15001 5
581.25001 5
581.35001 5
581.45001 5
581.55001 5
581.65001 5
581.75001 5
581.85001 5
581.95001 5
582.05001 5
582.15001 5
582.25001 5
582.35001 5
582.45001 5
582.55001 5
582.65001 5
582.75001 5
582.85001 5
582.95001 5
583.05001 5
583.15001 5
583.25001 5
583.35001 5
583.45001 5
583.55001 5
583.65001 5
583.75001 5
583.85001 5
583.95001 5
584.05001 5
584.15001 5
584.25001 5
584.35001 5
584.45001 5
584.55001 5
584.65001 5
584.75001 5
584.85001 5
584.95001 5
585.05001 5
585.15001 5
585.25001 5
585.35001 5
585.45001 5
585.55001 5
585.65001 5
585.75001 5
585.85001 5
585.95001 5
586.05001 5
586.15001 5
586.25001 5
586.35001 5
586.45001 5
586.55001 5
586.65001 5
586.75001 5
586.85001 5
586.95001 5
587.05001 5
587.15001 5
587.25001 5
587.35001 5
587.45001 5
587.55001 5
587.65001 5
587.75001 5
587.85001 5
587.95001 5
588.05001 5
588.15001 5
588.25001 5
588.35001 5
588.45001 5
588.55001 5
588.65001 5
588.75001 5
588.85001 5
588.95001 5
589.05001 5
589.15001 5
589.25001 5
589.35001 5
589.45001 5
589.55001 5
589.65001 5
589.75001 5
589.85001 5
589.95001 5
590.05001 5
590.15001 5
590.25001 5
590.35001 5
590.45001 5
590.55001 5
590.65001 5
590.75001 5
590.85001 5
590.95001 5
591.05001 5
591.15001 5
591.25001 5
591.35001 5
591.45001 5
591.55001 5
591.65001 5
591.75001 5
591.85001 5
591.95001 5
592.05001 5
592.15001 5
592.25001 5
592.35001 5
592.45001 5
592.55001 5
592.65001 5
592.75001 5
592.85001 5
592.95001 5
593.05001 5
593.15001 5
593.25001 5
593.35001 5
593.45001 5
593.55001 5
593.65001 5
593.75001 5
593.85001 5
593.95001 5
594.05001 5
594.15001 5
594.25001 5
594.35001 5
594.45001 5
594.55001 5
594.65001 5
594.75001 5
594.85001 5
594.95001 5
595.05001 5
595.15001 5
595.25001 5
595.35001 5
595.45001 5
595.55001 5
595.65001 5
595.75001 5
595.85001 5
595.95001 5
596.05001 5
596.15001 5
596.25001 5
596.35001 5
596.45001 5
596.55001 5
596.65001 5
596.75001 5
596.85001 5
596.95001 5
597.05001 5
597.15001 5
597.25001 5
597.35001 5
597.45001 5
597.55001 5
597.65001 5
597.75001 5
597.85001 5
597.95001 5
598.05001 5
598.15001 5
598.25001 5
598.35001 5
598.45001 5
598.55001 5
598.65001 5
598.75001 5
598.85001 5
598.95001 5
599.05001 5
599.15001 5
599.25001 5
599.35001 5
599.45001 5
599.55001 5
599.65001 5
599.75001 5
599.85001 5
599.95001 5
600.05001 5
600.15001 5
600.25001 5
600.35001 5
600.45001 5
600.55001 5
600.65001 5
600.75001 5
600.85001 5
600.95001 5
601.05001 5
601.15001 5
601.25001 5
601.35001 5
601.45001 5
601.55001 5
601.65001 5
601.75001 5
601.85001 5
601.95001 5
602.05001 5
602.15001 5
602.25001 5
602.35001 5
602.45001 5
602.55001 5
602.65001 5
602.75001 5
602.85001 5
602.95001 5
603.05001 5
603.15001 5
603.25001 5
603.35001 5
603.45001 5
603.55001 5
603.65001 5
603.75001 5
603.85001 5
603.95001 5
604.05001 5
604.15001 5
604.25001 5
604.35001 5
604.45001 5
604.55001 5
604.65001 5
604.75001 5
604.85001 5
604.95001 5
605.05001 5
605.15001 5
605.25001 5
605.35001 5
605.45001 5
605.55001 5
605.65001 5
605.75001 5
605.85001 5
605.95001 5
606.05001 5
606.15001 5
606.25001 5
606.35001 5
606.45001 5
606.55001 5
606.65001 5
606.75001 5
606.85001 5
606.95001 5
607.05001 5
607.15001 5
607.25001 5
607.35001 5
607.45001 5
607.55001 5
607.65001 5
607.75001 5
607.85001 5
607.95001 5
608.05001 5
608.15001 5
608.25001 5
608.35001 5
608.45001 5
608.55001 5
608.65001 5
608.75001 5
608.85001 5
608.95001 5
609.05001 5
609.15001 5
609.25001 5
609.35001 5
609.45001 5
609.55001 5
609.65001 5
609.75001 5
609.85001 5
609.95001 5
610.05001 5
610.15001 5
610.25001 5
610.35001 5
610.45001 5
610.55001 5
610.65001 5
610.75001 5
610.85001 5
610.95001 5
611.05001 5
611.15001 5
611.25001 5
611.35001 5
611.45001 5
611.55001 5
611.65001 5
611.75001 5
611.85001 5
611.95001 5
612.05001 5
612.15001 5
612.25001 5
612.35001 5
612.45001 5
612.55001 5
612.65001 5
612.75001 5
612.85001 5
612.95001 5
613.05001 5
613.15001 5
613.25001 5
613.35001 5
613.45001 5
613.55001 5
613.65001 5
613.75001 5
613.85001 5
613.95001 5
614.05001 5
614.15001 5
614.25001 5
614.35001 5
614.45001 5
614.55001 5
614.65001 5
614.75001 5
614.85001 5
614.95001 5
615.05001 5
615.15001 5
615.25001 5
615.35001 5
615.45001 5
615.55001 5
615.65001 5
615.75001 5
615.85001 5
615.95001 5
616.05001 5
616.15001 5
616.25001 5
616.35001 5
616.45001 5
616.55001 5
616.65001 5
616.75001 5
616.85001 5
616.95001 5
617.05001 5
617.15001 5
617.25001 5
617.35001 5
617.45001 5
617.55001 5
617.65001 5
617.75001 5
617.85001 5
617.95001 5
618.05001 5
618.15001 5
618.25001 5
618.35001 5
618.45001 5
618.55001 5
618.65001 5
618.75001 5
618.85001 5
618.95001 5
619.05001 5
619.15001 5
619.25001 5
619.35001 5
619.45001 5
619.55001 5
619.65001 5
619.75001 5
619.85001 5
619.95001 5
620.05001 5
620.15001 5
620.25001 5
620.35001 5
620.45001 5
620.55001 5
620.65001 5
620.75001 5
620.85001 5
620.95001 5
621.05001 5
621.15001 5
621.25001 5
621.35001 5
621.45001 5
621.55001 5
621.65001 5
621.75001 5
621.85001 5
621.95001 5
622.05001 5
622.15001 5
622.25001 5
622.35001 5
622.45001 5
622.55001 5
622.65001 5
622.75001 5
622.85001 5
622.95001 5
623.05001 5
623.15001 5
623.25001 5
623.35001 5
623.45001 5
623.55001 5
623.65001 5
623.75001 5
623.85001 5
623.95001 5
624.05001 5
624.15001 5
624.25001 5
624.35001 5
624.45001 5
624.55001 5
624.65001 5
624.75001 5
624.85001 5
624.95001 5
625.05001 5
625.15001 5
625.25001 5
625.35001 5
625.45001 5
625.55001 5
625.65001 5
625.75001 5
625.85001 5
625.95001 5
626.05001 5
626.15001 5
626.25001 5
626.35001 5
626.45001 5
626.55001 5
626.65001 5
626.75001 5
626.85001 5
626.95001 5
627.05001 5
627.15001 5
627.25001 5
627.35001 5
627.45001 5
627.55001 5
627.65001 5
627.75001 5
627.85001 5
627.95001 5
628.05001 5
628.15001 5
628.25001 5
628.35001 5
628.45001 5
628.55001 5
628.65001 5
628.75001 5
628.85001 5
628.95001 5
629.05001 5
629.15001 5
629.25001 5
629.35001 5
629.45001 5
629.55001 5
629.65001 5
629.75001 5
629.85001 5
629.95001 5
630.05001 5
630.15001 5
630.25001 5
630.35001 5
630.45001 5
630.55001 5
630.65001 5
630.75001 5
630.85001 5
630.95001 5
631.05001 5
631.15001 5
631.25001 5
631.35001 5
631.45001 5
631.55001 5
631.65001 5
631.75001 5
631.85001 5
631.95001 5
632.05001 5
632.15001 5
632.25001 5
632.35001 5
632.45001 5
632.55001 5
632.65001 5
632.75001 5
632.85001 5
632.95001 5
633.05001 5
633.15001 5
633.25001 5
633.35001 5
633.45001 5
633.55001 5
633.65001 5
633.75001 5
633.85001 5
633.95001 5
634.05001 5
634.15001 5
634.25001 5
634.35001 5
634.45001 5
634.55001 5
634.65001 5
634.75001 5
634.85001 5
634.95001 5
635.05001 5
635.15001 5
635.25001 5
635.35001 5
635.45001 5
635.55001 5
635.65001 5
635.75001 5
635.85001 5
635.95001 5
636.05001 5
636.15001 5
636.25001 5
636.35001 5
636.45001 5
636.55001 5
636.65001 5
636.75001 5
636.85001 5
636.95001 5
637.05001 5
637.15001 5
637.25001 5
637.35001 5
637.45001 5
637.55001 5
637.65001 5
637.75001 5
637.85001 5
637.95001 5
638.05001 5
638.15001 5
638.25001 5
638.35001 5
638.45001 5
638.55001 5
638.65001 5
638.75001 5
638.85001 5
638.95001 5
639.05001 5
639.15001 5
639.25001 5
639.35001 5
639.45001 5
639.55001 5
639.65001 5
639.75001 5
639.85001 5
639.95001 5
640.05001 5
640.15001 5
640.25001 5
640.35001 5
640.45001 5
640.55001 5
640.65001 5
640.75001 5
640.85001 5
640.95001 5
641.05001 5
641.15001 5
641.25001 5
641.35001 5
641.45001 5
641.55001 5
641.65001 5
641.75001 5
641.85001 5
641.95001 5
642.05001 5
642.15001 5
642.25001 5
642.35001 5
642.45001 5
642.55001 5
642.65001 5
642.75001 5
642.85001 5
642.95001 5
643.05001 5
643.15001 5
643.25001 5
643.35001 5
643.45001 5
643.55001 5
643.65001 5
643.75001 5
643.85001 5
643.95001 5
644.05001 5
644.15001 5
644.25001 5
644.35001 5
644.45001 5
644.55001 5
644.65001 5
644.75001 5
644.85001 5
644.95001 5
645.05001 5
645.15001 5
645.25001 5
645.35001 5
645.45001 5
645.55001 5
645.65001 5
645.75001 5
645.85001 5
645.95001 5
646.05001 5
646.15001 5
646.25001 5
646.35001 5
646.45001 5
646.55001 5
646.65001 5
646.75001 5
646.85001 5
646.95001 5
647.05001 5
647.15001 5
647.25001 5
647.35001 5
647.45001 5
647.55001 5
647.65001 5
647.75001 5
647.85001 5
647.95001 5
648.05001 5
648.15001 5
648.25001 5
648.35001 5
648.45001 5
648.55001 5
648.65001 5
648.75001 5
648.85001 5
648.95001 5
649.05001 5
649.15001 5
649.25001 5
649.35001 5
649.45001 5
649.55001 5
649.65001 5
649.75001 5
649.85001 5
649.95001 5
650.05001 5
650.15001 5
650.25001 5
650.35001 5
650.45001 5
650.55001 5
650.65001 5
650.75001 5
650.85001 5
650.95001 5
651.05001 5
651.15001 5
651.25001 5
651.35001 5
651.45001 5
651.55001 5
651.65001 5
651.75001 5
651.85001 5
651.95001 5
652.05001 5
652.15001 5
652.25001 5
652.35001 5
652.45001 5
652.55001 5
652.65001 5
652.75001 5
652.85001 5
652.95001 5
653.05001 5
653.15001 5
653.25001 5
653.35001 5
653.45001 5
653.55001 5
653.65001 5
653.75001 5
653.85001 5
653.95001 5
654.05001 5
654.15001 5
654.25001 5
654.35001 5
654.45001 5
654.55001 5
654.65001 5
654.75001 5
654.85001 5
654.95001 5
655.05001 5
655.15001 5
655.25001 5
655.35001 5
655.45001 5
655.55001 5
655.65001 5
655.75001 5
655.85001 5
655.95001 5
656.05001 5
656.15001 5
656.25001 5
656.35001 5
656.45001 5
656.55001 5
656.65001 5
656.75001 5
656.85001 5
656.95001 5
657.05001 5
657.15001 5
657.25001 5
657.35001 5
657.45001 5
657.55001 5
657.65001 5
657.75001 5
657.85001 5
657.95001 5
658.05001 5
658.15001 5
658.25001 5
658.35001 5
658.45001 5
658.55001 5
658.65001 5
658.75001 5
658.85001 5
658.95001 5
659.05001 5
659.15001 5
659.25001 5
659.35001 5
659.45001 5
659.55001 5
659.65001 5
659.75001 5
659.85001 5
659.95001 5
660.05001 5
660.15001 5
660.25001 5
660.35001 5
660.45001 5
660.55001 5
660.65001 5
660.75001 5
660.85001 5
660.95001 5
661.05001 5
661.15001 5
661.25001 5
661.35001 5
661.45001 5
661.55001 5
661.65001 5
661.75001 5
661.85001 5
661.95001 5
662.05001 5
662.15001 5
662.25001 5
662.35001 5
662.45001 5
662.55001 5
662.65001 5
662.75001 5
662.85001 5
662.95001 5
663.05001 5
663.15001 5
663.25001 5
663.35001 5
663.45001 5
663.55001 5
663.65001 5
663.75001 5
663.85001 5
663.95001 5
664.05001 5
664.15001 5
664.25001 5
664.35001 5
664.45001 5
664.55001 5
664.65001 5
664.75001 5
664.85001 5
664.95001 5
665.05001 5
665.15001 5
665.25001 5
665.35001 5
665.45001 5
665.55001 5
665.65001 5
665.75001 5
665.85001 5
665.95001 5
666.05001 5
666.15001 5
666.25001 5
666.35001 5
666.45001 5
666.55001 5
666.65001 5
666.75001 5
666.85001 5
666.95001 5
667.05001 5
667.15001 5
667.25001 5
667.35001 5
667.45001 5
667.55001 5
667.65001 5
667.75001 5
667.85001 5
667.95001 5
668.05001 5
668.15001 5
668.25001 5
668.35001 5
668.45001 5
668.55001 5
668.65001 5
668.75001 5
668.85001 5
668.95001 5
669.05001 5
669.15001 5
669.25001 5
669.35001 5
669.45001 5
669.55001 5
669.65001 5
669.75001 5
669.85001 5
669.95001 5
670.05001 5
670.15001 5
670.25001 5
670.35001 5
670.45001 5
670.55001 5
670.65001 5
670.75001 5
670.85001 5
670.95001 5
671.05001 5
671.15001 5
671.25001 5
671.35001 5
671.45001 5
671.55001 5
671.65001 5
671.75001 5
671.85001 5
671.95001 5
672.05001 5
672.15001 5
672.25001 5
672.35001 5
672.45001 5
672.55001 5
672.65001 5
672.75001 5
672.85001 5
672.95001 5
673.05001 5
673.15001 5
673.25001 5
673.35001 5
673.45001 5
673.55001 5
673.65001 5
673.75001 5
673.85001 5
673.95001 5
674.05001 5
674.15001 5
674.25001 5
674.35001 5
674.45001 5
674.55001 5
674.65001 5
674.75001 5
674.85001 5
674.95001 5
675.05001 5
675.15001 5
675.25001 5
675.35001 5
675.45001 5
675.55001 5
675.65001 5
675.75001 5
675.85001 5
675.95001 5
676.05001 5
676.15001 5
676.25001 5
676.35001 5
676.45001 5
676.55001 5
676.65001 5
676.75001 5
676.85001 5
676.95001 5
677.05001 5
677.15001 5
677.25001 5
677.35001 5
677.45001 5
677.55001 5
677.65001 5
677.75001 5
677.85001 5
677.95001 5
678.05001 5
678.15001 5
678.25001 5
678.35001 5
678.45001 5
678.55001 5
678.65001 5
678.75001 5
678.85001 5
678.95001 5
679.05001 5
679.15001 5
679.25001 5
679.35001 5
679.45001 5
679.55001 5
679.65001 5
679.75001 5
679.85001 5
679.95001 5
680.05001 5
680.15001 5
680.25001 5
680.35001 5
680.45001 5
680.55001 5
680.65001 5
680.75001 5
680.85001 5
680.95001 5
681.05001 5
681.15001 5
681.25001 5
681.35001 5
681.45001 5
681.55001 5
681.65001 5
681.75001 5
681.85001 5
681.95001 5
682.05001 5
682.15001 5
682.25001 5
682.35001 5
682.45001 5
682.55001 5
682.65001 5
682.75001 5
682.85001 5
682.95001 5
683.05001 5
683.15001 5
683.25001 5
683.35001 5
683.45001 5
683.55001 5
683.65001 5
683.75001 5
683.85001 5
683.95001 5
684.05001 5
684.15001 5
684.25001 5
684.35001 5
684.45001 5
684.55001 5
684.65001 5
684.75001 5
684.85001 5
684.95001 5
685.05001 5
685.15001 5
685.25001 5
685.35001 5
685.45001 5
685.55001 5
685.65001 5
685.75001 5
685.85001 5
685.95001 5
686.05001 5
686.15001 5
686.25001 5
686.35001 5
686.45001 5
686.55001 5
686.65001 5
686.75001 5
686.85001 5
686.95001 5
687.05001 5
687.15001 5
687.25001 5
687.35001 5
687.45001 5
687.55001 5
687.65001 5
687.75001 5
687.85001 5
687.95001 5
688.05001 5
688.15001 5
688.25001 5
688.35001 5
688.45001 5
688.55001 5
688.65001 5
688.75001 5
688.85001 5
688.95001 5
689.05001 5
689.15001 5
689.25001 5
689.35001 5
689.45001 5
689.55001 5
689.65001 5
689.75001 5
689.85001 5
689.95001 5
690.05001 5
690.15001 5
690.25001 5
690.35001 5
690.45001 5
690.55001 5
690.65001 5
690.75001 5
690.85001 5
690.95001 5
691.05001 5
691.15001 5
691.25001 5
691.35001 5
691.45001 5
691.55001 5
691.65001 5
691.75001 5
691.85001 5
691.95001 5
692.05001 5
692.15001 5
692.25001 5
692.35001 5
692.45001 5
692.55001 5
692.65001 5
692.75001 5
692.85001 5
692.95001 5
693.05001 5
693.15001 5
693.25001 5
693.35001 5
693.45001 5
693.55001 5
693.65001 5
693.75001 5
693.85001 5
693.95001 5
694.05001 5
694.15001 5
694.25001 5
694.35001 5
694.45001 5
694.55001 5
694.65001 5
694.75001 5
694.85001 5
694.95001 5
695.05001 5
695.15001 5
695.25001 5
695.35001 5
695.45001 5
695.55001 5
695.65001 5
695.75001 5
695.85001 5
695.95001 5
696.05001 5
696.15001 5
696.25001 5
696.35001 5
696.45001 5
696.55001 5
696.65001 5
696.75001 5
696.85001 5
696.95001 5
697.05001 5
697.15001 5
697.25001 5
697.35001 5
697.45001 5
697.55001 5
697.65001 5
697.75001 5
697.85001 5
697.95001 5
698.05001 5
698.15001 5
698.25001 5
698.35001 5
698.45001 5
698.55001 5
698.65001 5
698.75001 5
698.85001 5
698.95001 5
699.05001 5
699.15001 5
699.25001 5
699.35001 5
699.45001 5
699.55001 5
699.65001 5
699.75001 5
699.85001 5
699.95001 5
700.05001 5
700.15001 5
700.25001 5
700.35001 5
700.45001 5
700.55001 5
700.65001 5
700.75001 5
700.85001 5
700.95001 5
701.05001 5
701.15001 5
701.25001 5
701.35001 5
701.45001 5
701.55001 5
701.65001 5
701.75001 5
701.85001 5
701.95001 5
702.05001 5
702.15001 5
702.25001 5
702.35001 5
702.45001 5
702.55001 5
702.65001 5
702.75001 5
702.85001 5
702.95001 5
703.05001 5
703.15001 5
703.25001 5
703.35001 5
703.45001 5
703.55001 5
703.65001 5
703.75001 5
703.85001 5
703.95001 5
704.05001 5
704.15001 5
704.25001 5
704.35001 5
704.45001 5
704.55001 5
704.65001 5
704.75001 5
704.85001 5
704.95001 5
705.05001 5
705.15001 5
705.25001 5
705.35001 5
705.45001 5
705.55001 5
705.65001 5
705.75001 5
705.85001 5
705.95001 5
706.05001 5
706.15001 5
706.25001 5
706.35001 5
706.45001 5
706.55001 5
706.65001 5
706.75001 5
706.85001 5
706.95001 5
707.05001 5
707.15001 5
707.25001 5
707.35001 5
707.45001 5
707.55001 5
707.65001 5
707.75001 5
707.85001 5
707.95001 5
708.05001 5
708.15001 5
708.25001 5
708.35001 5
708.45001 5
708.55001 5
708.65001 5
708.75001 5
708.85001 5
708.95001 5
709.05001 5
709.15001 5
709.25001 5
709.35001 5
709.45001 5
709.55001 5
709.65001 5
709.75001 5
709.85001 5
709.95001 5
710.05001 5
710.15001 5
710.25001 5
710.35001 5
710.45001 5
710.55001 5
710.65001 5
710.75001 5
710.85001 5
710.95001 5
711.05001 5
711.15001 5
711.25001 5
711.35001 5
711.45001 5
711.55001 5
711.65001 5
711.75001 5
711.85001 5
711.95001 5
712.05001 5
712.15001 5
712.25001 5
712.35001 5
712.45001 5
712.55001 5
712.65001 5
712.75001 5
712.85001 5
712.95001 5
713.05001 5
713.15001 5
713.25001 5
713.35001 5
713.45001 5
713.55001 5
713.65001 5
713.75001 5
713.85001 5
713.95001 5
714.05001 5
714.15001 5
714.25001 5
714.35001 5
714.45001 5
714.55001 5
714.65001 5
714.75001 5
714.85001 5
714.95001 5
715.05001 5
715.15001 5
715.25001 5
715.35001 5
715.45001 5
715.55001 5
715.65001 5
715.75001 5
715.85001 5
715.95001 5
716.05001 5
716.15001 5
716.25001 5
716.35001 5
716.45001 5
716.55001 5
716.65001 5
716.75001 5
716.85001 5
716.95001 5
717.05001 5
717.15001 5
717.25001 5
717.35001 5
717.45001 5
717.55001 5
717.65001 5
717.75001 5
717.85001 5
717.95001 5
718.05001 5
718.15001 5
718.25001 5
718.35001 5
718.45001 5
718.55001 5
718.65001 5
718.75001 5
718.85001 5
718.95001 5
719.05001 5
719.15001 5
719.25001 5
719.35001 5
719.45001 5
719.55001 5
719.65001 5
719.75001 5
719.85001 5
719.95001 5
720.05001 5
720.15001 5
720.25001 5
720.35001 5
720.45001 5
720.55001 5
720.65001 5
720.75001 5
720.85001 5
720.95001 5
721.05001 5
721.15001 5
721.25001 5
721.35001 5
721.45001 5
721.55001 5
721.65001 5
721.75001 5
721.85001 5
721.95001 5
722.05001 5
722.15001 5
722.25001 5
722.35001 5
722.45001 5
722.55001 5
722.65001 5
722.75001 5
722.85001 5
722.95001 5
723.05001 5
723.15001 5
723.25001 5
723.35001 5
723.45001 5
723.55001 5
723.65001 5
723.75001 5
723.85001 5
723.95001 5
724.05001 5
724.15001 5
724.25001 5
724.35001 5
724.45001 5
724.55001 5
724.65001 5
724.75001 5
724.85001 5
724.95001 5
725.05001 5
725.15001 5
725.25001 5
725.35001 5
725.45001 5
725.55001 5
725.65001 5
725.75001 5
725.85001 5
725.95001 5
726.05001 5
726.15001 5
726.25001 5
726.35001 5
726.45001 5
726.55001 5
726.65001 5
726.75001 5
726.85001 5
726.95001 5
727.05001 5
727.15001 5
727.25001 5
727.35001 5
727.45001 5
727.55001 5
727.65001 5
727.75001 5
727.85001 5
727.95001 5
728.05001 5
728.15001 5
728.25001 5
728.35001 5
728.45001 5
728.55001 5
728.65001 5
728.75001 5
728.85001 5
728.95001 5
729.05001 5
729.15001 5
729.25001 5
729.35001 5
729.45001 5
729.55001 5
729.65001 5
729.75001 5
729.85001 5
729.95001 5
730.05001 5
730.15001 5
730.25001 5
730.35001 5
730.45001 5
730.55001 5
730.65001 5
730.75001 5
730.85001 5
730.95001 5
731.05001 5
731.15001 5
731.25001 5
731.35001 5
731.45001 5
731.55001 5
731.65001 5
731.75001 5
731.85001 5
731.95001 5
732.05001 5
732.15001 5
732.25001 5
732.35001 5
732.45001 5
732.55001 5
732.65001 5
732.75001 5
732.85001 5
732.95001 5
733.05001 5
733.15001 5
733.25001 5
733.35001 5
733.45001 5
733.55001 5
733.65001 5
733.75001 5
733.85001 5
733.95001 5
734.05001 5
734.15001 5
734.25001 5
734.35001 5
734.45001 5
734.55001 5
734.65001 5
734.75001 5
734.85001 5
734.95001 5
735.05001 5
735.15001 5
735.25001 5
735.35001 5
735.45001 5
735.55001 5
735.65001 5
735.75001 5
735.85001 5
735.95001 5
736.05001 5
736.15001 5
736.25001 5
736.35001 5
736.45001 5
736.55001 5
736.65001 5
736.75001 5
736.85001 5
736.95001 5
737.05001 5
737.15001 5
737.25001 5
737.35001 5
737.45001 5
737.55001 5
737.65001 5
737.75001 5
737.85001 5
737.95001 5
738.05001 5
738.15001 5
738.25001 5
738.35001 5
738.45001 5
738.55001 5
738.65001 5
738.75001 5
738.85001 5
738.95001 5
739.05001 5
739.15001 5
739.25001 5
739.35001 5
739.45001 5
739.55001 5
739.65001 5
739.75001 5
739.85001 5
739.95001 5
740.05001 5
740.15001 5
740.25001 5
740.35001 5
740.45001 5
740.55001 5
740.65001 5
740.75001 5
740.85001 5
740.95001 5
741.05001 5
741.15001 5
741.25001 5
741.35001 5
741.45001 5
741.55001 5
741.65001 5
741.75001 5
741.85001 5
741.95001 5
742.05001 5
742.15001 5
742.25001 5
742.35001 5
742.45001 5
742.55001 5
742.65001 5
742.75001 5
742.85001 5
742.95001 5
743.05001 5
743.15001 5
743.25001 5
743.35001 5
743.45001 5
743.55001 5
743.65001 5
743.75001 5
743.85001 5
743.95001 5
744.05001 5
744.15001 5
744.25001 5
744.35001 5
744.45001 5
744.55001 5
744.65001 5
744.75001 5
744.85001 5
744.95001 5
745.05001 5
745.15001 5
745.25001 5
745.35001 5
745.45001 5
745.55001 5
745.65001 5
745.75001 5
745.85001 5
745.95001 5
746.05001 5
746.15001 5
746.25001 5
746.35001 5
746.45001 5
746.55001 5
746.65001 5
746.75001 5
746.85001 5
746.95001 5
747.05001 5
747.15001 5
747.25001 5
747.35001 5
747.45001 5
747.55001 5
747.65001 5
747.75001 5
747.85001 5
747.95001 5
748.05001 5
748.15001 5
748.25001 5
748.35001 5
748.45001 5
748.55001 5
748.65001 5
748.75001 5
748.85001 5
748.95001 5
749.05001 5
749.15001 5
749.25001 5
749.35001 5
749.45001 5
749.55001 5
749.65001 5
749.75001 5
749.85001 5
749.95001 5
750.05001 5
750.15001 5
750.25001 5
750.35001 5
750.45001 5
750.55001 5
750.65001 5
750.75001 5
750.85001 5
750.95001 5
751.05001 5
751.15001 5
751.25001 5
751.35001 5
751.45001 5
751.55001 5
751.65001 5
751.75001 5
751.85001 5
751.95001 5
752.05001 5
752.15001 5
752.25001 5
752.35001 5
752.45001 5
752.55001 5
752.65001 5
752.75001 5
752.85001 5
752.95001 5
753.05001 5
753.15001 5
753.25001 5
753.35001 5
753.45001 5
753.55001 5
753.65001 5
753.75001 5
753.85001 5
753.95001 5
754.05001 5
754.15001 5
754.25001 5
754.35001 5
754.45001 5
754.55001 5
754.65001 5
754.75001 5
754.85001 5
754.95001 5
755.05001 5
755.15001 5
755.25001 5
755.35001 5
755.45001 5
755.55001 5
755.65001 5
755.75001 5
755.85001 5
755.95001 5
756.05001 5
756.15001 5
756.25001 5
756.35001 5
756.45001 5
756.55001 5
756.65001 5
756.75001 5
756.85001 5
756.95001 5
757.05001 5
757.15001 5
757.25001 5
757.35001 5
757.45001 5
757.55001 5
757.65001 5
757.75001 5
757.85001 5
757.95001 5
758.05001 5
758.15001 5
758.25001 5
758.35001 5
758.45001 5
758.55001 5
758.65001 5
758.75001 5
758.85001 5
758.95001 5
759.05001 5
759.15001 5
759.25001 5
759.35001 5
759.45001 5
759.55001 5
759.65001 5
759.75001 5
759.85001 5
759.95001 5
760.05001 5
760.15001 5
760.25001 5
760.35001 5
760.45001 5
760.55001 5
760.65001 5
760.75001 5
760.85001 5
760.95001 5
761.05001 5
761.15001 5
761.25001 5
761.35001 5
761.45001 5
761.55001 5
761.65001 5
761.75001 5
761.85001 5
761.95001 5
762.05001 5
762.15001 5
762.25001 5
762.35001 5
762.45001 5
762.55001 5
762.65001 5
762.75001 5
762.85001 5
762.95001 5
763.05001 5
763.15001 5
763.25001 5
763.35001 5
763.45001 5
763.55001 5
763.65001 5
763.75001 5
763.85001 5
763.95001 5
764.05001 5
764.15001 5
764.25001 5
764.35001 5
764.45001 5
764.55001 5
764.65001 5
764.75001 5
764.85001 5
764.95001 5
765.05001 5
765.15001 5
765.25001 5
765.35001 5
765.45001 5
765.55001 5
765.65001 5
765.75001 5
765.85001 5
765.95001 5
766.05001 5
766.15001 5
766.25001 5
766.35001 5
766.45001 5
766.55001 5
766.65001 5
766.75001 5
766.85001 5
766.95001 5
767.05001 5
767.15001 5
767.25001 5
767.35001 5
767.45001 5
767.55001 5
767.65001 5
767.75001 5
767.85001 5
767.95001 5
768.05001 5
768.15001 5
768.25001 5
768.35001 5
768.45001 5
768.55001 5
768.65001 5
768.75001 5
768.85001 5
768.95001 5
769.05001 5
769.15001 5
769.25001 5
769.35001 5
769.45001 5
769.55001 5
769.65001 5
769.75001 5
769.85001 5
769.95001 5
770.05001 5
770.15001 5
770.25001 5
770.35001 5
770.45001 5
770.55001 5
770.65001 5
770.75001 5
770.85001 5
770.95001 5
771.05001 5
771.15001 5
771.25001 5
771.35001 5
771.45001 5
771.55001 5
771.65001 5
771.75001 5
771.85001 5
771.95001 5
772.05001 5
772.15001 5
772.25001 5
772.35001 5
772.45001 5
772.55001 5
772.65001 5
772.75001 5
772.85001 5
772.95001 5
773.05001 5
773.15001 5
773.25001 5
773.35001 5
773.45001 5
773.55001 5
773.65001 5
773.75001 5
773.85001 5
773.95001 5
774.05001 5
774.15001 5
774.25001 5
774.35001 5
774.45001 5
774.55001 5
774.65001 5
774.75001 5
774.85001 5
774.95001 5
775.05001 5
775.15001 5
775.25001 5
775.35001 5
775.45001 5
775.55001 5
775.65001 5
775.75001 5
775.85001 5
775.95001 5
776.05001 5
776.15001 5
776.25001 5
776.35001 5
776.45001 5
776.55001 5
776.65001 5
776.75001 5
776.85001 5
776.95001 5
777.05001 5
777.15001 5
777.25001 5
777.35001 5
777.45001 5
777.55001 5
777.65001 5
777.75001 5
777.85001 5
777.95001 5
778.05001 5
778.15001 5
778.25001 5
778.35001 5
778.45001 5
778.55001 5
778.65001 5
778.75001 5
778.85001 5
778.95001 5
779.05001 5
779.15001 5
779.25001 5
779.35001 5
779.45001 5
779.55001 5
779.65001 5
779.75001 5
779.85001 5
779.95001 5
780.05001 5
780.15001 5
780.25001 5
780.35001 5
780.45001 5
780.55001 5
780.65001 5
780.75001 5
780.85001 5
780.95001 5
781.05001 5
781.15001 5
781.25001 5
781.35001 5
781.45001 5
781.55001 5
781.65001 5
781.75001 5
781.85001 5
781.95001 5
782.05001 5
782.15001 5
782.25001 5
782.35001 5
782.45001 5
782.55001 5
782.65001 5
782.75001 5
782.85001 5
782.95001 5
783.05001 5
783.15001 5
783.25001 5
783.35001 5
783.45001 5
783.55001 5
783.65001 5
783.75001 5
783.85001 5
783.95001 5
784.05001 5
784.15001 5
784.25001 5
784.35001 5
784.45001 5
784.55001 5
784.65001 5
784.75001 5
784.85001 5
784.95001 5
785.05001 5
785.15001 5
785.25001 5
785.35001 5
785.45001 5
785.55001 5
785.65001 5
785.75001 5
785.85001 5
785.95001 5
786.05001 5
786.15001 5
786.25001 5
786.35001 5
786.45001 5
786.55001 5
786.65001 5
786.75001 5
786.85001 5
786.95001 5
787.05001 5
787.15001 5
787.25001 5
787.35001 5
787.45001 5
787.55001 5
787.65001 5
787.75001 5
787.85001 5
787.95001 5
788.05001 5
788.15001 5
788.25001 5
788.35001 5
788.45001 5
788.55001 5
788.65001 5
788.75001 5
788.85001 5
788.95001 5
789.05001 5
789.15001 5
789.25001 5
789.35001 5
789.45001 5
789.55001 5
789.65001 5
789.75001 5
789.85001 5
789.95001 5
790.05001 5
790.15001 5
790.25001 5
790.35001 5
790.45001 5
790.55001 5
790.65001 5
790.75001 5
790.85001 5
790.95001 5
791.05001 5
791.15001 5
791.25001 5
791.35001 5
791.45001 5
791.55001 5
791.65001 5
791.75001 5
791.85001 5
791.95001 5
792.05001 5
792.15001 5
792.25001 5
792.35001 5
792.45001 5
792.55001 5
792.65001 5
792.75001 5
792.85001 5
792.95001 5
793.05001 5
793.15001 5
793.25001 5
793.35001 5
793.45001 5
793.55001 5
793.65001 5
793.75001 5
793.85001 5
793.95001 5
794.05001 5
794.15001 5
794.25001 5
794.35001 5
794.45001 5
794.55001 5
794.65001 5
794.75001 5
794.85001 5
794.95001 5
795.05001 5
795.15001 5
795.25001 5
795.35001 5
795.45001 5
795.55001 5
795.65001 5
795.75001 5
795.85001 5
795.95001 5
796.05001 5
796.15001 5
796.25001 5
796.35001 5
796.45001 5
796.55001 5
796.65001 5
796.75001 5
796.85001 5
796.95001 5
797.05001 5
797.15001 5
797.25001 5
797.35001 5
797.45001 5
797.55001 5
797.65001 5
797.75001 5
797.85001 5
797.95001 5
798.05001 5
798.15001 5
798.25001 5
798.35001 5
798.45001 5
798.55001 5
798.65001 5
798.75001 5
798.85001 5
798.95001 5
799.05001 5
799.15001 5
799.25001 5
799.35001 5
799.45001 5
799.55001 5
799.65001 5
799.75001 5
799.85001 5
799.95001 5
800.05001 5

