0.15 0
0.25 0
0.35000001 0
0.45000001 0
0.55000001 0
0.65000001 0
0.75000001 0
0.85000001 0
0.95000001 0
1.05 0
1.15 0.23425768
1.25 0.035789367
1.35 1.3875262
1.45 0
1.55 0
1.65 -0.42947241
1.75 -1.212628
1.85 -1.0617512
1.95 -1.435342
2.05 -0.61199818
2.15 -0.66465968
2.25 -0.25377915
2.35 0
2.45 0.14315747
2.55 0.78163978
2.65 0.42121332
2.75 0.38970644
2.85 0.17639045
2.95 -0.19992681
3.05 0.057262988
3.15 -0.13853949
3.25 0.1073681
3.35 0.37090799
3.4500001 0.32210431
3.5500001 0.15951832
3.6500001 0.10140321
3.7500001 -0.040625768
3.8500001 -0.0056509527
3.9500001 -0.066072678
4.0500001 0.080526077
4.1500001 0.052374684
4.2500001 0.1840596
4.3500001 0.22472393
4.4500001 -0.14153068
4.5500001 -0.10498214
4.6500001 -0.21006803
4.7500001 -0.19189193
4.8500001 -0.11631544
4.9500001 0.083265059
5.0500001 0.090189206
5.1500001 -0.0042105138
5.2500001 -0.12801581
5.3500001 -0.072929277
5.4500001 -0.083508524
5.5500001 -0.13665031
5.6500001 -0.1993979
5.7500001 0.04144032
5.8500001 0.081451664
5.9500001 0.12738588
6.0500001 0.15389428
6.1500001 0.024641859
6.2500001 -0.086587179
6.3500001 0.054536179
6.4500001 0.013421013
6.5500001 -0.042947241
6.6500001 0.019521473
6.7500001 0.0064100359
6.8500001 -0.0031578854
6.9500001 0.08402721
7.0500001 0.070556181
7.1500001 -0.0846847
7.2500001 -0.041754262
7.3500001 0.044123878
7.4500001 0
7.5500001 0.04581039
7.6500001 0.011301905
7.7500001 -0.019521473
7.8500001 -0.038542396
7.9500001 -0.081545394
8.0500001 0.0053684051
8.1500001 -0.053021285
8.2500001 0.044518481
8.3500001 0.041394931
8.4500001 -0.02300745
8.5500001 -0.010105233
8.6500001 -0.059926383
8.7500001 0.032087019
8.8500001 0.063444788
8.9500001 -0.0024127663
9.0500001 -0.042947241
9.1500001 0.035396078
9.2500001 0.0093363567
9.3500001 -0.076196718
9.4500001 0.063963976
9.5500001 0.011301905
9.6500001 0.015657848
9.7500001 -0.0088551012
9.8500001 0.052588458
9.9500001 0.06724063
10.05 0.0085894482
10.15 -0.057404728
10.25 -0.023157826
10.35 -0.029187445
10.45 0.012388627
10.55 -0.01227064
10.65 0.030387199
10.75 -0.1023509
10.85 0.031812771
10.95 0.019700569
11.05 0.017569326
11.15 -0.036756648
11.25 -0.026842026
11.35 -0.043707369
11.45 0.0075346037
11.55 -0.0093363567
11.65 -0.024065264
11.75 0.044048452
11.85 0.10190871
11.95 0.055939683
12.05 0.025052557
12.15 0.0088733969
12.25 -0.042243188
12.35 -0.015712405
12.45 -0.060611025
12.55 -0.0034357793
12.65 -0.025563834
12.75 0.059179269
12.85 -0.0067105064
12.95 0.0099877304
13.05 0.071028129
13.15 0.013113661
13.25 -0.017894684
13.35 0.0096873476
13.45 -0.001602509
13.55 -0.050900434
13.65 -0.086841847
13.75 -0.010971923
13.85 -0.040457546
13.95 0.03553189
14.05 0.038345751
14.15 0.0015229518
14.25 0.019658948
14.35 0.027029732
14.45 0.0014912236
14.55 -0.069604149
14.65 0.041182286
14.75 -0.032137391
14.85 -0.044978529
14.95 -0.0072059129
15.05 0.047241965
15.15 0.012798847
15.25 0.03108024
15.35 0.021052569
15.45 -0.012549518
15.55 -0.020780923
15.65 -0.026153768
15.75 0.025987184
15.85 0.0013590899
15.95 -0.020258132
16.05 0
16.15 0.022674009
16.25 0.049044689
16.35 -0.035569801
16.45 0.027496709
16.55 -0.0013014315
16.65 -0.0012935916
16.75 -0.0038575366
16.85 0.0025563834
16.95 -0.049554509
17.05 -0.010105233
17.15 -0.020092276
17.25 -0.0037453989
17.35 0.0024824995
17.45 0.041959948
17.55 0.061353201
17.65 -0.013421013
17.75 -0.05459395
17.85 -0.025334047
17.95 -0.025192516
18.05 0.026245536
18.15 -0.018982206
18.25 0.066072678
18.35 -0.0035202656
18.45 -0.052517006
18.55 -0.011607362
18.65 0.028862393
18.75 0.020669795
18.85 -0.007995497
18.95 0.061353201
19.05 0.016952858
19.15 0.015739826
19.25 -0.046973545
19.35 -0.034491307
19.45 -0.034313517
19.55 0.017619381
19.65 0.061353201
19.75 0.010900315
19.85 0.0065071577
19.95 -0.014027993
20.05 0.0042947241
20.15 -0.0042733573
20.25 0.0074413536
20.35 -0.063468829
20.45 0.011578913
20.55 -0.003142481
20.65 -0.0010424088
20.75 -0.061205005
20.85 -0.028906797
20.95 -0.0041097838
21.05 0.02454128
21.15 0.025442678
21.25 0.008103253
21.35 0.020163024
21.45 0.024082565
21.55 -0.015980369
21.65 -0.0099414909
21.75 -0.0079165421
21.85 0.026595768
21.95 -0.011766367
22.05 0.075157671
22.15 -0.054412794
22.25 0.018378324
22.35 0.025999451
22.45 -0.022048807
22.55 0.04581039
22.65 0.026604485
22.75 -0.032163132
22.85 -0.042382146
22.95 0.022505104
23.05 -0.063487226
23.15 0.025099037
23.25 -0.012958219
23.35 -0.0073729169
23.45 -0.05873127
23.55 0.017361651
23.65 -0.023657378
23.75 0.0063424195
23.85 0.010827036
23.95 0.021563468
24.05 0.032210431
24.15 -0.0080191943
24.25 0.073649194
24.35 -0.012371633
24.45 0.00088006641
24.55 -0.017529486
24.65 0.01222076
24.75 -0.054770773
24.85 -0.038964231
24.95 -0.04915648
25.05 0.053254579
25.15 0.029087773
25.25 -0.0076691501
25.35 0.0008487597
25.45 0.006763345
25.55 -0.0016842055
25.65 -0.038585412
25.75 -0.005848846
25.85 0.0049938652
25.95 0.031505698
26.05 -0.0066072678
26.15 0.025505066
26.25 0.0090156422
26.35 0.041640861
26.45 0.037416157
26.55 -0.0048619518
26.65 0.0016145579
26.75 -0.074795757
26.85 0.063299105
26.95 -0.005587931
27.05 -0.047719156
27.15 -0.041996379
27.25 0.00078947134
27.35 0.01651817
27.45 -0.035266895
27.55 -0.015617178
27.65 0.0015560595
27.75 -0.037985827
27.85 0.01622108
27.95 0.0076966381
28.05 0.0099698952
28.15 0.01451953
28.25 0.027413132
28.35 0.014416918
28.45 -0.052927938
28.55 0.037673018
28.65 0.036790469
28.75 -0.0052374684
28.85 0.0052192827
28.95 0.032693401
29.05 -0.023695029
29.15 0.0059034008
29.25 0.016914153
29.35 0.012459097
29.45 0.008764743
29.55 0.016014225
29.65 -0.025391105
29.75 -0.032535789
29.85 -0.020897147
29.95 0.0071818128
30.05 0.017178896
30.15 -0.0035670466
30.25 -0.025597693
30.35 -0.016300108
30.45 -0.062866849
30.55 0.017601328
30.65 0.0456139
30.75 0.016087729
30.85 -0.02928221
30.95 -0.0020848175
31.05 0.051952307
31.15 -0.029690215
31.25 -0.02340074
31.35 0.011662989
31.45 0.0047871128
31.55 -0.0013634045
31.65 -0.015629534
31.75 -0.01083842
31.85 -0.0040516265
31.95 0.0397161
32.05 -0.037578836
32.15 0.032110087
32.25 0.0093363567
32.35 0.025263083
32.45 -0.011267023
32.55 -0.01850035
32.65 -0.0052696001
32.75 0.043997938
32.85 0.039281013
32.95 -0.036550843
33.05 0.008459305
33.15 0.012974997
33.25 -0.039454544
33.35 -0.0077382416
33.45 0.027645679
33.55 -0.0012820072
33.650001 0.0089473418
33.750001 0.0038231965
33.850001 0.017153484
33.950001 -0.029771686
34.050001 -0.042315664
34.150001 -0.046599645
34.250001 -0.0094182546
34.350001 0.0056344777
34.450001 0.0031211658
34.550001 -0.0049793902
34.650001 0.0055856238
34.750001 0.0012376726
34.850001 0.026533496
34.950001 0.01353638
35.050001 -0.023927748
35.150001 0.023247794
35.250001 -0.0030502302
35.350001 -0.012774675
35.450001 0.013345188
35.550001 -0.023590738
35.650001 0.028350004
35.750001 0.024661581
35.850001 0.0095971488
35.950001 -0.0059815099
36.050001 -0.0071578735
36.150001 0.013681254
36.250001 -0.012457073
36.350001 -0.0011831196
36.450001 0.0023597385
36.550001 -0.020591143
36.650001 -0.031682391
36.750001 0.023404491
36.850001 -0.016922147
36.950001 0.029097047
37.050001 0.014509203
37.150001 0.016206506
37.250001 -0.015008444
37.350001 -0.026482213
37.450001 0.025837244
37.550001 -0.010879968
37.650001 -0.021702063
37.750001 0.015948577
37.850001 0.0068170224
37.950001 0.00056658629
38.050001 -0.028819859
38.150001 -0.020853647
38.250001 0.03204179
38.350001 -0.009531372
38.450001 0.046414336
38.550001 -0.0078085892
38.650001 -0.045617536
38.750001 0.038841174
38.850001 0.016049871
38.950001 0.006072232
39.050001 0.010461507
39.150001 0.012082344
39.250001 0.019172875
39.350001 -0.015299272
39.450001 -0.016350472
39.550001 0.013590899
39.650001 0.014098842
39.750001 -0.0032453834
39.850001 -0.020502452
39.950001 -0.029600229
40.050001 -0.014494694
40.150001 -0.058369691
40.250001 -0.027242653
40.350001 -0.019715235
40.450001 -0.039332869
40.550001 0.027571068
40.650001 -0.030147694
40.750001 -0.055398775
40.850001 -0.054210365
40.950001 -0.051452685
41.050001 -0.060230887
41.150001 -0.077325932
41.250001 -0.097986423
41.350001 -0.057193662
41.450001 -0.10529336
41.550001 -0.081237552
41.650001 -0.081042269
41.750001 -0.090117112
41.850001 -0.067811433
41.950001 -0.041512249
42.050001 -0.041924687
42.150001 -0.037234544
42.250001 -0.0284958
42.350001 -0.021321325
42.450001 -0.014687146
42.550001 -0.0020210466
42.650001 -0.005040756
42.750001 -0.0025144755
42.850001 -0.0010034402
42.950001 0
43.050001 -0.0024969326
43.150001 -0.0014946836
43.250001 -0.00099414909
43.350001 0
43.450001 0
43.550001 0
43.650001 0
43.750001 0
43.850001 0
43.950001 0
44.050001 0
44.150001 0
44.250001 0
44.350001 0
44.450001 0
44.550001 0
44.650001 0
44.750001 0
44.850001 0
44.950001 0
45.050001 0
45.150001 0
45.250001 0
45.350001 0
45.450001 0
45.550001 0
45.650001 0
45.750001 0
45.850001 0
45.950001 0
46.050001 0
46.150001 0
46.250001 0
46.350001 0
46.450001 0
46.550001 0
46.650001 0
46.750001 0
46.850001 0
46.950001 0
47.050001 0
47.150001 0
47.250001 0
47.350001 0
47.450001 0
47.550001 0
47.650001 0
47.750001 0
47.850001 0
47.950001 0
48.050001 0
48.150001 0
48.250001 0
48.350001 0
48.450001 0
48.550001 0
48.650001 0
48.750001 0
48.850001 0
48.950001 0
49.050001 0
49.150001 0
49.250001 0
49.350001 0
49.450001 0
49.550001 0
49.650001 0
49.750001 0
49.850001 0
49.950001 0
50.050001 0
50.150001 0
50.250001 0
50.350001 0
50.450001 0
50.550001 0
50.650001 0
50.750001 0
50.850001 0
50.950001 0
51.050001 0
51.150001 0
51.250001 0
51.350001 0
51.450001 0
51.550001 0
51.650001 0
51.750001 0
51.850001 0
51.950001 0
52.050001 0
52.150001 0
52.250001 0
52.350001 0
52.450001 0
52.550001 0
52.650001 0
52.750001 0
52.850001 0
52.950001 0
53.050001 0
53.150001 0
53.250001 0
53.350001 0
53.450001 0
53.550001 0
53.650001 0
53.750001 0
53.850001 0
53.950001 0
54.050001 0
54.150001 0
54.250001 0
54.350001 0
54.450001 0
54.550001 0
54.650001 0
54.750001 0
54.850001 0
54.950001 0
55.050001 0
55.150001 0
55.250001 0
55.350001 0
55.450001 0
55.550001 0
55.650001 0
55.750001 0
55.850001 0
55.950001 0
56.050001 0
56.150001 0
56.250001 0
56.350001 0
56.450001 0
56.550001 0
56.650001 0
56.750001 0
56.850001 0
56.950001 0
57.050001 0
57.150001 0
57.250001 0
57.350001 0
57.450001 0
57.550001 0
57.650001 0
57.750001 0
57.850001 0
57.950001 0
58.050001 0
58.150001 0
58.250001 0
58.350001 0
58.450001 0
58.550001 0
58.650001 0
58.750001 0
58.850001 0
58.950001 0
59.050001 0
59.150001 0
59.250001 0
59.350001 0
59.450001 0
59.550001 0
59.650001 0
59.750001 0
59.850001 0
59.950001 0
60.050001 0
60.150001 0
60.250001 0
60.350001 0
60.450001 0
60.550001 0
60.650001 0
60.750001 0
60.850001 0
60.950001 0
61.050001 0
61.150001 0
61.250001 0
61.350001 0
61.450001 0
61.550001 0
61.650001 0
61.750001 0
61.850001 0
61.950001 0
62.050001 0
62.150001 0
62.250001 0
62.350001 0
62.450001 0
62.550001 0
62.650001 0
62.750001 0
62.850001 0
62.950001 0
63.050001 0
63.150001 0
63.250001 0
63.350001 0
63.450001 0
63.550001 0
63.650001 0
63.750001 0
63.850001 0
63.950001 0
64.050001 0
64.150001 0
64.250001 0
64.350001 0
64.450001 0
64.550001 0
64.650001 0
64.750001 0
64.850001 0
64.950001 0
65.050001 0
65.150001 0
65.250001 0
65.350001 0
65.450001 0
65.550001 0
65.650001 0
65.750001 0
65.850001 0
65.950001 0
66.050001 0
66.150001 0
66.250001 0
66.350001 0
66.450001 0
66.550001 0
66.650001 0
66.750001 0
66.850001 0
66.950001 0
67.050001 0
67.150001 0
67.250001 0
67.350001 0
67.450001 0
67.550001 0
67.650001 0
67.750001 0
67.850001 0
67.950001 0
68.050001 0
68.150001 0
68.250001 0
68.350001 0
68.450001 0
68.550001 0
68.650001 0
68.750001 0
68.850001 0
68.950001 0
69.050001 0
69.150001 0
69.250001 0
69.350001 0
69.450001 0
69.550001 0
69.650001 0
69.750001 0
69.850001 0
69.950001 0
70.050001 0
70.150001 0
70.250001 0
70.350001 0
70.450001 0
70.550001 0
70.650001 0
70.750001 0
70.850001 0
70.950001 0
71.050001 0
71.150001 0
71.250001 0
71.350001 0
71.450001 0
71.550001 0
71.650001 0
71.750001 0
71.850001 0
71.950001 0
72.050001 0
72.150001 0
72.250001 0
72.350001 0
72.450001 0
72.550001 0
72.650001 0
72.750001 0
72.850001 0
72.950001 0
73.050001 0
73.150001 0
73.250001 0
73.350001 0
73.450001 0
73.550001 0
73.650001 0
73.750001 0
73.850001 0
73.950001 0
74.050001 0
74.150001 0
74.250001 0
74.350001 0
74.450001 0
74.550001 0
74.650001 0
74.750001 0
74.850001 0
74.950001 0
75.050001 0
75.150001 0
75.250001 0
75.350001 0
75.450001 0
75.550001 0
75.650001 0
75.750001 0
75.850001 0
75.950001 0
76.050001 0
76.150001 0
76.250001 0
76.350001 0
76.450001 0
76.550001 0
76.650001 0
76.750001 0
76.850001 0
76.950001 0
77.050001 0
77.150001 0
77.250001 0
77.350001 0
77.450001 0
77.550001 0
77.650001 0
77.750001 0
77.850001 0
77.950001 0
78.050001 0
78.150001 0
78.250001 0
78.350001 0
78.450001 0
78.550001 0
78.650001 0
78.750001 0
78.850001 0
78.950001 0
79.050001 0
79.150001 0
79.250001 0
79.350001 0
79.450001 0
79.550001 0
79.650001 0
79.750001 0
79.850001 0
79.950001 0
80.050001 0
80.150001 0
80.250001 0
80.350001 0
80.450001 0
80.550001 0
80.650001 0
80.750001 0
80.850001 0
80.950001 0
81.050001 0
81.150001 0
81.250001 0
81.350001 0
81.450001 0
81.550001 0
81.650001 0
81.750001 0
81.850001 0
81.950001 0
82.050001 0
82.150001 0
82.250001 0
82.350001 0
82.450001 0
82.550001 0
82.650001 0
82.750001 0
82.850001 0
82.950001 0
83.050001 0
83.150001 0
83.250001 0
83.350001 0
83.450001 0
83.550001 0
83.650001 0
83.750001 0
83.850001 0
83.950001 0
84.050001 0
84.150001 0
84.250001 0
84.350001 0
84.450001 0
84.550001 0
84.650001 0
84.750001 0
84.850001 0
84.950001 0
85.050001 0
85.150001 0
85.250001 0
85.350001 0
85.450001 0
85.550001 0
85.650001 0
85.750001 0
85.850001 0
85.950001 0
86.050001 0
86.150001 0
86.250001 0
86.350001 0
86.450001 0
86.550001 0
86.650001 0
86.750001 0
86.850001 0
86.950001 0
87.050001 0
87.150001 0
87.250001 0
87.350001 0
87.450001 0
87.550001 0
87.650001 0
87.750001 0
87.850001 0
87.950001 0
88.050001 0
88.150001 0
88.250001 0
88.350001 0
88.450001 0
88.550001 0
88.650001 0
88.750001 0
88.850001 0
88.950001 0
89.050001 0
89.150001 0
89.250001 0
89.350001 0
89.450001 0
89.550001 0
89.650001 0
89.750001 0
89.850001 0
89.950001 0
90.050001 0
90.150001 0
90.250001 0
90.350001 0
90.450001 0
90.550001 0
90.650001 0
90.750001 0
90.850001 0
90.950001 0
91.050001 0
91.150001 0
91.250001 0
91.350001 0
91.450001 0
91.550001 0
91.650001 0
91.750001 0
91.850001 0
91.950001 0
92.050001 0
92.150001 0
92.250001 0
92.350001 0
92.450001 0
92.550001 0
92.650001 0
92.750001 0
92.850001 0
92.950001 0
93.050001 0
93.150001 0
93.250001 0
93.350001 0
93.450001 0
93.550001 0
93.650001 0
93.750001 0
93.850001 0
93.950001 0
94.050001 0
94.150001 0
94.250001 0
94.350001 0
94.450001 0
94.550001 0
94.650001 0
94.750001 0
94.850001 0
94.950001 0
95.050001 0
95.150001 0
95.250001 0
95.350001 0
95.450001 0
95.550001 0
95.650001 0
95.750001 0
95.850001 0
95.950001 0
96.050001 0
96.150001 0
96.250001 0
96.350001 0
96.450001 0
96.550001 0
96.650001 0
96.750001 0
96.850001 0
96.950001 0
97.050001 0
97.150001 0
97.250001 0
97.350001 0
97.450001 0
97.550001 0
97.650001 0
97.750001 0
97.850001 0
97.950001 0
98.050001 0
98.150001 0
98.250001 0
98.350001 0
98.450001 0
98.550001 0
98.650001 0
98.750001 0
98.850001 0
98.950001 0
99.050001 0
99.150001 0
99.250001 0
99.350001 0
99.450001 0
99.550001 0
99.650001 0
99.750001 0
99.850001 0
99.950001 0
100.05 0
100.15 0
100.25 0
100.35 0
100.45 0
100.55 0
100.65 0
100.75 0
100.85 0
100.95 0
101.05 0
101.15 0
101.25 0
101.35 0
101.45 0
101.55 0
101.65 0
101.75 0
101.85 0
101.95 0
102.05 0
102.15 0
102.25 0
102.35 0
102.45 0
102.55 0
102.65 0
102.75 0
102.85 0
102.95 0
103.05 0
103.15 0
103.25 0
103.35 0
103.45 0
103.55 0
103.65 0
103.75 0
103.85 0
103.95 0
104.05 0
104.15 0
104.25 0
104.35 0
104.45 0
104.55 0
104.65 0
104.75 0
104.85 0
104.95 0
105.05 0
105.15 0
105.25 0
105.35 0
105.45 0
105.55 0
105.65 0
105.75 0
105.85 0
105.95 0
106.05 0
106.15 0
106.25 0
106.35 0
106.45 0
106.55 0
106.65 0
106.75 0
106.85 0
106.95 0
107.05 0
107.15 0
107.25 0
107.35 0
107.45 0
107.55 0
107.65 0
107.75 0
107.85 0
107.95 0
108.05 0
108.15 0
108.25 0
108.35 0
108.45 0
108.55 0
108.65 0
108.75 0
108.85 0
108.95 0
109.05 0
109.15 0
109.25 0
109.35 0
109.45 0
109.55 0
109.65 0
109.75 0
109.85 0
109.95 0
110.05 0
110.15 0
110.25 0
110.35 0
110.45 0
110.55 0
110.65 0
110.75 0
110.85 0
110.95 0
111.05 0
111.15 0
111.25 0
111.35 0
111.45 0
111.55 0
111.65 0
111.75 0
111.85 0
111.95 0
112.05 0
112.15 0
112.25 0
112.35 0
112.45 0
112.55 0
112.65 0
112.75 0
112.85 0
112.95 0
113.05 0
113.15 0
113.25 0
113.35 0
113.45 0
113.55 0
113.65 0
113.75 0
113.85 0
113.95 0
114.05 0
114.15 0
114.25 0
114.35 0
114.45 0
114.55 0
114.65 0
114.75 0
114.85 0
114.95 0
115.05 0
115.15 0
115.25 0
115.35 0
115.45 0
115.55 0
115.65 0
115.75 0
115.85 0
115.95 0
116.05 0
116.15 0
116.25 0
116.35 0
116.45 0
116.55 0
116.65 0
116.75 0
116.85 0
116.95 0
117.05 0
117.15 0
117.25 0
117.35 0
117.45 0
117.55 0
117.65 0
117.75 0
117.85 0
117.95 0
118.05 0
118.15 0
118.25 0
118.35 0
118.45 0
118.55 0
118.65 0
118.75 0
118.85 0
118.95 0
119.05 0
119.15 0
119.25 0
119.35 0
119.45 0
119.55 0
119.65 0
119.75 0
119.85 0
119.95 0
120.05 0
120.15 0
120.25 0
120.35 0
120.45 0
120.55 0
120.65 0
120.75 0
120.85 0
120.95 0
121.05 0
121.15 0
121.25 0
121.35 0
121.45 0
121.55 0
121.65 0
121.75 0
121.85 0
121.95 0
122.05 0
122.15 0
122.25 0
122.35 0
122.45 0
122.55 0
122.65 0
122.75 0
122.85 0
122.95 0
123.05 0
123.15 0
123.25 0
123.35 0
123.45 0
123.55 0
123.65 0
123.75 0
123.85 0
123.95 0
124.05 0
124.15 0
124.25 0
124.35 0
124.45 0
124.55 0
124.65 0
124.75 0
124.85 0
124.95 0
125.05 0
125.15 0
125.25 0
125.35 0
125.45 0
125.55 0
125.65 0
125.75 0
125.85 0
125.95 0
126.05 0
126.15 0
126.25 0
126.35 0
126.45 0
126.55 0
126.65 0
126.75 0
126.85 0
126.95 0
127.05 0
127.15 0
127.25 0
127.35 0
127.45 0
127.55 0
127.65 0
127.75 0
127.85 0
127.95 0
128.05 0
128.15 0
128.25 0
128.35 0
128.45 0
128.55 0
128.65 0
128.75 0
128.85 0
128.95 0
129.05 0
129.15 0
129.25 0
129.35 0
129.45 0
129.55 0
129.65 0
129.75 0
129.85 0
129.95 0
130.05 0
130.15 0
130.25 0
130.35 0
130.45 0
130.55 0
130.65 0
130.75 0
130.85 0
130.95 0
131.05 0
131.15 0
131.25 0
131.35 0
131.45 0
131.55 0
131.65 0
131.75 0
131.85 0
131.95 0
132.05 0
132.15 0
132.25 0
132.35 0
132.45 0
132.55 0
132.65 0
132.75 0
132.85 0
132.95 0
133.05 0
133.15 0
133.25 0
133.35 0
133.45 0
133.55 0
133.65 0
133.75 0
133.85 0
133.95 0
134.05 0
134.15 0
134.25 0
134.35 0
134.45 0
134.55 0
134.65 0
134.75 0
134.85 0
134.95 0
135.05 0
135.15 0
135.25 0
135.35 0
135.45 0
135.55 0
135.65 0
135.75 0
135.85 0
135.95 0
136.05 0
136.15 0
136.25 0
136.35 0
136.45 0
136.55 0
136.65 0
136.75 0
136.85 0
136.95 0
137.05 0
137.15 0
137.25 0
137.35 0
137.45 0
137.55 0
137.65 0
137.75 0
137.85 0
137.95 0
138.05 0
138.15 0
138.25 0
138.35 0
138.45 0
138.55 0
138.65 0
138.75 0
138.85 0
138.95 0
139.05 0
139.15 0
139.25 0
139.35 0
139.45 0
139.55 0
139.65 0
139.75 0
139.85 0
139.95 0
140.05 0
140.15 0
140.25 0
140.35 0
140.45 0
140.55 0
140.65 0
140.75 0
140.85 0
140.95 0
141.05 0
141.15 0
141.25 0
141.35 0
141.45 0
141.55 0
141.65 0
141.75 0
141.85 0
141.95 0
142.05 0
142.15 0
142.25 0
142.35 0
142.45 0
142.55 0
142.65 0
142.75 0
142.85 0
142.95 0
143.05 0
143.15 0
143.25 0
143.35 0
143.45 0
143.55 0
143.65 0
143.75 0
143.85 0
143.95 0
144.05 0
144.15 0
144.25 0
144.35 0
144.45 0
144.55 0
144.65 0
144.75 0
144.85 0
144.95 0
145.05 0
145.15 0
145.25 0
145.35 0
145.45 0
145.55 0
145.65 0
145.75 0
145.85 0
145.95 0
146.05 0
146.15 0
146.25 0
146.35 0
146.45 0
146.55 0
146.65 0
146.75 0
146.85 0
146.95 0
147.05 0
147.15 0
147.25 0
147.35 0
147.45 0
147.55 0
147.65 0
147.75 0
147.85 0
147.95 0
148.05 0
148.15 0
148.25 0
148.35 0
148.45 0
148.55 0
148.65 0
148.75 0
148.85 0
148.95 0
149.05 0
149.15 0
149.25 0
149.35 0
149.45 0
149.55 0
149.65 0
149.75 0
149.85 0
149.95 0
150.05 0
150.15 0
150.25 0
150.35 0
150.45 0
150.55 0
150.65 0
150.75 0
150.85 0
150.95 0
151.05 0
151.15 0
151.25 0
151.35 0
151.45 0
151.55 0
151.65 0
151.75 0
151.85 0
151.95 0
152.05 0
152.15 0
152.25 0
152.35 0
152.45 0
152.55 0
152.65 0
152.75 0
152.85 0
152.95 0
153.05 0
153.15 0
153.25 0
153.35 0
153.45 0
153.55 0
153.65 0
153.75 0
153.85 0
153.95 0
154.05 0
154.15 0
154.25 0
154.35 0
154.45 0
154.55 0
154.65 0
154.75 0
154.85 0
154.95 0
155.05 0
155.15 0
155.25 0
155.35 0
155.45 0
155.55 0
155.65 0
155.75 0
155.85 0
155.95 0
156.05 0
156.15 0
156.25 0
156.35 0
156.45 0
156.55 0
156.65 0
156.75 0
156.85 0
156.95 0
157.05 0
157.15 0
157.25 0
157.35 0
157.45 0
157.55 0
157.65 0
157.75 0
157.85 0
157.95 0
158.05 0
158.15 0
158.25 0
158.35 0
158.45 0
158.55 0
158.65 0
158.75 0
158.85 0
158.95 0
159.05 0
159.15 0
159.25 0
159.35 0
159.45 0
159.55 0
159.65 0
159.75 0
159.85 0
159.95 0
160.05 0
160.15 0
160.25 0
160.35 0
160.45 0
160.55 0
160.65 0
160.75 0
160.85 0
160.95 0
161.05 0
161.15 0
161.25 0
161.35 0
161.45 0
161.55 0
161.65 0
161.75 0
161.85 0
161.95 0
162.05 0
162.15 0
162.25 0
162.35 0
162.45 0
162.55 0
162.65 0
162.75 0
162.85 0
162.95 0
163.05 0
163.15 0
163.25 0
163.35 0
163.45 0
163.55 0
163.65 0
163.75 0
163.85 0
163.95 0
164.05 0
164.15 0
164.25 0
164.35 0
164.45 0
164.55 0
164.65 0
164.75 0
164.85 0
164.95 0
165.05 0
165.15 0
165.25 0
165.35 0
165.45 0
165.55 0
165.65 0
165.75 0
165.85 0
165.95 0
166.05 0
166.15 0
166.25 0
166.35 0
166.45 0
166.55 0
166.65 0
166.75 0
166.85 0
166.95 0
167.05 0
167.15 0
167.25 0
167.35 0
167.45 0
167.55 0
167.65 0
167.75 0
167.85 0
167.95 0
168.05 0
168.15 0
168.25 0
168.35 0
168.45 0
168.55 0
168.65 0
168.75 0
168.85 0
168.95 0
169.05 0
169.15 0
169.25 0
169.35 0
169.45 0
169.55 0
169.65 0
169.75 0
169.85 0
169.95 0
170.05 0
170.15 0
170.25 0
170.35 0
170.45 0
170.55 0
170.65 0
170.75 0
170.85 0
170.95 0
171.05 0
171.15 0
171.25 0
171.35 0
171.45 0
171.55 0
171.65 0
171.75 0
171.85 0
171.95 0
172.05 0
172.15 0
172.25 0
172.35 0
172.45 0
172.55 0
172.65 0
172.75 0
172.85 0
172.95 0
173.05 0
173.15 0
173.25 0
173.35 0
173.45 0
173.55 0
173.65 0
173.75 0
173.85 0
173.95 0
174.05 0
174.15 0
174.25 0
174.35 0
174.45 0
174.55 0
174.65 0
174.75 0
174.85 0
174.95 0
175.05 0
175.15 0
175.25 0
175.35 0
175.45 0
175.55 0
175.65 0
175.75 0
175.85 0
175.95 0
176.05 0
176.15 0
176.25 0
176.35 0
176.45 0
176.55 0
176.65 0
176.75 0
176.85 0
176.95 0
177.05 0
177.15 0
177.25 0
177.35 0
177.45 0
177.55 0
177.65 0
177.75 0
177.85 0
177.95 0
178.05 0
178.15 0
178.25 0
178.35 0
178.45 0
178.55 0
178.65 0
178.75 0
178.85 0
178.95 0
179.05 0
179.15 0
179.25 0
179.35 0
179.45 0
179.55 0
179.65 0
179.75 0
179.85 0
179.95 0
180.05 0
180.15 0
180.25 0
180.35 0
180.45 0
180.55 0
180.65 0
180.75 0
180.85 0
180.95 0
181.05 0
181.15 0
181.25 0
181.35 0
181.45 0
181.55 0
181.65 0
181.75 0
181.85 0
181.95 0
182.05 0
182.15 0
182.25 0
182.35 0
182.45 0
182.55 0
182.65 0
182.75 0
182.85 0
182.95 0
183.05 0
183.15 0
183.25 0
183.35 0
183.45 0
183.55 0
183.65 0
183.75 0
183.85 0
183.95 0
184.05 0
184.15 0
184.25 0
184.35 0
184.45 0
184.55 0
184.65 0
184.75 0
184.85 0
184.95 0
185.05 0
185.15 0
185.25 0
185.35 0
185.45 0
185.55 0
185.65 0
185.75 0
185.85 0
185.95 0
186.05 0
186.15 0
186.25 0
186.35 0
186.45 0
186.55 0
186.65 0
186.75 0
186.85 0
186.95 0
187.05 0
187.15 0
187.25 0
187.35 0
187.45 0
187.55 0
187.65 0
187.75 0
187.85 0
187.95 0
188.05 0
188.15 0
188.25 0
188.35 0
188.45 0
188.55 0
188.65 0
188.75 0
188.85 0
188.95 0
189.05 0
189.15 0
189.25 0
189.35 0
189.45 0
189.55 0
189.65 0
189.75 0
189.85 0
189.95 0
190.05 0
190.15 0
190.25 0
190.35 0
190.45 0
190.55 0
190.65 0
190.75 0
190.85 0
190.95 0
191.05 0
191.15 0
191.25 0
191.35 0
191.45 0
191.55 0
191.65 0
191.75 0
191.85 0
191.95 0
192.05 0
192.15 0
192.25 0
192.35 0
192.45 0
192.55 0
192.65 0
192.75 0
192.85 0
192.95 0
193.05 0
193.15 0
193.25 0
193.35 0
193.45 0
193.55 0
193.65 0
193.75 0
193.85 0
193.95 0
194.05 0
194.15 0
194.25 0
194.35 0
194.45 0
194.55 0
194.65 0
194.75 0
194.85 0
194.95 0
195.05 0
195.15 0
195.25 0
195.35 0
195.45 0
195.55 0
195.65 0
195.75 0
195.85 0
195.95 0
196.05 0
196.15 0
196.25 0
196.35 0
196.45 0
196.55 0
196.65 0
196.75 0
196.85 0
196.95 0
197.05 0
197.15 0
197.25 0
197.35 0
197.45 0
197.55 0
197.65 0
197.75 0
197.85 0
197.95 0
198.05 0
198.15 0
198.25 0
198.35 0
198.45 0
198.55 0
198.65 0
198.75 0
198.85 0
198.95 0
199.05 0
199.15 0
199.25 0
199.35 0
199.45 0
199.55 0
199.65 0
199.75 0
199.85 0
199.95 0
200.05 0
200.15 0
200.25 0
200.35 0
200.45 0
200.55 0
200.65 0
200.75 0
200.85 0
200.95 0
201.05 0
201.15 0
201.25 0
201.35 0
201.45 0
201.55 0
201.65 0
201.75 0
201.85 0
201.95 0
202.05 0
202.15 0
202.25 0
202.35 0
202.45 0
202.55 0
202.65 0
202.75 0
202.85 0
202.95 0
203.05 0
203.15 0
203.25 0
203.35 0
203.45 0
203.55 0
203.65 0
203.75 0
203.85 0
203.95 0
204.05 0
204.15 0
204.25 0
204.35 0
204.45 0
204.55 0
204.65 0
204.75 0
204.85 0
204.95 0
205.05 0
205.15 0
205.25 0
205.35 0
205.45 0
205.55 0
205.65 0
205.75 0
205.85 0
205.95 0
206.05 0
206.15 0
206.25 0
206.35 0
206.45 0
206.55 0
206.65 0
206.75 0
206.85 0
206.95 0
207.05 0
207.15 0
207.25 0
207.35 0
207.45 0
207.55 0
207.65 0
207.75 0
207.85 0
207.95 0
208.05 0
208.15 0
208.25 0
208.35 0
208.45 0
208.55 0
208.65 0
208.75 0
208.85 0
208.95 0
209.05 0
209.15 0
209.25 0
209.35 0
209.45 0
209.55 0
209.65 0
209.75 0
209.85 0
209.95 0
210.05 0
210.15 0
210.25 0
210.35 0
210.45 0
210.55 0
210.65 0
210.75 0
210.85 0
210.95 0
211.05 0
211.15 0
211.25 0
211.35 0
211.45 0
211.55 0
211.65 0
211.75 0
211.85 0
211.95 0
212.05 0
212.15 0
212.25 0
212.35 0
212.45 0
212.55 0
212.65 0
212.75 0
212.85 0
212.95 0
213.05 0
213.15 0
213.25 0
213.35 0
213.45 0
213.55 0
213.65 0
213.75 0
213.85 0
213.95 0
214.05 0
214.15 0
214.25 0
214.35 0
214.45 0
214.55 0
214.65 0
214.75 0
214.85 0
214.95 0
215.05 0
215.15 0
215.25 0
215.35 0
215.45 0
215.55 0
215.65 0
215.75 0
215.85 0
215.95 0
216.05 0
216.15 0
216.25 0
216.35 0
216.45 0
216.55 0
216.65 0
216.75 0
216.85 0
216.95 0
217.05 0
217.15 0
217.25 0
217.35 0
217.45 0
217.55 0
217.65 0
217.75 0
217.85 0
217.95 0
218.05 0
218.15 0
218.25 0
218.35 0
218.45 0
218.55 0
218.65 0
218.75 0
218.85 0
218.95 0
219.05 0
219.15 0
219.25 0
219.35 0
219.45 0
219.55 0
219.65 0
219.75 0
219.85 0
219.95 0
220.05 0
220.15 0
220.25 0
220.35 0
220.45 0
220.55 0
220.65 0
220.75 0
220.85 0
220.95 0
221.05 0
221.15 0
221.25 0
221.35 0
221.45 0
221.55 0
221.65 0
221.75 0
221.85 0
221.95 0
222.05 0
222.15 0
222.25 0
222.35 0
222.45 0
222.55 0
222.65 0
222.75 0
222.85 0
222.95 0
223.05 0
223.15 0
223.25 0
223.35 0
223.45 0
223.55 0
223.65 0
223.75 0
223.85 0
223.95 0
224.05 0
224.15 0
224.25 0
224.35 0
224.45 0
224.55 0
224.65 0
224.75 0
224.85 0
224.95 0
225.05 0
225.15 0
225.25 0
225.35 0
225.45 0
225.55 0
225.65 0
225.75 0
225.85 0
225.95 0
226.05 0
226.15 0
226.25 0
226.35 0
226.45 0
226.55 0
226.65 0
226.75 0
226.85 0
226.95 0
227.05 0
227.15 0
227.25 0
227.35 0
227.45 0
227.55 0
227.65 0
227.75 0
227.85 0
227.95 0
228.05 0
228.15 0
228.25 0
228.35 0
228.45 0
228.55 0
228.65 0
228.75 0
228.85 0
228.95 0
229.05 0
229.15 0
229.25 0
229.35 0
229.45 0
229.55 0
229.65 0
229.75 0
229.85 0
229.95 0
230.05 0
230.15 0
230.25 0
230.35 0
230.45 0
230.55 0
230.65 0
230.75 0
230.85 0
230.95 0
231.05 0
231.15 0
231.25 0
231.35 0
231.45 0
231.55 0
231.65 0
231.75 0
231.85 0
231.95 0
232.05 0
232.15 0
232.25 0
232.35 0
232.45 0
232.55 0
232.65 0
232.75 0
232.85 0
232.95 0
233.05 0
233.15 0
233.25 0
233.35 0
233.45 0
233.55 0
233.65 0
233.75 0
233.85 0
233.95 0
234.05 0
234.15 0
234.25 0
234.35 0
234.45 0
234.55 0
234.65 0
234.75 0
234.85 0
234.95 0
235.05 0
235.15 0
235.25 0
235.35 0
235.45 0
235.55 0
235.65 0
235.75 0
235.85 0
235.95 0
236.05 0
236.15 0
236.25 0
236.35 0
236.45 0
236.55 0
236.65 0
236.75 0
236.85 0
236.95 0
237.05 0
237.15 0
237.25 0
237.35 0
237.45 0
237.55 0
237.65 0
237.75 0
237.85 0
237.95 0
238.05 0
238.15 0
238.25 0
238.35 0
238.45 0
238.55 0
238.65 0
238.75 0
238.85 0
238.95 0
239.05 0
239.15 0
239.25 0
239.35 0
239.45 0
239.55 0
239.65 0
239.75 0
239.85 0
239.95 0
240.05 0
240.15 0
240.25 0
240.35 0
240.45 0
240.55 0
240.65 0
240.75 0
240.85 0
240.95 0
241.05 0
241.15 0
241.25 0
241.35 0
241.45 0
241.55 0
241.65 0
241.75 0
241.85 0
241.95 0
242.05 0
242.15 0
242.25 0
242.35 0
242.45 0
242.55 0
242.65 0
242.75 0
242.85 0
242.95 0
243.05 0
243.15 0
243.25 0
243.35 0
243.45 0
243.55 0
243.65 0
243.75 0
243.85 0
243.95 0
244.05 0
244.15 0
244.25 0
244.35 0
244.45 0
244.55 0
244.65 0
244.75 0
244.85 0
244.95 0
245.05 0
245.15 0
245.25 0
245.35 0
245.45 0
245.55 0
245.65 0
245.75 0
245.85 0
245.95 0
246.05 0
246.15 0
246.25 0
246.35 0
246.45 0
246.55 0
246.65 0
246.75 0
246.85 0
246.95 0
247.05 0
247.15 0
247.25 0
247.35 0
247.45 0
247.55 0
247.65 0
247.75 0
247.85 0
247.95 0
248.05 0
248.15 0
248.25 0
248.35 0
248.45 0
248.55 0
248.65 0
248.75 0
248.85 0
248.95 0
249.05 0
249.15 0
249.25 0
249.35 0
249.45 0
249.55 0
249.65 0
249.75 0
249.85 0
249.95 0
250.05 0
250.15 0
250.25 0
250.35 0
250.45 0
250.55 0
250.65 0
250.75 0
250.85 0
250.95 0
251.05 0
251.15 0
251.25 0
251.35 0
251.45 0
251.55 0
251.65 0
251.75 0
251.85 0
251.95 0
252.05 0
252.15 0
252.25 0
252.35 0
252.45 0
252.55 0
252.65 0
252.75 0
252.85 0
252.95 0
253.05 0
253.15 0
253.25 0
253.35 0
253.45 0
253.55 0
253.65 0
253.75 0
253.85 0
253.95 0
254.05 0
254.15 0
254.25 0
254.35 0
254.45 0
254.55 0
254.65 0
254.75 0
254.85 0
254.95 0
255.05 0
255.15 0
255.25 0
255.35 0
255.45 0
255.55 0
255.65 0
255.75 0
255.85 0
255.95 0
256.05 0
256.15 0
256.25 0
256.35 0
256.45 0
256.55 0
256.65 0
256.75 0
256.85 0
256.95 0
257.05 0
257.15 0
257.25 0
257.35 0
257.45 0
257.55 0
257.65 0
257.75 0
257.85 0
257.95 0
258.05 0
258.15 0
258.25 0
258.35 0
258.45 0
258.55 0
258.65 0
258.75 0
258.85 0
258.95 0
259.05 0
259.15 0
259.25 0
259.35 0
259.45 0
259.55 0
259.65 0
259.75 0
259.85 0
259.95 0
260.05 0
260.15 0
260.25 0
260.35 0
260.45 0
260.55 0
260.65 0
260.75 0
260.85 0
260.95 0
261.05 0
261.15 0
261.25 0
261.35 0
261.45 0
261.55 0
261.65 0
261.75 0
261.85 0
261.95 0
262.05 0
262.15 0
262.25 0
262.35 0
262.45 0
262.55 0
262.65 0
262.75 0
262.85 0
262.95 0
263.05 0
263.15 0
263.25 0
263.35 0
263.45 0
263.55 0
263.65 0
263.75 0
263.85 0
263.95 0
264.05 0
264.15 0
264.25 0
264.35 0
264.45 0
264.55 0
264.65 0
264.75 0
264.85 0
264.95 0
265.05 0
265.15 0
265.25 0
265.35 0
265.45 0
265.55 0
265.65 0
265.75 0
265.85 0
265.95 0
266.05 0
266.15 0
266.25 0
266.35 0
266.45 0
266.55 0
266.65 0
266.75 0
266.85 0
266.95 0
267.05 0
267.15 0
267.25 0
267.35 0
267.45 0
267.55 0
267.65 0
267.75 0
267.85 0
267.95 0
268.05 0
268.15 0
268.25 0
268.35 0
268.45 0
268.55 0
268.65 0
268.75 0
268.85 0
268.95 0
269.05 0
269.15 0
269.25 0
269.35 0
269.45 0
269.55 0
269.65 0
269.75 0
269.85 0
269.95 0
270.05 0
270.15 0
270.25 0
270.35 0
270.45 0
270.55 0
270.65 0
270.75 0
270.85 0
270.95 0
271.05 0
271.15 0
271.25 0
271.35 0
271.45 0
271.55 0
271.65 0
271.75 0
271.85 0
271.95 0
272.05 0
272.15 0
272.25 0
272.35 0
272.45 0
272.55 0
272.65 0
272.75 0
272.85 0
272.95 0
273.05 0
273.15 0
273.25 0
273.35 0
273.45 0
273.55 0
273.65 0
273.75 0
273.85 0
273.95 0
274.05 0
274.15 0
274.25 0
274.35 0
274.45 0
274.55 0
274.65 0
274.75 0
274.85 0
274.95 0
275.05 0
275.15 0
275.25 0
275.35 0
275.45 0
275.55 0
275.65 0
275.75 0
275.85 0
275.95 0
276.05 0
276.15 0
276.25 0
276.35 0
276.45 0
276.55 0
276.65 0
276.75 0
276.85 0
276.95 0
277.05 0
277.15 0
277.25 0
277.35 0
277.45 0
277.55 0
277.65 0
277.75 0
277.85 0
277.95 0
278.05 0
278.15 0
278.25 0
278.35 0
278.45 0
278.55 0
278.65 0
278.75 0
278.85 0
278.95 0
279.05 0
279.15 0
279.25 0
279.35 0
279.45 0
279.55 0
279.65 0
279.75 0
279.85 0
279.95 0
280.05 0
280.15 0
280.25 0
280.35 0
280.45 0
280.55 0
280.65 0
280.75 0
280.85 0
280.95 0
281.05 0
281.15 0
281.25 0
281.35 0
281.45 0
281.55 0
281.65 0
281.75 0
281.85 0
281.95 0
282.05 0
282.15 0
282.25 0
282.35 0
282.45 0
282.55 0
282.65 0
282.75 0
282.85 0
282.95 0
283.05 0
283.15 0
283.25 0
283.35 0
283.45 0
283.55 0
283.65 0
283.75 0
283.85 0
283.95 0
284.05 0
284.15 0
284.25 0
284.35 0
284.45 0
284.55 0
284.65 0
284.75 0
284.85 0
284.95 0
285.05 0
285.15 0
285.25 0
285.35 0
285.45 0
285.55 0
285.65 0
285.75 0
285.85 0
285.95 0
286.05 0
286.15 0
286.25 0
286.35 0
286.45 0
286.55 0
286.65 0
286.75 0
286.85 0
286.95 0
287.05 0
287.15 0
287.25 0
287.35 0
287.45 0
287.55 0
287.65 0
287.75 0
287.85 0
287.95 0
288.05 0
288.15 0
288.25 0
288.35 0
288.45 0
288.55 0
288.65 0
288.75 0
288.85 0
288.95 0
289.05 0
289.15 0
289.25 0
289.35 0
289.45 0
289.55 0
289.65 0
289.75 0
289.85 0
289.95 0
290.05 0
290.15 0
290.25 0
290.35 0
290.45 0
290.55 0
290.65 0
290.75 0
290.85 0
290.95 0
291.05 0
291.15 0
291.25 0
291.35 0
291.45 0
291.55 0
291.65 0
291.75 0
291.85 0
291.95 0
292.05 0
292.15 0
292.25 0
292.35 0
292.45 0
292.55 0
292.65 0
292.75 0
292.85 0
292.95 0
293.05 0
293.15 0
293.25 0
293.35 0
293.45 0
293.55 0
293.65 0
293.75 0
293.85 0
293.95 0
294.05 0
294.15 0
294.25 0
294.35 0
294.45 0
294.55 0
294.65 0
294.75 0
294.85 0
294.95 0
295.05 0
295.15 0
295.25 0
295.35 0
295.45 0
295.55 0
295.65 0
295.75 0
295.85 0
295.95 0
296.05 0
296.15 0
296.25 0
296.35 0
296.45 0
296.55 0
296.65 0
296.75 0
296.85 0
296.95 0
297.05 0
297.15 0
297.25 0
297.35 0
297.45 0
297.55 0
297.65 0
297.75 0
297.85 0
297.95 0
298.05 0
298.15 0
298.25 0
298.35 0
298.45 0
298.55 0
298.65 0
298.75 0
298.85 0
298.95 0
299.05 0
299.15 0
299.25 0
299.35 0
299.45 0
299.55 0
299.65 0
299.75 0
299.85 0
299.95 0
300.05 0
300.15 0
300.25 0
300.35 0
300.45 0
300.55 0
300.65 0
300.75 0
300.85 0
300.95 0
301.05 0
301.15 0
301.25 0
301.35 0
301.45 0
301.55 0
301.65 0
301.75 0
301.85 0
301.95 0
302.05 0
302.15 0
302.25 0
302.35 0
302.45 0
302.55 0
302.65 0
302.75 0
302.85 0
302.95 0
303.05 0
303.15 0
303.25 0
303.35 0
303.45 0
303.55 0
303.65 0
303.75 0
303.85 0
303.95 0
304.05 0
304.15 0
304.25 0
304.35 0
304.45 0
304.55 0
304.65 0
304.75 0
304.85 0
304.95 0
305.05 0
305.15 0
305.25 0
305.35 0
305.45 0
305.55 0
305.65 0
305.75 0
305.85 0
305.95 0
306.05 0
306.15 0
306.25 0
306.35 0
306.45 0
306.55 0
306.65 0
306.75 0
306.85 0
306.95 0
307.05 0
307.15 0
307.25 0
307.35 0
307.45 0
307.55 0
307.65 0
307.75 0
307.85 0
307.95 0
308.05 0
308.15 0
308.25 0
308.35 0
308.45 0
308.55 0
308.65 0
308.75 0
308.85 0
308.95 0
309.05 0
309.15 0
309.25 0
309.35 0
309.45 0
309.55 0
309.65 0
309.75 0
309.85 0
309.95 0
310.05 0
310.15 0
310.25 0
310.35 0
310.45 0
310.55 0
310.65 0
310.75 0
310.85 0
310.95 0
311.05 0
311.15 0
311.25 0
311.35 0
311.45 0
311.55 0
311.65 0
311.75 0
311.85 0
311.95 0
312.05 0
312.15 0
312.25 0
312.35 0
312.45 0
312.55 0
312.65 0
312.75 0
312.85 0
312.95 0
313.05 0
313.15 0
313.25 0
313.35 0
313.45 0
313.55 0
313.65 0
313.75 0
313.85 0
313.95 0
314.05 0
314.15 0
314.25 0
314.35 0
314.45 0
314.55 0
314.65 0
314.75 0
314.85 0
314.95 0
315.05 0
315.15 0
315.25 0
315.35 0
315.45 0
315.55 0
315.65 0
315.75 0
315.85 0
315.95 0
316.05 0
316.15 0
316.25 0
316.35 0
316.45 0
316.55 0
316.65 0
316.75 0
316.85 0
316.95 0
317.05 0
317.15 0
317.25 0
317.35 0
317.45 0
317.55 0
317.65 0
317.75 0
317.85 0
317.95 0
318.05 0
318.15 0
318.25 0
318.35 0
318.45 0
318.55 0
318.65 0
318.75 0
318.85 0
318.95 0
319.05 0
319.15 0
319.25 0
319.35 0
319.45 0
319.55 0
319.65 0
319.75 0
319.85 0
319.95 0
320.05 0
320.15 0
320.25 0
320.35 0
320.45 0
320.55 0
320.65 0
320.75 0
320.85 0
320.95 0
321.05 0
321.15 0
321.25 0
321.35 0
321.45 0
321.55 0
321.65 0
321.75 0
321.85 0
321.95 0
322.05 0
322.15 0
322.25 0
322.35 0
322.45 0
322.55 0
322.65 0
322.75 0
322.85 0
322.95 0
323.05 0
323.15 0
323.25 0
323.35 0
323.45 0
323.55 0
323.65 0
323.75 0
323.85 0
323.95 0
324.05 0
324.15 0
324.25 0
324.35 0
324.45 0
324.55 0
324.65 0
324.75 0
324.85 0
324.95 0
325.05 0
325.15 0
325.25 0
325.35 0
325.45 0
325.55 0
325.65 0
325.75 0
325.85 0
325.95 0
326.05 0
326.15 0
326.25 0
326.35 0
326.45 0
326.55 0
326.65 0
326.75 0
326.85 0
326.95 0
327.05 0
327.15 0
327.25 0
327.35 0
327.45 0
327.55 0
327.65 0
327.75 0
327.85 0
327.95 0
328.05 0
328.15 0
328.25 0
328.35 0
328.45 0
328.55 0
328.65 0
328.75 0
328.85 0
328.95 0
329.05 0
329.15 0
329.25 0
329.35 0
329.45 0
329.55 0
329.65 0
329.75 0
329.85 0
329.95 0
330.05 0
330.15 0
330.25 0
330.35 0
330.45 0
330.55 0
330.65 0
330.75 0
330.85 0
330.95 0
331.05 0
331.15 0
331.25 0
331.35 0
331.45 0
331.55 0
331.65 0
331.75 0
331.85 0
331.95 0
332.05 0
332.15 0
332.25 0
332.35 0
332.45 0
332.55 0
332.65 0
332.75 0
332.85 0
332.95 0
333.05 0
333.15 0
333.25 0
333.35 0
333.45 0
333.55 0
333.65 0
333.75 0
333.85 0
333.95 0
334.05 0
334.15 0
334.25 0
334.35 0
334.45 0
334.55 0
334.65 0
334.75 0
334.85 0
334.95 0
335.05 0
335.15 0
335.25 0
335.35 0
335.45 0
335.55001 0
335.65001 0
335.75001 0
335.85001 0
335.95001 0
336.05001 0
336.15001 0
336.25001 0
336.35001 0
336.45001 0
336.55001 0
336.65001 0
336.75001 0
336.85001 0
336.95001 0
337.05001 0
337.15001 0
337.25001 0
337.35001 0
337.45001 0
337.55001 0
337.65001 0
337.75001 0
337.85001 0
337.95001 0
338.05001 0
338.15001 0
338.25001 0
338.35001 0
338.45001 0
338.55001 0
338.65001 0
338.75001 0
338.85001 0
338.95001 0
339.05001 0
339.15001 0
339.25001 0
339.35001 0
339.45001 0
339.55001 0
339.65001 0
339.75001 0
339.85001 0
339.95001 0
340.05001 0
340.15001 0
340.25001 0
340.35001 0
340.45001 0
340.55001 0
340.65001 0
340.75001 0
340.85001 0
340.95001 0
341.05001 0
341.15001 0
341.25001 0
341.35001 0
341.45001 0
341.55001 0
341.65001 0
341.75001 0
341.85001 0
341.95001 0
342.05001 0
342.15001 0
342.25001 0
342.35001 0
342.45001 0
342.55001 0
342.65001 0
342.75001 0
342.85001 0
342.95001 0
343.05001 0
343.15001 0
343.25001 0
343.35001 0
343.45001 0
343.55001 0
343.65001 0
343.75001 0
343.85001 0
343.95001 0
344.05001 0
344.15001 0
344.25001 0
344.35001 0
344.45001 0
344.55001 0
344.65001 0
344.75001 0
344.85001 0
344.95001 0
345.05001 0
345.15001 0
345.25001 0
345.35001 0
345.45001 0
345.55001 0
345.65001 0
345.75001 0
345.85001 0
345.95001 0
346.05001 0
346.15001 0
346.25001 0
346.35001 0
346.45001 0
346.55001 0
346.65001 0
346.75001 0
346.85001 0
346.95001 0
347.05001 0
347.15001 0
347.25001 0
347.35001 0
347.45001 0
347.55001 0
347.65001 0
347.75001 0
347.85001 0
347.95001 0
348.05001 0
348.15001 0
348.25001 0
348.35001 0
348.45001 0
348.55001 0
348.65001 0
348.75001 0
348.85001 0
348.95001 0
349.05001 0
349.15001 0
349.25001 0
349.35001 0
349.45001 0
349.55001 0
349.65001 0
349.75001 0
349.85001 0
349.95001 0
350.05001 0
350.15001 0
350.25001 0
350.35001 0
350.45001 0
350.55001 0
350.65001 0
350.75001 0
350.85001 0
350.95001 0
351.05001 0
351.15001 0
351.25001 0
351.35001 0
351.45001 0
351.55001 0
351.65001 0
351.75001 0
351.85001 0
351.95001 0
352.05001 0
352.15001 0
352.25001 0
352.35001 0
352.45001 0
352.55001 0
352.65001 0
352.75001 0
352.85001 0
352.95001 0
353.05001 0
353.15001 0
353.25001 0
353.35001 0
353.45001 0
353.55001 0
353.65001 0
353.75001 0
353.85001 0
353.95001 0
354.05001 0
354.15001 0
354.25001 0
354.35001 0
354.45001 0
354.55001 0
354.65001 0
354.75001 0
354.85001 0
354.95001 0
355.05001 0
355.15001 0
355.25001 0
355.35001 0
355.45001 0
355.55001 0
355.65001 0
355.75001 0
355.85001 0
355.95001 0
356.05001 0
356.15001 0
356.25001 0
356.35001 0
356.45001 0
356.55001 0
356.65001 0
356.75001 0
356.85001 0
356.95001 0
357.05001 0
357.15001 0
357.25001 0
357.35001 0
357.45001 0
357.55001 0
357.65001 0
357.75001 0
357.85001 0
357.95001 0
358.05001 0
358.15001 0
358.25001 0
358.35001 0
358.45001 0
358.55001 0
358.65001 0
358.75001 0
358.85001 0
358.95001 0
359.05001 0
359.15001 0
359.25001 0
359.35001 0
359.45001 0
359.55001 0
359.65001 0
359.75001 0
359.85001 0
359.95001 0
360.05001 0
360.15001 0
360.25001 0
360.35001 0
360.45001 0
360.55001 0
360.65001 0
360.75001 0
360.85001 0
360.95001 0
361.05001 0
361.15001 0
361.25001 0
361.35001 0
361.45001 0
361.55001 0
361.65001 0
361.75001 0
361.85001 0
361.95001 0
362.05001 0
362.15001 0
362.25001 0
362.35001 0
362.45001 0
362.55001 0
362.65001 0
362.75001 0
362.85001 0
362.95001 0
363.05001 0
363.15001 0
363.25001 0
363.35001 0
363.45001 0
363.55001 0
363.65001 0
363.75001 0
363.85001 0
363.95001 0
364.05001 0
364.15001 0
364.25001 0
364.35001 0
364.45001 0
364.55001 0
364.65001 0
364.75001 0
364.85001 0
364.95001 0
365.05001 0
365.15001 0
365.25001 0
365.35001 0
365.45001 0
365.55001 0
365.65001 0
365.75001 0
365.85001 0
365.95001 0
366.05001 0
366.15001 0
366.25001 0
366.35001 0
366.45001 0
366.55001 0
366.65001 0
366.75001 0
366.85001 0
366.95001 0
367.05001 0
367.15001 0
367.25001 0
367.35001 0
367.45001 0
367.55001 0
367.65001 0
367.75001 0
367.85001 0
367.95001 0
368.05001 0
368.15001 0
368.25001 0
368.35001 0
368.45001 0
368.55001 0
368.65001 0
368.75001 0
368.85001 0
368.95001 0
369.05001 0
369.15001 0
369.25001 0
369.35001 0
369.45001 0
369.55001 0
369.65001 0
369.75001 0
369.85001 0
369.95001 0
370.05001 0
370.15001 0
370.25001 0
370.35001 0
370.45001 0
370.55001 0
370.65001 0
370.75001 0
370.85001 0
370.95001 0
371.05001 0
371.15001 0
371.25001 0
371.35001 0
371.45001 0
371.55001 0
371.65001 0
371.75001 0
371.85001 0
371.95001 0
372.05001 0
372.15001 0
372.25001 0
372.35001 0
372.45001 0
372.55001 0
372.65001 0
372.75001 0
372.85001 0
372.95001 0
373.05001 0
373.15001 0
373.25001 0
373.35001 0
373.45001 0
373.55001 0
373.65001 0
373.75001 0
373.85001 0
373.95001 0
374.05001 0
374.15001 0
374.25001 0
374.35001 0
374.45001 0
374.55001 0
374.65001 0
374.75001 0
374.85001 0
374.95001 0
375.05001 0
375.15001 0
375.25001 0
375.35001 0
375.45001 0
375.55001 0
375.65001 0
375.75001 0
375.85001 0
375.95001 0
376.05001 0
376.15001 0
376.25001 0
376.35001 0
376.45001 0
376.55001 0
376.65001 0
376.75001 0
376.85001 0
376.95001 0
377.05001 0
377.15001 0
377.25001 0
377.35001 0
377.45001 0
377.55001 0
377.65001 0
377.75001 0
377.85001 0
377.95001 0
378.05001 0
378.15001 0
378.25001 0
378.35001 0
378.45001 0
378.55001 0
378.65001 0
378.75001 0
378.85001 0
378.95001 0
379.05001 0
379.15001 0
379.25001 0
379.35001 0
379.45001 0
379.55001 0
379.65001 0
379.75001 0
379.85001 0
379.95001 0
380.05001 0
380.15001 0
380.25001 0
380.35001 0
380.45001 0
380.55001 0
380.65001 0
380.75001 0
380.85001 0
380.95001 0
381.05001 0
381.15001 0
381.25001 0
381.35001 0
381.45001 0
381.55001 0
381.65001 0
381.75001 0
381.85001 0
381.95001 0
382.05001 0
382.15001 0
382.25001 0
382.35001 0
382.45001 0
382.55001 0
382.65001 0
382.75001 0
382.85001 0
382.95001 0
383.05001 0
383.15001 0
383.25001 0
383.35001 0
383.45001 0
383.55001 0
383.65001 0
383.75001 0
383.85001 0
383.95001 0
384.05001 0
384.15001 0
384.25001 0
384.35001 0
384.45001 0
384.55001 0
384.65001 0
384.75001 0
384.85001 0
384.95001 0
385.05001 0
385.15001 0
385.25001 0
385.35001 0
385.45001 0
385.55001 0
385.65001 0
385.75001 0
385.85001 0
385.95001 0
386.05001 0
386.15001 0
386.25001 0
386.35001 0
386.45001 0
386.55001 0
386.65001 0
386.75001 0
386.85001 0
386.95001 0
387.05001 0
387.15001 0
387.25001 0
387.35001 0
387.45001 0
387.55001 0
387.65001 0
387.75001 0
387.85001 0
387.95001 0
388.05001 0
388.15001 0
388.25001 0
388.35001 0
388.45001 0
388.55001 0
388.65001 0
388.75001 0
388.85001 0
388.95001 0
389.05001 0
389.15001 0
389.25001 0
389.35001 0
389.45001 0
389.55001 0
389.65001 0
389.75001 0
389.85001 0
389.95001 0
390.05001 0
390.15001 0
390.25001 0
390.35001 0
390.45001 0
390.55001 0
390.65001 0
390.75001 0
390.85001 0
390.95001 0
391.05001 0
391.15001 0
391.25001 0
391.35001 0
391.45001 0
391.55001 0
391.65001 0
391.75001 0
391.85001 0
391.95001 0
392.05001 0
392.15001 0
392.25001 0
392.35001 0
392.45001 0
392.55001 0
392.65001 0
392.75001 0
392.85001 0
392.95001 0
393.05001 0
393.15001 0
393.25001 0
393.35001 0
393.45001 0
393.55001 0
393.65001 0
393.75001 0
393.85001 0
393.95001 0
394.05001 0
394.15001 0
394.25001 0
394.35001 0
394.45001 0
394.55001 0
394.65001 0
394.75001 0
394.85001 0
394.95001 0
395.05001 0
395.15001 0
395.25001 0
395.35001 0
395.45001 0
395.55001 0
395.65001 0
395.75001 0
395.85001 0
395.95001 0
396.05001 0
396.15001 0
396.25001 0
396.35001 0
396.45001 0
396.55001 0
396.65001 0
396.75001 0
396.85001 0
396.95001 0
397.05001 0
397.15001 0
397.25001 0
397.35001 0
397.45001 0
397.55001 0
397.65001 0
397.75001 0
397.85001 0
397.95001 0
398.05001 0
398.15001 0
398.25001 0
398.35001 0
398.45001 0
398.55001 0
398.65001 0
398.75001 0
398.85001 0
398.95001 0
399.05001 0
399.15001 0
399.25001 0
399.35001 0
399.45001 0
399.55001 0
399.65001 0
399.75001 0
399.85001 0
399.95001 0
400.05001 0
400.15001 0
400.25001 0
400.35001 0
400.45001 0
400.55001 0
400.65001 0
400.75001 0
400.85001 0
400.95001 0
401.05001 0
401.15001 0
401.25001 0
401.35001 0
401.45001 0
401.55001 0
401.65001 0
401.75001 0
401.85001 0
401.95001 0
402.05001 0
402.15001 0
402.25001 0
402.35001 0
402.45001 0
402.55001 0
402.65001 0
402.75001 0
402.85001 0
402.95001 0
403.05001 0
403.15001 0
403.25001 0
403.35001 0
403.45001 0
403.55001 0
403.65001 0
403.75001 0
403.85001 0
403.95001 0
404.05001 0
404.15001 0
404.25001 0
404.35001 0
404.45001 0
404.55001 0
404.65001 0
404.75001 0
404.85001 0
404.95001 0
405.05001 0
405.15001 0
405.25001 0
405.35001 0
405.45001 0
405.55001 0
405.65001 0
405.75001 0
405.85001 0
405.95001 0
406.05001 0
406.15001 0
406.25001 0
406.35001 0
406.45001 0
406.55001 0
406.65001 0
406.75001 0
406.85001 0
406.95001 0
407.05001 0
407.15001 0
407.25001 0
407.35001 0
407.45001 0
407.55001 0
407.65001 0
407.75001 0
407.85001 0
407.95001 0
408.05001 0
408.15001 0
408.25001 0
408.35001 0
408.45001 0
408.55001 0
408.65001 0
408.75001 0
408.85001 0
408.95001 0
409.05001 0
409.15001 0
409.25001 0
409.35001 0
409.45001 0
409.55001 0
409.65001 0
409.75001 0
409.85001 0
409.95001 0
410.05001 0
410.15001 0
410.25001 0
410.35001 0
410.45001 0
410.55001 0
410.65001 0
410.75001 0
410.85001 0
410.95001 0
411.05001 0
411.15001 0
411.25001 0
411.35001 0
411.45001 0
411.55001 0
411.65001 0
411.75001 0
411.85001 0
411.95001 0
412.05001 0
412.15001 0
412.25001 0
412.35001 0
412.45001 0
412.55001 0
412.65001 0
412.75001 0
412.85001 0
412.95001 0
413.05001 0
413.15001 0
413.25001 0
413.35001 0
413.45001 0
413.55001 0
413.65001 0
413.75001 0
413.85001 0
413.95001 0
414.05001 0
414.15001 0
414.25001 0
414.35001 0
414.45001 0
414.55001 0
414.65001 0
414.75001 0
414.85001 0
414.95001 0
415.05001 0
415.15001 0
415.25001 0
415.35001 0
415.45001 0
415.55001 0
415.65001 0
415.75001 0
415.85001 0
415.95001 0
416.05001 0
416.15001 0
416.25001 0
416.35001 0
416.45001 0
416.55001 0
416.65001 0
416.75001 0
416.85001 0
416.95001 0
417.05001 0
417.15001 0
417.25001 0
417.35001 0
417.45001 0
417.55001 0
417.65001 0
417.75001 0
417.85001 0
417.95001 0
418.05001 0
418.15001 0
418.25001 0
418.35001 0
418.45001 0
418.55001 0
418.65001 0
418.75001 0
418.85001 0
418.95001 0
419.05001 0
419.15001 0
419.25001 0
419.35001 0
419.45001 0
419.55001 0
419.65001 0
419.75001 0
419.85001 0
419.95001 0
420.05001 0
420.15001 0
420.25001 0
420.35001 0
420.45001 0
420.55001 0
420.65001 0
420.75001 0
420.85001 0
420.95001 0
421.05001 0
421.15001 0
421.25001 0
421.35001 0
421.45001 0
421.55001 0
421.65001 0
421.75001 0
421.85001 0
421.95001 0
422.05001 0
422.15001 0
422.25001 0
422.35001 0
422.45001 0
422.55001 0
422.65001 0
422.75001 0
422.85001 0
422.95001 0
423.05001 0
423.15001 0
423.25001 0
423.35001 0
423.45001 0
423.55001 0
423.65001 0
423.75001 0
423.85001 0
423.95001 0
424.05001 0
424.15001 0
424.25001 0
424.35001 0
424.45001 0
424.55001 0
424.65001 0
424.75001 0
424.85001 0
424.95001 0
425.05001 0
425.15001 0
425.25001 0
425.35001 0
425.45001 0
425.55001 0
425.65001 0
425.75001 0
425.85001 0
425.95001 0
426.05001 0
426.15001 0
426.25001 0
426.35001 0
426.45001 0
426.55001 0
426.65001 0
426.75001 0
426.85001 0
426.95001 0
427.05001 0
427.15001 0
427.25001 0
427.35001 0
427.45001 0
427.55001 0
427.65001 0
427.75001 0
427.85001 0
427.95001 0
428.05001 0
428.15001 0
428.25001 0
428.35001 0
428.45001 0
428.55001 0
428.65001 0
428.75001 0
428.85001 0
428.95001 0
429.05001 0
429.15001 0
429.25001 0
429.35001 0
429.45001 0
429.55001 0
429.65001 0
429.75001 0
429.85001 0
429.95001 0
430.05001 0
430.15001 0
430.25001 0
430.35001 0
430.45001 0
430.55001 0
430.65001 0
430.75001 0
430.85001 0
430.95001 0
431.05001 0
431.15001 0
431.25001 0
431.35001 0
431.45001 0
431.55001 0
431.65001 0
431.75001 0
431.85001 0
431.95001 0
432.05001 0
432.15001 0
432.25001 0
432.35001 0
432.45001 0
432.55001 0
432.65001 0
432.75001 0
432.85001 0
432.95001 0
433.05001 0
433.15001 0
433.25001 0
433.35001 0
433.45001 0
433.55001 0
433.65001 0
433.75001 0
433.85001 0
433.95001 0
434.05001 0
434.15001 0
434.25001 0
434.35001 0
434.45001 0
434.55001 0
434.65001 0
434.75001 0
434.85001 0
434.95001 0
435.05001 0
435.15001 0
435.25001 0
435.35001 0
435.45001 0
435.55001 0
435.65001 0
435.75001 0
435.85001 0
435.95001 0
436.05001 0
436.15001 0
436.25001 0
436.35001 0
436.45001 0
436.55001 0
436.65001 0
436.75001 0
436.85001 0
436.95001 0
437.05001 0
437.15001 0
437.25001 0
437.35001 0
437.45001 0
437.55001 0
437.65001 0
437.75001 0
437.85001 0
437.95001 0
438.05001 0
438.15001 0
438.25001 0
438.35001 0
438.45001 0
438.55001 0
438.65001 0
438.75001 0
438.85001 0
438.95001 0
439.05001 0
439.15001 0
439.25001 0
439.35001 0
439.45001 0
439.55001 0
439.65001 0
439.75001 0
439.85001 0
439.95001 0
440.05001 0
440.15001 0
440.25001 0
440.35001 0
440.45001 0
440.55001 0
440.65001 0
440.75001 0
440.85001 0
440.95001 0
441.05001 0
441.15001 0
441.25001 0
441.35001 0
441.45001 0
441.55001 0
441.65001 0
441.75001 0
441.85001 0
441.95001 0
442.05001 0
442.15001 0
442.25001 0
442.35001 0
442.45001 0
442.55001 0
442.65001 0
442.75001 0
442.85001 0
442.95001 0
443.05001 0
443.15001 0
443.25001 0
443.35001 0
443.45001 0
443.55001 0
443.65001 0
443.75001 0
443.85001 0
443.95001 0
444.05001 0
444.15001 0
444.25001 0
444.35001 0
444.45001 0
444.55001 0
444.65001 0
444.75001 0
444.85001 0
444.95001 0
445.05001 0
445.15001 0
445.25001 0
445.35001 0
445.45001 0
445.55001 0
445.65001 0
445.75001 0
445.85001 0
445.95001 0
446.05001 0
446.15001 0
446.25001 0
446.35001 0
446.45001 0
446.55001 0
446.65001 0
446.75001 0
446.85001 0
446.95001 0
447.05001 0
447.15001 0
447.25001 0
447.35001 0
447.45001 0
447.55001 0
447.65001 0
447.75001 0
447.85001 0
447.95001 0
448.05001 0
448.15001 0
448.25001 0
448.35001 0
448.45001 0
448.55001 0
448.65001 0
448.75001 0
448.85001 0
448.95001 0
449.05001 0
449.15001 0
449.25001 0
449.35001 0
449.45001 0
449.55001 0
449.65001 0
449.75001 0
449.85001 0
449.95001 0
450.05001 0
450.15001 0
450.25001 0
450.35001 0
450.45001 0
450.55001 0
450.65001 0
450.75001 0
450.85001 0
450.95001 0
451.05001 0
451.15001 0
451.25001 0
451.35001 0
451.45001 0
451.55001 0
451.65001 0
451.75001 0
451.85001 0
451.95001 0
452.05001 0
452.15001 0
452.25001 0
452.35001 0
452.45001 0
452.55001 0
452.65001 0
452.75001 0
452.85001 0
452.95001 0
453.05001 0
453.15001 0
453.25001 0
453.35001 0
453.45001 0
453.55001 0
453.65001 0
453.75001 0
453.85001 0
453.95001 0
454.05001 0
454.15001 0
454.25001 0
454.35001 0
454.45001 0
454.55001 0
454.65001 0
454.75001 0
454.85001 0
454.95001 0
455.05001 0
455.15001 0
455.25001 0
455.35001 0
455.45001 0
455.55001 0
455.65001 0
455.75001 0
455.85001 0
455.95001 0
456.05001 0
456.15001 0
456.25001 0
456.35001 0
456.45001 0
456.55001 0
456.65001 0
456.75001 0
456.85001 0
456.95001 0
457.05001 0
457.15001 0
457.25001 0
457.35001 0
457.45001 0
457.55001 0
457.65001 0
457.75001 0
457.85001 0
457.95001 0
458.05001 0
458.15001 0
458.25001 0
458.35001 0
458.45001 0
458.55001 0
458.65001 0
458.75001 0
458.85001 0
458.95001 0
459.05001 0
459.15001 0
459.25001 0
459.35001 0
459.45001 0
459.55001 0
459.65001 0
459.75001 0
459.85001 0
459.95001 0
460.05001 0
460.15001 0
460.25001 0
460.35001 0
460.45001 0
460.55001 0
460.65001 0
460.75001 0
460.85001 0
460.95001 0
461.05001 0
461.15001 0
461.25001 0
461.35001 0
461.45001 0
461.55001 0
461.65001 0
461.75001 0
461.85001 0
461.95001 0
462.05001 0
462.15001 0
462.25001 0
462.35001 0
462.45001 0
462.55001 0
462.65001 0
462.75001 0
462.85001 0
462.95001 0
463.05001 0
463.15001 0
463.25001 0
463.35001 0
463.45001 0
463.55001 0
463.65001 0
463.75001 0
463.85001 0
463.95001 0
464.05001 0
464.15001 0
464.25001 0
464.35001 0
464.45001 0
464.55001 0
464.65001 0
464.75001 0
464.85001 0
464.95001 0
465.05001 0
465.15001 0
465.25001 0
465.35001 0
465.45001 0
465.55001 0
465.65001 0
465.75001 0
465.85001 0
465.95001 0
466.05001 0
466.15001 0
466.25001 0
466.35001 0
466.45001 0
466.55001 0
466.65001 0
466.75001 0
466.85001 0
466.95001 0
467.05001 0
467.15001 0
467.25001 0
467.35001 0
467.45001 0
467.55001 0
467.65001 0
467.75001 0
467.85001 0
467.95001 0
468.05001 0
468.15001 0
468.25001 0
468.35001 0
468.45001 0
468.55001 0
468.65001 0
468.75001 0
468.85001 0
468.95001 0
469.05001 0
469.15001 0
469.25001 0
469.35001 0
469.45001 0
469.55001 0
469.65001 0
469.75001 0
469.85001 0
469.95001 0
470.05001 0
470.15001 0
470.25001 0
470.35001 0
470.45001 0
470.55001 0
470.65001 0
470.75001 0
470.85001 0
470.95001 0
471.05001 0
471.15001 0
471.25001 0
471.35001 0
471.45001 0
471.55001 0
471.65001 0
471.75001 0
471.85001 0
471.95001 0
472.05001 0
472.15001 0
472.25001 0
472.35001 0
472.45001 0
472.55001 0
472.65001 0
472.75001 0
472.85001 0
472.95001 0
473.05001 0
473.15001 0
473.25001 0
473.35001 0
473.45001 0
473.55001 0
473.65001 0
473.75001 0
473.85001 0
473.95001 0
474.05001 0
474.15001 0
474.25001 0
474.35001 0
474.45001 0
474.55001 0
474.65001 0
474.75001 0
474.85001 0
474.95001 0
475.05001 0
475.15001 0
475.25001 0
475.35001 0
475.45001 0
475.55001 0
475.65001 0
475.75001 0
475.85001 0
475.95001 0
476.05001 0
476.15001 0
476.25001 0
476.35001 0
476.45001 0
476.55001 0
476.65001 0
476.75001 0
476.85001 0
476.95001 0
477.05001 0
477.15001 0
477.25001 0
477.35001 0
477.45001 0
477.55001 0
477.65001 0
477.75001 0
477.85001 0
477.95001 0
478.05001 0
478.15001 0
478.25001 0
478.35001 0
478.45001 0
478.55001 0
478.65001 0
478.75001 0
478.85001 0
478.95001 0
479.05001 0
479.15001 0
479.25001 0
479.35001 0
479.45001 0
479.55001 0
479.65001 0
479.75001 0
479.85001 0
479.95001 0
480.05001 0
480.15001 0
480.25001 0
480.35001 0
480.45001 0
480.55001 0
480.65001 0
480.75001 0
480.85001 0
480.95001 0
481.05001 0
481.15001 0
481.25001 0
481.35001 0
481.45001 0
481.55001 0
481.65001 0
481.75001 0
481.85001 0
481.95001 0
482.05001 0
482.15001 0
482.25001 0
482.35001 0
482.45001 0
482.55001 0
482.65001 0
482.75001 0
482.85001 0
482.95001 0
483.05001 0
483.15001 0
483.25001 0
483.35001 0
483.45001 0
483.55001 0
483.65001 0
483.75001 0
483.85001 0
483.95001 0
484.05001 0
484.15001 0
484.25001 0
484.35001 0
484.45001 0
484.55001 0
484.65001 0
484.75001 0
484.85001 0
484.95001 0
485.05001 0
485.15001 0
485.25001 0
485.35001 0
485.45001 0
485.55001 0
485.65001 0
485.75001 0
485.85001 0
485.95001 0
486.05001 0
486.15001 0
486.25001 0
486.35001 0
486.45001 0
486.55001 0
486.65001 0
486.75001 0
486.85001 0
486.95001 0
487.05001 0
487.15001 0
487.25001 0
487.35001 0
487.45001 0
487.55001 0
487.65001 0
487.75001 0
487.85001 0
487.95001 0
488.05001 0
488.15001 0
488.25001 0
488.35001 0
488.45001 0
488.55001 0
488.65001 0
488.75001 0
488.85001 0
488.95001 0
489.05001 0
489.15001 0
489.25001 0
489.35001 0
489.45001 0
489.55001 0
489.65001 0
489.75001 0
489.85001 0
489.95001 0
490.05001 0
490.15001 0
490.25001 0
490.35001 0
490.45001 0
490.55001 0
490.65001 0
490.75001 0
490.85001 0
490.95001 0
491.05001 0
491.15001 0
491.25001 0
491.35001 0
491.45001 0
491.55001 0
491.65001 0
491.75001 0
491.85001 0
491.95001 0
492.05001 0
492.15001 0
492.25001 0
492.35001 0
492.45001 0
492.55001 0
492.65001 0
492.75001 0
492.85001 0
492.95001 0
493.05001 0
493.15001 0
493.25001 0
493.35001 0
493.45001 0
493.55001 0
493.65001 0
493.75001 0
493.85001 0
493.95001 0
494.05001 0
494.15001 0
494.25001 0
494.35001 0
494.45001 0
494.55001 0
494.65001 0
494.75001 0
494.85001 0
494.95001 0
495.05001 0
495.15001 0
495.25001 0
495.35001 0
495.45001 0
495.55001 0
495.65001 0
495.75001 0
495.85001 0
495.95001 0
496.05001 0
496.15001 0
496.25001 0
496.35001 0
496.45001 0
496.55001 0
496.65001 0
496.75001 0
496.85001 0
496.95001 0
497.05001 0
497.15001 0
497.25001 0
497.35001 0
497.45001 0
497.55001 0
497.65001 0
497.75001 0
497.85001 0
497.95001 0
498.05001 0
498.15001 0
498.25001 0
498.35001 0
498.45001 0
498.55001 0
498.65001 0
498.75001 0
498.85001 0
498.95001 0
499.05001 0
499.15001 0
499.25001 0
499.35001 0
499.45001 0
499.55001 0
499.65001 0
499.75001 0
499.85001 0
499.95001 0
500.05001 0
500.15001 0
500.25001 0
500.35001 0
500.45001 0
500.55001 0
500.65001 0
500.75001 0
500.85001 0
500.95001 0
501.05001 0
501.15001 0
501.25001 0
501.35001 0
501.45001 0
501.55001 0
501.65001 0
501.75001 0
501.85001 0
501.95001 0
502.05001 0
502.15001 0
502.25001 0
502.35001 0
502.45001 0
502.55001 0
502.65001 0
502.75001 0
502.85001 0
502.95001 0
503.05001 0
503.15001 0
503.25001 0
503.35001 0
503.45001 0
503.55001 0
503.65001 0
503.75001 0
503.85001 0
503.95001 0
504.05001 0
504.15001 0
504.25001 0
504.35001 0
504.45001 0
504.55001 0
504.65001 0
504.75001 0
504.85001 0
504.95001 0
505.05001 0
505.15001 0
505.25001 0
505.35001 0
505.45001 0
505.55001 0
505.65001 0
505.75001 0
505.85001 0
505.95001 0
506.05001 0
506.15001 0
506.25001 0
506.35001 0
506.45001 0
506.55001 0
506.65001 0
506.75001 0
506.85001 0
506.95001 0
507.05001 0
507.15001 0
507.25001 0
507.35001 0
507.45001 0
507.55001 0
507.65001 0
507.75001 0
507.85001 0
507.95001 0
508.05001 0
508.15001 0
508.25001 0
508.35001 0
508.45001 0
508.55001 0
508.65001 0
508.75001 0
508.85001 0
508.95001 0
509.05001 0
509.15001 0
509.25001 0
509.35001 0
509.45001 0
509.55001 0
509.65001 0
509.75001 0
509.85001 0
509.95001 0
510.05001 0
510.15001 0
510.25001 0
510.35001 0
510.45001 0
510.55001 0
510.65001 0
510.75001 0
510.85001 0
510.95001 0
511.05001 0
511.15001 0
511.25001 0
511.35001 0
511.45001 0
511.55001 0
511.65001 0
511.75001 0
511.85001 0
511.95001 0
512.05001 0
512.15001 0
512.25001 0
512.35001 0
512.45001 0
512.55001 0
512.65001 0
512.75001 0
512.85001 0
512.95001 0
513.05001 0
513.15001 0
513.25001 0
513.35001 0
513.45001 0
513.55001 0
513.65001 0
513.75001 0
513.85001 0
513.95001 0
514.05001 0
514.15001 0
514.25001 0
514.35001 0
514.45001 0
514.55001 0
514.65001 0
514.75001 0
514.85001 0
514.95001 0
515.05001 0
515.15001 0
515.25001 0
515.35001 0
515.45001 0
515.55001 0
515.65001 0
515.75001 0
515.85001 0
515.95001 0
516.05001 0
516.15001 0
516.25001 0
516.35001 0
516.45001 0
516.55001 0
516.65001 0
516.75001 0
516.85001 0
516.95001 0
517.05001 0
517.15001 0
517.25001 0
517.35001 0
517.45001 0
517.55001 0
517.65001 0
517.75001 0
517.85001 0
517.95001 0
518.05001 0
518.15001 0
518.25001 0
518.35001 0
518.45001 0
518.55001 0
518.65001 0
518.75001 0
518.85001 0
518.95001 0
519.05001 0
519.15001 0
519.25001 0
519.35001 0
519.45001 0
519.55001 0
519.65001 0
519.75001 0
519.85001 0
519.95001 0
520.05001 0
520.15001 0
520.25001 0
520.35001 0
520.45001 0
520.55001 0
520.65001 0
520.75001 0
520.85001 0
520.95001 0
521.05001 0
521.15001 0
521.25001 0
521.35001 0
521.45001 0
521.55001 0
521.65001 0
521.75001 0
521.85001 0
521.95001 0
522.05001 0
522.15001 0
522.25001 0
522.35001 0
522.45001 0
522.55001 0
522.65001 0
522.75001 0
522.85001 0
522.95001 0
523.05001 0
523.15001 0
523.25001 0
523.35001 0
523.45001 0
523.55001 0
523.65001 0
523.75001 0
523.85001 0
523.95001 0
524.05001 0
524.15001 0
524.25001 0
524.35001 0
524.45001 0
524.55001 0
524.65001 0
524.75001 0
524.85001 0
524.95001 0
525.05001 0
525.15001 0
525.25001 0
525.35001 0
525.45001 0
525.55001 0
525.65001 0
525.75001 0
525.85001 0
525.95001 0
526.05001 0
526.15001 0
526.25001 0
526.35001 0
526.45001 0
526.55001 0
526.65001 0
526.75001 0
526.85001 0
526.95001 0
527.05001 0
527.15001 0
527.25001 0
527.35001 0
527.45001 0
527.55001 0
527.65001 0
527.75001 0
527.85001 0
527.95001 0
528.05001 0
528.15001 0
528.25001 0
528.35001 0
528.45001 0
528.55001 0
528.65001 0
528.75001 0
528.85001 0
528.95001 0
529.05001 0
529.15001 0
529.25001 0
529.35001 0
529.45001 0
529.55001 0
529.65001 0
529.75001 0
529.85001 0
529.95001 0
530.05001 0
530.15001 0
530.25001 0
530.35001 0
530.45001 0
530.55001 0
530.65001 0
530.75001 0
530.85001 0
530.95001 0
531.05001 0
531.15001 0
531.25001 0
531.35001 0
531.45001 0
531.55001 0
531.65001 0
531.75001 0
531.85001 0
531.95001 0
532.05001 0
532.15001 0
532.25001 0
532.35001 0
532.45001 0
532.55001 0
532.65001 0
532.75001 0
532.85001 0
532.95001 0
533.05001 0
533.15001 0
533.25001 0
533.35001 0
533.45001 0
533.55001 0
533.65001 0
533.75001 0
533.85001 0
533.95001 0
534.05001 0
534.15001 0
534.25001 0
534.35001 0
534.45001 0
534.55001 0
534.65001 0
534.75001 0
534.85001 0
534.95001 0
535.05001 0
535.15001 0
535.25001 0
535.35001 0
535.45001 0
535.55001 0
535.65001 0
535.75001 0
535.85001 0
535.95001 0
536.05001 0
536.15001 0
536.25001 0
536.35001 0
536.45001 0
536.55001 0
536.65001 0
536.75001 0
536.85001 0
536.95001 0
537.05001 0
537.15001 0
537.25001 0
537.35001 0
537.45001 0
537.55001 0
537.65001 0
537.75001 0
537.85001 0
537.95001 0
538.05001 0
538.15001 0
538.25001 0
538.35001 0
538.45001 0
538.55001 0
538.65001 0
538.75001 0
538.85001 0
538.95001 0
539.05001 0
539.15001 0
539.25001 0
539.35001 0
539.45001 0
539.55001 0
539.65001 0
539.75001 0
539.85001 0
539.95001 0
540.05001 0
540.15001 0
540.25001 0
540.35001 0
540.45001 0
540.55001 0
540.65001 0
540.75001 0
540.85001 0
540.95001 0
541.05001 0
541.15001 0
541.25001 0
541.35001 0
541.45001 0
541.55001 0
541.65001 0
541.75001 0
541.85001 0
541.95001 0
542.05001 0
542.15001 0
542.25001 0
542.35001 0
542.45001 0
542.55001 0
542.65001 0
542.75001 0
542.85001 0
542.95001 0
543.05001 0
543.15001 0
543.25001 0
543.35001 0
543.45001 0
543.55001 0
543.65001 0
543.75001 0
543.85001 0
543.95001 0
544.05001 0
544.15001 0
544.25001 0
544.35001 0
544.45001 0
544.55001 0
544.65001 0
544.75001 0
544.85001 0
544.95001 0
545.05001 0
545.15001 0
545.25001 0
545.35001 0
545.45001 0
545.55001 0
545.65001 0
545.75001 0
545.85001 0
545.95001 0
546.05001 0
546.15001 0
546.25001 0
546.35001 0
546.45001 0
546.55001 0
546.65001 0
546.75001 0
546.85001 0
546.95001 0
547.05001 0
547.15001 0
547.25001 0
547.35001 0
547.45001 0
547.55001 0
547.65001 0
547.75001 0
547.85001 0
547.95001 0
548.05001 0
548.15001 0
548.25001 0
548.35001 0
548.45001 0
548.55001 0
548.65001 0
548.75001 0
548.85001 0
548.95001 0
549.05001 0
549.15001 0
549.25001 0
549.35001 0
549.45001 0
549.55001 0
549.65001 0
549.75001 0
549.85001 0
549.95001 0
550.05001 0
550.15001 0
550.25001 0
550.35001 0
550.45001 0
550.55001 0
550.65001 0
550.75001 0
550.85001 0
550.95001 0
551.05001 0
551.15001 0
551.25001 0
551.35001 0
551.45001 0
551.55001 0
551.65001 0
551.75001 0
551.85001 0
551.95001 0
552.05001 0
552.15001 0
552.25001 0
552.35001 0
552.45001 0
552.55001 0
552.65001 0
552.75001 0
552.85001 0
552.95001 0
553.05001 0
553.15001 0
553.25001 0
553.35001 0
553.45001 0
553.55001 0
553.65001 0
553.75001 0
553.85001 0
553.95001 0
554.05001 0
554.15001 0
554.25001 0
554.35001 0
554.45001 0
554.55001 0
554.65001 0
554.75001 0
554.85001 0
554.95001 0
555.05001 0
555.15001 0
555.25001 0
555.35001 0
555.45001 0
555.55001 0
555.65001 0
555.75001 0
555.85001 0
555.95001 0
556.05001 0
556.15001 0
556.25001 0
556.35001 0
556.45001 0
556.55001 0
556.65001 0
556.75001 0
556.85001 0
556.95001 0
557.05001 0
557.15001 0
557.25001 0
557.35001 0
557.45001 0
557.55001 0
557.65001 0
557.75001 0
557.85001 0
557.95001 0
558.05001 0
558.15001 0
558.25001 0
558.35001 0
558.45001 0
558.55001 0
558.65001 0
558.75001 0
558.85001 0
558.95001 0
559.05001 0
559.15001 0
559.25001 0
559.35001 0
559.45001 0
559.55001 0
559.65001 0
559.75001 0
559.85001 0
559.95001 0
560.05001 0
560.15001 0
560.25001 0
560.35001 0
560.45001 0
560.55001 0
560.65001 0
560.75001 0
560.85001 0
560.95001 0
561.05001 0
561.15001 0
561.25001 0
561.35001 0
561.45001 0
561.55001 0
561.65001 0
561.75001 0
561.85001 0
561.95001 0
562.05001 0
562.15001 0
562.25001 0
562.35001 0
562.45001 0
562.55001 0
562.65001 0
562.75001 0
562.85001 0
562.95001 0
563.05001 0
563.15001 0
563.25001 0
563.35001 0
563.45001 0
563.55001 0
563.65001 0
563.75001 0
563.85001 0
563.95001 0
564.05001 0
564.15001 0
564.25001 0
564.35001 0
564.45001 0
564.55001 0
564.65001 0
564.75001 0
564.85001 0
564.95001 0
565.05001 0
565.15001 0
565.25001 0
565.35001 0
565.45001 0
565.55001 0
565.65001 0
565.75001 0
565.85001 0
565.95001 0
566.05001 0
566.15001 0
566.25001 0
566.35001 0
566.45001 0
566.55001 0
566.65001 0
566.75001 0
566.85001 0
566.95001 0
567.05001 0
567.15001 0
567.25001 0
567.35001 0
567.45001 0
567.55001 0
567.65001 0
567.75001 0
567.85001 0
567.95001 0
568.05001 0
568.15001 0
568.25001 0
568.35001 0
568.45001 0
568.55001 0
568.65001 0
568.75001 0
568.85001 0
568.95001 0
569.05001 0
569.15001 0
569.25001 0
569.35001 0
569.45001 0
569.55001 0
569.65001 0
569.75001 0
569.85001 0
569.95001 0
570.05001 0
570.15001 0
570.25001 0
570.35001 0
570.45001 0
570.55001 0
570.65001 0
570.75001 0
570.85001 0
570.95001 0
571.05001 0
571.15001 0
571.25001 0
571.35001 0
571.45001 0
571.55001 0
571.65001 0
571.75001 0
571.85001 0
571.95001 0
572.05001 0
572.15001 0
572.25001 0
572.35001 0
572.45001 0
572.55001 0
572.65001 0
572.75001 0
572.85001 0
572.95001 0
573.05001 0
573.15001 0
573.25001 0
573.35001 0
573.45001 0
573.55001 0
573.65001 0
573.75001 0
573.85001 0
573.95001 0
574.05001 0
574.15001 0
574.25001 0
574.35001 0
574.45001 0
574.55001 0
574.65001 0
574.75001 0
574.85001 0
574.95001 0
575.05001 0
575.15001 0
575.25001 0
575.35001 0
575.45001 0
575.55001 0
575.65001 0
575.75001 0
575.85001 0
575.95001 0
576.05001 0
576.15001 0
576.25001 0
576.35001 0
576.45001 0
576.55001 0
576.65001 0
576.75001 0
576.85001 0
576.95001 0
577.05001 0
577.15001 0
577.25001 0
577.35001 0
577.45001 0
577.55001 0
577.65001 0
577.75001 0
577.85001 0
577.95001 0
578.05001 0
578.15001 0
578.25001 0
578.35001 0
578.45001 0
578.55001 0
578.65001 0
578.75001 0
578.85001 0
578.95001 0
579.05001 0
579.15001 0
579.25001 0
579.35001 0
579.45001 0
579.55001 0
579.65001 0
579.75001 0
579.85001 0
579.95001 0
580.05001 0
580.15001 0
580.25001 0
580.35001 0
580.45001 0
580.55001 0
580.65001 0
580.75001 0
580.85001 0
580.95001 0
581.05001 0
581.15001 0
581.25001 0
581.35001 0
581.45001 0
581.55001 0
581.65001 0
581.75001 0
581.85001 0
581.95001 0
582.05001 0
582.15001 0
582.25001 0
582.35001 0
582.45001 0
582.55001 0
582.65001 0
582.75001 0
582.85001 0
582.95001 0
583.05001 0
583.15001 0
583.25001 0
583.35001 0
583.45001 0
583.55001 0
583.65001 0
583.75001 0
583.85001 0
583.95001 0
584.05001 0
584.15001 0
584.25001 0
584.35001 0
584.45001 0
584.55001 0
584.65001 0
584.75001 0
584.85001 0
584.95001 0
585.05001 0
585.15001 0
585.25001 0
585.35001 0
585.45001 0
585.55001 0
585.65001 0
585.75001 0
585.85001 0
585.95001 0
586.05001 0
586.15001 0
586.25001 0
586.35001 0
586.45001 0
586.55001 0
586.65001 0
586.75001 0
586.85001 0
586.95001 0
587.05001 0
587.15001 0
587.25001 0
587.35001 0
587.45001 0
587.55001 0
587.65001 0
587.75001 0
587.85001 0
587.95001 0
588.05001 0
588.15001 0
588.25001 0
588.35001 0
588.45001 0
588.55001 0
588.65001 0
588.75001 0
588.85001 0
588.95001 0
589.05001 0
589.15001 0
589.25001 0
589.35001 0
589.45001 0
589.55001 0
589.65001 0
589.75001 0
589.85001 0
589.95001 0
590.05001 0
590.15001 0
590.25001 0
590.35001 0
590.45001 0
590.55001 0
590.65001 0
590.75001 0
590.85001 0
590.95001 0
591.05001 0
591.15001 0
591.25001 0
591.35001 0
591.45001 0
591.55001 0
591.65001 0
591.75001 0
591.85001 0
591.95001 0
592.05001 0
592.15001 0
592.25001 0
592.35001 0
592.45001 0
592.55001 0
592.65001 0
592.75001 0
592.85001 0
592.95001 0
593.05001 0
593.15001 0
593.25001 0
593.35001 0
593.45001 0
593.55001 0
593.65001 0
593.75001 0
593.85001 0
593.95001 0
594.05001 0
594.15001 0
594.25001 0
594.35001 0
594.45001 0
594.55001 0
594.65001 0
594.75001 0
594.85001 0
594.95001 0
595.05001 0
595.15001 0
595.25001 0
595.35001 0
595.45001 0
595.55001 0
595.65001 0
595.75001 0
595.85001 0
595.95001 0
596.05001 0
596.15001 0
596.25001 0
596.35001 0
596.45001 0
596.55001 0
596.65001 0
596.75001 0
596.85001 0
596.95001 0
597.05001 0
597.15001 0
597.25001 0
597.35001 0
597.45001 0
597.55001 0
597.65001 0
597.75001 0
597.85001 0
597.95001 0
598.05001 0
598.15001 0
598.25001 0
598.35001 0
598.45001 0
598.55001 0
598.65001 0
598.75001 0
598.85001 0
598.95001 0
599.05001 0
599.15001 0
599.25001 0
599.35001 0
599.45001 0
599.55001 0
599.65001 0
599.75001 0
599.85001 0
599.95001 0
600.05001 0
600.15001 0
600.25001 0
600.35001 0
600.45001 0
600.55001 0
600.65001 0
600.75001 0
600.85001 0
600.95001 0
601.05001 0
601.15001 0
601.25001 0
601.35001 0
601.45001 0
601.55001 0
601.65001 0
601.75001 0
601.85001 0
601.95001 0
602.05001 0
602.15001 0
602.25001 0
602.35001 0
602.45001 0
602.55001 0
602.65001 0
602.75001 0
602.85001 0
602.95001 0
603.05001 0
603.15001 0
603.25001 0
603.35001 0
603.45001 0
603.55001 0
603.65001 0
603.75001 0
603.85001 0
603.95001 0
604.05001 0
604.15001 0
604.25001 0
604.35001 0
604.45001 0
604.55001 0
604.65001 0
604.75001 0
604.85001 0
604.95001 0
605.05001 0
605.15001 0
605.25001 0
605.35001 0
605.45001 0
605.55001 0
605.65001 0
605.75001 0
605.85001 0
605.95001 0
606.05001 0
606.15001 0
606.25001 0
606.35001 0
606.45001 0
606.55001 0
606.65001 0
606.75001 0
606.85001 0
606.95001 0
607.05001 0
607.15001 0
607.25001 0
607.35001 0
607.45001 0
607.55001 0
607.65001 0
607.75001 0
607.85001 0
607.95001 0
608.05001 0
608.15001 0
608.25001 0
608.35001 0
608.45001 0
608.55001 0
608.65001 0
608.75001 0
608.85001 0
608.95001 0
609.05001 0
609.15001 0
609.25001 0
609.35001 0
609.45001 0
609.55001 0
609.65001 0
609.75001 0
609.85001 0
609.95001 0
610.05001 0
610.15001 0
610.25001 0
610.35001 0
610.45001 0
610.55001 0
610.65001 0
610.75001 0
610.85001 0
610.95001 0
611.05001 0
611.15001 0
611.25001 0
611.35001 0
611.45001 0
611.55001 0
611.65001 0
611.75001 0
611.85001 0
611.95001 0
612.05001 0
612.15001 0
612.25001 0
612.35001 0
612.45001 0
612.55001 0
612.65001 0
612.75001 0
612.85001 0
612.95001 0
613.05001 0
613.15001 0
613.25001 0
613.35001 0
613.45001 0
613.55001 0
613.65001 0
613.75001 0
613.85001 0
613.95001 0
614.05001 0
614.15001 0
614.25001 0
614.35001 0
614.45001 0
614.55001 0
614.65001 0
614.75001 0
614.85001 0
614.95001 0
615.05001 0
615.15001 0
615.25001 0
615.35001 0
615.45001 0
615.55001 0
615.65001 0
615.75001 0
615.85001 0
615.95001 0
616.05001 0
616.15001 0
616.25001 0
616.35001 0
616.45001 0
616.55001 0
616.65001 0
616.75001 0
616.85001 0
616.95001 0
617.05001 0
617.15001 0
617.25001 0
617.35001 0
617.45001 0
617.55001 0
617.65001 0
617.75001 0
617.85001 0
617.95001 0
618.05001 0
618.15001 0
618.25001 0
618.35001 0
618.45001 0
618.55001 0
618.65001 0
618.75001 0
618.85001 0
618.95001 0
619.05001 0
619.15001 0
619.25001 0
619.35001 0
619.45001 0
619.55001 0
619.65001 0
619.75001 0
619.85001 0
619.95001 0
620.05001 0
620.15001 0
620.25001 0
620.35001 0
620.45001 0
620.55001 0
620.65001 0
620.75001 0
620.85001 0
620.95001 0
621.05001 0
621.15001 0
621.25001 0
621.35001 0
621.45001 0
621.55001 0
621.65001 0
621.75001 0
621.85001 0
621.95001 0
622.05001 0
622.15001 0
622.25001 0
622.35001 0
622.45001 0
622.55001 0
622.65001 0
622.75001 0
622.85001 0
622.95001 0
623.05001 0
623.15001 0
623.25001 0
623.35001 0
623.45001 0
623.55001 0
623.65001 0
623.75001 0
623.85001 0
623.95001 0
624.05001 0
624.15001 0
624.25001 0
624.35001 0
624.45001 0
624.55001 0
624.65001 0
624.75001 0
624.85001 0
624.95001 0
625.05001 0
625.15001 0
625.25001 0
625.35001 0
625.45001 0
625.55001 0
625.65001 0
625.75001 0
625.85001 0
625.95001 0
626.05001 0
626.15001 0
626.25001 0
626.35001 0
626.45001 0
626.55001 0
626.65001 0
626.75001 0
626.85001 0
626.95001 0
627.05001 0
627.15001 0
627.25001 0
627.35001 0
627.45001 0
627.55001 0
627.65001 0
627.75001 0
627.85001 0
627.95001 0
628.05001 0
628.15001 0
628.25001 0
628.35001 0
628.45001 0
628.55001 0
628.65001 0
628.75001 0
628.85001 0
628.95001 0
629.05001 0
629.15001 0
629.25001 0
629.35001 0
629.45001 0
629.55001 0
629.65001 0
629.75001 0
629.85001 0
629.95001 0
630.05001 0
630.15001 0
630.25001 0
630.35001 0
630.45001 0
630.55001 0
630.65001 0
630.75001 0
630.85001 0
630.95001 0
631.05001 0
631.15001 0
631.25001 0
631.35001 0
631.45001 0
631.55001 0
631.65001 0
631.75001 0
631.85001 0
631.95001 0
632.05001 0
632.15001 0
632.25001 0
632.35001 0
632.45001 0
632.55001 0
632.65001 0
632.75001 0
632.85001 0
632.95001 0
633.05001 0
633.15001 0
633.25001 0
633.35001 0
633.45001 0
633.55001 0
633.65001 0
633.75001 0
633.85001 0
633.95001 0
634.05001 0
634.15001 0
634.25001 0
634.35001 0
634.45001 0
634.55001 0
634.65001 0
634.75001 0
634.85001 0
634.95001 0
635.05001 0
635.15001 0
635.25001 0
635.35001 0
635.45001 0
635.55001 0
635.65001 0
635.75001 0
635.85001 0
635.95001 0
636.05001 0
636.15001 0
636.25001 0
636.35001 0
636.45001 0
636.55001 0
636.65001 0
636.75001 0
636.85001 0
636.95001 0
637.05001 0
637.15001 0
637.25001 0
637.35001 0
637.45001 0
637.55001 0
637.65001 0
637.75001 0
637.85001 0
637.95001 0
638.05001 0
638.15001 0
638.25001 0
638.35001 0
638.45001 0
638.55001 0
638.65001 0
638.75001 0
638.85001 0
638.95001 0
639.05001 0
639.15001 0
639.25001 0
639.35001 0
639.45001 0
639.55001 0
639.65001 0
639.75001 0
639.85001 0
639.95001 0
640.05001 0
640.15001 0
640.25001 0
640.35001 0
640.45001 0
640.55001 0
640.65001 0
640.75001 0
640.85001 0
640.95001 0
641.05001 0
641.15001 0
641.25001 0
641.35001 0
641.45001 0
641.55001 0
641.65001 0
641.75001 0
641.85001 0
641.95001 0
642.05001 0
642.15001 0
642.25001 0
642.35001 0
642.45001 0
642.55001 0
642.65001 0
642.75001 0
642.85001 0
642.95001 0
643.05001 0
643.15001 0
643.25001 0
643.35001 0
643.45001 0
643.55001 0
643.65001 0
643.75001 0
643.85001 0
643.95001 0
644.05001 0
644.15001 0
644.25001 0
644.35001 0
644.45001 0
644.55001 0
644.65001 0
644.75001 0
644.85001 0
644.95001 0
645.05001 0
645.15001 0
645.25001 0
645.35001 0
645.45001 0
645.55001 0
645.65001 0
645.75001 0
645.85001 0
645.95001 0
646.05001 0
646.15001 0
646.25001 0
646.35001 0
646.45001 0
646.55001 0
646.65001 0
646.75001 0
646.85001 0
646.95001 0
647.05001 0
647.15001 0
647.25001 0
647.35001 0
647.45001 0
647.55001 0
647.65001 0
647.75001 0
647.85001 0
647.95001 0
648.05001 0
648.15001 0
648.25001 0
648.35001 0
648.45001 0
648.55001 0
648.65001 0
648.75001 0
648.85001 0
648.95001 0
649.05001 0
649.15001 0
649.25001 0
649.35001 0
649.45001 0
649.55001 0
649.65001 0
649.75001 0
649.85001 0
649.95001 0
650.05001 0
650.15001 0
650.25001 0
650.35001 0
650.45001 0
650.55001 0
650.65001 0
650.75001 0
650.85001 0
650.95001 0
651.05001 0
651.15001 0
651.25001 0
651.35001 0
651.45001 0
651.55001 0
651.65001 0
651.75001 0
651.85001 0
651.95001 0
652.05001 0
652.15001 0
652.25001 0
652.35001 0
652.45001 0
652.55001 0
652.65001 0
652.75001 0
652.85001 0
652.95001 0
653.05001 0
653.15001 0
653.25001 0
653.35001 0
653.45001 0
653.55001 0
653.65001 0
653.75001 0
653.85001 0
653.95001 0
654.05001 0
654.15001 0
654.25001 0
654.35001 0
654.45001 0
654.55001 0
654.65001 0
654.75001 0
654.85001 0
654.95001 0
655.05001 0
655.15001 0
655.25001 0
655.35001 0
655.45001 0
655.55001 0
655.65001 0
655.75001 0
655.85001 0
655.95001 0
656.05001 0
656.15001 0
656.25001 0
656.35001 0
656.45001 0
656.55001 0
656.65001 0
656.75001 0
656.85001 0
656.95001 0
657.05001 0
657.15001 0
657.25001 0
657.35001 0
657.45001 0
657.55001 0
657.65001 0
657.75001 0
657.85001 0
657.95001 0
658.05001 0
658.15001 0
658.25001 0
658.35001 0
658.45001 0
658.55001 0
658.65001 0
658.75001 0
658.85001 0
658.95001 0
659.05001 0
659.15001 0
659.25001 0
659.35001 0
659.45001 0
659.55001 0
659.65001 0
659.75001 0
659.85001 0
659.95001 0
660.05001 0
660.15001 0
660.25001 0
660.35001 0
660.45001 0
660.55001 0
660.65001 0
660.75001 0
660.85001 0
660.95001 0
661.05001 0
661.15001 0
661.25001 0
661.35001 0
661.45001 0
661.55001 0
661.65001 0
661.75001 0
661.85001 0
661.95001 0
662.05001 0
662.15001 0
662.25001 0
662.35001 0
662.45001 0
662.55001 0
662.65001 0
662.75001 0
662.85001 0
662.95001 0
663.05001 0
663.15001 0
663.25001 0
663.35001 0
663.45001 0
663.55001 0
663.65001 0
663.75001 0
663.85001 0
663.95001 0
664.05001 0
664.15001 0
664.25001 0
664.35001 0
664.45001 0
664.55001 0
664.65001 0
664.75001 0
664.85001 0
664.95001 0
665.05001 0
665.15001 0
665.25001 0
665.35001 0
665.45001 0
665.55001 0
665.65001 0
665.75001 0
665.85001 0
665.95001 0
666.05001 0
666.15001 0
666.25001 0
666.35001 0
666.45001 0
666.55001 0
666.65001 0
666.75001 0
666.85001 0
666.95001 0
667.05001 0
667.15001 0
667.25001 0
667.35001 0
667.45001 0
667.55001 0
667.65001 0
667.75001 0
667.85001 0
667.95001 0
668.05001 0
668.15001 0
668.25001 0
668.35001 0
668.45001 0
668.55001 0
668.65001 0
668.75001 0
668.85001 0
668.95001 0
669.05001 0
669.15001 0
669.25001 0
669.35001 0
669.45001 0
669.55001 0
669.65001 0
669.75001 0
669.85001 0
669.95001 0
670.05001 0
670.15001 0
670.25001 0
670.35001 0
670.45001 0
670.55001 0
670.65001 0
670.75001 0
670.85001 0
670.95001 0
671.05001 0
671.15001 0
671.25001 0
671.35001 0
671.45001 0
671.55001 0
671.65001 0
671.75001 0
671.85001 0
671.95001 0
672.05001 0
672.15001 0
672.25001 0
672.35001 0
672.45001 0
672.55001 0
672.65001 0
672.75001 0
672.85001 0
672.95001 0
673.05001 0
673.15001 0
673.25001 0
673.35001 0
673.45001 0
673.55001 0
673.65001 0
673.75001 0
673.85001 0
673.95001 0
674.05001 0
674.15001 0
674.25001 0
674.35001 0
674.45001 0
674.55001 0
674.65001 0
674.75001 0
674.85001 0
674.95001 0
675.05001 0
675.15001 0
675.25001 0
675.35001 0
675.45001 0
675.55001 0
675.65001 0
675.75001 0
675.85001 0
675.95001 0
676.05001 0
676.15001 0
676.25001 0
676.35001 0
676.45001 0
676.55001 0
676.65001 0
676.75001 0
676.85001 0
676.95001 0
677.05001 0
677.15001 0
677.25001 0
677.35001 0
677.45001 0
677.55001 0
677.65001 0
677.75001 0
677.85001 0
677.95001 0
678.05001 0
678.15001 0
678.25001 0
678.35001 0
678.45001 0
678.55001 0
678.65001 0
678.75001 0
678.85001 0
678.95001 0
679.05001 0
679.15001 0
679.25001 0
679.35001 0
679.45001 0
679.55001 0
679.65001 0
679.75001 0
679.85001 0
679.95001 0
680.05001 0
680.15001 0
680.25001 0
680.35001 0
680.45001 0
680.55001 0
680.65001 0
680.75001 0
680.85001 0
680.95001 0
681.05001 0
681.15001 0
681.25001 0
681.35001 0
681.45001 0
681.55001 0
681.65001 0
681.75001 0
681.85001 0
681.95001 0
682.05001 0
682.15001 0
682.25001 0
682.35001 0
682.45001 0
682.55001 0
682.65001 0
682.75001 0
682.85001 0
682.95001 0
683.05001 0
683.15001 0
683.25001 0
683.35001 0
683.45001 0
683.55001 0
683.65001 0
683.75001 0
683.85001 0
683.95001 0
684.05001 0
684.15001 0
684.25001 0
684.35001 0
684.45001 0
684.55001 0
684.65001 0
684.75001 0
684.85001 0
684.95001 0
685.05001 0
685.15001 0
685.25001 0
685.35001 0
685.45001 0
685.55001 0
685.65001 0
685.75001 0
685.85001 0
685.95001 0
686.05001 0
686.15001 0
686.25001 0
686.35001 0
686.45001 0
686.55001 0
686.65001 0
686.75001 0
686.85001 0
686.95001 0
687.05001 0
687.15001 0
687.25001 0
687.35001 0
687.45001 0
687.55001 0
687.65001 0
687.75001 0
687.85001 0
687.95001 0
688.05001 0
688.15001 0
688.25001 0
688.35001 0
688.45001 0
688.55001 0
688.65001 0
688.75001 0
688.85001 0
688.95001 0
689.05001 0
689.15001 0
689.25001 0
689.35001 0
689.45001 0
689.55001 0
689.65001 0
689.75001 0
689.85001 0
689.95001 0
690.05001 0
690.15001 0
690.25001 0
690.35001 0
690.45001 0
690.55001 0
690.65001 0
690.75001 0
690.85001 0
690.95001 0
691.05001 0
691.15001 0
691.25001 0
691.35001 0
691.45001 0
691.55001 0
691.65001 0
691.75001 0
691.85001 0
691.95001 0
692.05001 0
692.15001 0
692.25001 0
692.35001 0
692.45001 0
692.55001 0
692.65001 0
692.75001 0
692.85001 0
692.95001 0
693.05001 0
693.15001 0
693.25001 0
693.35001 0
693.45001 0
693.55001 0
693.65001 0
693.75001 0
693.85001 0
693.95001 0
694.05001 0
694.15001 0
694.25001 0
694.35001 0
694.45001 0
694.55001 0
694.65001 0
694.75001 0
694.85001 0
694.95001 0
695.05001 0
695.15001 0
695.25001 0
695.35001 0
695.45001 0
695.55001 0
695.65001 0
695.75001 0
695.85001 0
695.95001 0
696.05001 0
696.15001 0
696.25001 0
696.35001 0
696.45001 0
696.55001 0
696.65001 0
696.75001 0
696.85001 0
696.95001 0
697.05001 0
697.15001 0
697.25001 0
697.35001 0
697.45001 0
697.55001 0
697.65001 0
697.75001 0
697.85001 0
697.95001 0
698.05001 0
698.15001 0
698.25001 0
698.35001 0
698.45001 0
698.55001 0
698.65001 0
698.75001 0
698.85001 0
698.95001 0
699.05001 0
699.15001 0
699.25001 0
699.35001 0
699.45001 0
699.55001 0
699.65001 0
699.75001 0
699.85001 0
699.95001 0
700.05001 0
700.15001 0
700.25001 0
700.35001 0
700.45001 0
700.55001 0
700.65001 0
700.75001 0
700.85001 0
700.95001 0
701.05001 0
701.15001 0
701.25001 0
701.35001 0
701.45001 0
701.55001 0
701.65001 0
701.75001 0
701.85001 0
701.95001 0
702.05001 0
702.15001 0
702.25001 0
702.35001 0
702.45001 0
702.55001 0
702.65001 0
702.75001 0
702.85001 0
702.95001 0
703.05001 0
703.15001 0
703.25001 0
703.35001 0
703.45001 0
703.55001 0
703.65001 0
703.75001 0
703.85001 0
703.95001 0
704.05001 0
704.15001 0
704.25001 0
704.35001 0
704.45001 0
704.55001 0
704.65001 0
704.75001 0
704.85001 0
704.95001 0
705.05001 0
705.15001 0
705.25001 0
705.35001 0
705.45001 0
705.55001 0
705.65001 0
705.75001 0
705.85001 0
705.95001 0
706.05001 0
706.15001 0
706.25001 0
706.35001 0
706.45001 0
706.55001 0
706.65001 0
706.75001 0
706.85001 0
706.95001 0
707.05001 0
707.15001 0
707.25001 0
707.35001 0
707.45001 0
707.55001 0
707.65001 0
707.75001 0
707.85001 0
707.95001 0
708.05001 0
708.15001 0
708.25001 0
708.35001 0
708.45001 0
708.55001 0
708.65001 0
708.75001 0
708.85001 0
708.95001 0
709.05001 0
709.15001 0
709.25001 0
709.35001 0
709.45001 0
709.55001 0
709.65001 0
709.75001 0
709.85001 0
709.95001 0
710.05001 0
710.15001 0
710.25001 0
710.35001 0
710.45001 0
710.55001 0
710.65001 0
710.75001 0
710.85001 0
710.95001 0
711.05001 0
711.15001 0
711.25001 0
711.35001 0
711.45001 0
711.55001 0
711.65001 0
711.75001 0
711.85001 0
711.95001 0
712.05001 0
712.15001 0
712.25001 0
712.35001 0
712.45001 0
712.55001 0
712.65001 0
712.75001 0
712.85001 0
712.95001 0
713.05001 0
713.15001 0
713.25001 0
713.35001 0
713.45001 0
713.55001 0
713.65001 0
713.75001 0
713.85001 0
713.95001 0
714.05001 0
714.15001 0
714.25001 0
714.35001 0
714.45001 0
714.55001 0
714.65001 0
714.75001 0
714.85001 0
714.95001 0
715.05001 0
715.15001 0
715.25001 0
715.35001 0
715.45001 0
715.55001 0
715.65001 0
715.75001 0
715.85001 0
715.95001 0
716.05001 0
716.15001 0
716.25001 0
716.35001 0
716.45001 0
716.55001 0
716.65001 0
716.75001 0
716.85001 0
716.95001 0
717.05001 0
717.15001 0
717.25001 0
717.35001 0
717.45001 0
717.55001 0
717.65001 0
717.75001 0
717.85001 0
717.95001 0
718.05001 0
718.15001 0
718.25001 0
718.35001 0
718.45001 0
718.55001 0
718.65001 0
718.75001 0
718.85001 0
718.95001 0
719.05001 0
719.15001 0
719.25001 0
719.35001 0
719.45001 0
719.55001 0
719.65001 0
719.75001 0
719.85001 0
719.95001 0
720.05001 0
720.15001 0
720.25001 0
720.35001 0
720.45001 0
720.55001 0
720.65001 0
720.75001 0
720.85001 0
720.95001 0
721.05001 0
721.15001 0
721.25001 0
721.35001 0
721.45001 0
721.55001 0
721.65001 0
721.75001 0
721.85001 0
721.95001 0
722.05001 0
722.15001 0
722.25001 0
722.35001 0
722.45001 0
722.55001 0
722.65001 0
722.75001 0
722.85001 0
722.95001 0
723.05001 0
723.15001 0
723.25001 0
723.35001 0
723.45001 0
723.55001 0
723.65001 0
723.75001 0
723.85001 0
723.95001 0
724.05001 0
724.15001 0
724.25001 0
724.35001 0
724.45001 0
724.55001 0
724.65001 0
724.75001 0
724.85001 0
724.95001 0
725.05001 0
725.15001 0
725.25001 0
725.35001 0
725.45001 0
725.55001 0
725.65001 0
725.75001 0
725.85001 0
725.95001 0
726.05001 0
726.15001 0
726.25001 0
726.35001 0
726.45001 0
726.55001 0
726.65001 0
726.75001 0
726.85001 0
726.95001 0
727.05001 0
727.15001 0
727.25001 0
727.35001 0
727.45001 0
727.55001 0
727.65001 0
727.75001 0
727.85001 0
727.95001 0
728.05001 0
728.15001 0
728.25001 0
728.35001 0
728.45001 0
728.55001 0
728.65001 0
728.75001 0
728.85001 0
728.95001 0
729.05001 0
729.15001 0
729.25001 0
729.35001 0
729.45001 0
729.55001 0
729.65001 0
729.75001 0
729.85001 0
729.95001 0
730.05001 0
730.15001 0
730.25001 0
730.35001 0
730.45001 0
730.55001 0
730.65001 0
730.75001 0
730.85001 0
730.95001 0
731.05001 0
731.15001 0
731.25001 0
731.35001 0
731.45001 0
731.55001 0
731.65001 0
731.75001 0
731.85001 0
731.95001 0
732.05001 0
732.15001 0
732.25001 0
732.35001 0
732.45001 0
732.55001 0
732.65001 0
732.75001 0
732.85001 0
732.95001 0
733.05001 0
733.15001 0
733.25001 0
733.35001 0
733.45001 0
733.55001 0
733.65001 0
733.75001 0
733.85001 0
733.95001 0
734.05001 0
734.15001 0
734.25001 0
734.35001 0
734.45001 0
734.55001 0
734.65001 0
734.75001 0
734.85001 0
734.95001 0
735.05001 0
735.15001 0
735.25001 0
735.35001 0
735.45001 0
735.55001 0
735.65001 0
735.75001 0
735.85001 0
735.95001 0
736.05001 0
736.15001 0
736.25001 0
736.35001 0
736.45001 0
736.55001 0
736.65001 0
736.75001 0
736.85001 0
736.95001 0
737.05001 0
737.15001 0
737.25001 0
737.35001 0
737.45001 0
737.55001 0
737.65001 0
737.75001 0
737.85001 0
737.95001 0
738.05001 0
738.15001 0
738.25001 0
738.35001 0
738.45001 0
738.55001 0
738.65001 0
738.75001 0
738.85001 0
738.95001 0
739.05001 0
739.15001 0
739.25001 0
739.35001 0
739.45001 0
739.55001 0
739.65001 0
739.75001 0
739.85001 0
739.95001 0
740.05001 0
740.15001 0
740.25001 0
740.35001 0
740.45001 0
740.55001 0
740.65001 0
740.75001 0
740.85001 0
740.95001 0
741.05001 0
741.15001 0
741.25001 0
741.35001 0
741.45001 0
741.55001 0
741.65001 0
741.75001 0
741.85001 0
741.95001 0
742.05001 0
742.15001 0
742.25001 0
742.35001 0
742.45001 0
742.55001 0
742.65001 0
742.75001 0
742.85001 0
742.95001 0
743.05001 0
743.15001 0
743.25001 0
743.35001 0
743.45001 0
743.55001 0
743.65001 0
743.75001 0
743.85001 0
743.95001 0
744.05001 0
744.15001 0
744.25001 0
744.35001 0
744.45001 0
744.55001 0
744.65001 0
744.75001 0
744.85001 0
744.95001 0
745.05001 0
745.15001 0
745.25001 0
745.35001 0
745.45001 0
745.55001 0
745.65001 0
745.75001 0
745.85001 0
745.95001 0
746.05001 0
746.15001 0
746.25001 0
746.35001 0
746.45001 0
746.55001 0
746.65001 0
746.75001 0
746.85001 0
746.95001 0
747.05001 0
747.15001 0
747.25001 0
747.35001 0
747.45001 0
747.55001 0
747.65001 0
747.75001 0
747.85001 0
747.95001 0
748.05001 0
748.15001 0
748.25001 0
748.35001 0
748.45001 0
748.55001 0
748.65001 0
748.75001 0
748.85001 0
748.95001 0
749.05001 0
749.15001 0
749.25001 0
749.35001 0
749.45001 0
749.55001 0
749.65001 0
749.75001 0
749.85001 0
749.95001 0
750.05001 0
750.15001 0
750.25001 0
750.35001 0
750.45001 0
750.55001 0
750.65001 0
750.75001 0
750.85001 0
750.95001 0
751.05001 0
751.15001 0
751.25001 0
751.35001 0
751.45001 0
751.55001 0
751.65001 0
751.75001 0
751.85001 0
751.95001 0
752.05001 0
752.15001 0
752.25001 0
752.35001 0
752.45001 0
752.55001 0
752.65001 0
752.75001 0
752.85001 0
752.95001 0
753.05001 0
753.15001 0
753.25001 0
753.35001 0
753.45001 0
753.55001 0
753.65001 0
753.75001 0
753.85001 0
753.95001 0
754.05001 0
754.15001 0
754.25001 0
754.35001 0
754.45001 0
754.55001 0
754.65001 0
754.75001 0
754.85001 0
754.95001 0
755.05001 0
755.15001 0
755.25001 0
755.35001 0
755.45001 0
755.55001 0
755.65001 0
755.75001 0
755.85001 0
755.95001 0
756.05001 0
756.15001 0
756.25001 0
756.35001 0
756.45001 0
756.55001 0
756.65001 0
756.75001 0
756.85001 0
756.95001 0
757.05001 0
757.15001 0
757.25001 0
757.35001 0
757.45001 0
757.55001 0
757.65001 0
757.75001 0
757.85001 0
757.95001 0
758.05001 0
758.15001 0
758.25001 0
758.35001 0
758.45001 0
758.55001 0
758.65001 0
758.75001 0
758.85001 0
758.95001 0
759.05001 0
759.15001 0
759.25001 0
759.35001 0
759.45001 0
759.55001 0
759.65001 0
759.75001 0
759.85001 0
759.95001 0
760.05001 0
760.15001 0
760.25001 0
760.35001 0
760.45001 0
760.55001 0
760.65001 0
760.75001 0
760.85001 0
760.95001 0
761.05001 0
761.15001 0
761.25001 0
761.35001 0
761.45001 0
761.55001 0
761.65001 0
761.75001 0
761.85001 0
761.95001 0
762.05001 0
762.15001 0
762.25001 0
762.35001 0
762.45001 0
762.55001 0
762.65001 0
762.75001 0
762.85001 0
762.95001 0
763.05001 0
763.15001 0
763.25001 0
763.35001 0
763.45001 0
763.55001 0
763.65001 0
763.75001 0
763.85001 0
763.95001 0
764.05001 0
764.15001 0
764.25001 0
764.35001 0
764.45001 0
764.55001 0
764.65001 0
764.75001 0
764.85001 0
764.95001 0
765.05001 0
765.15001 0
765.25001 0
765.35001 0
765.45001 0
765.55001 0
765.65001 0
765.75001 0
765.85001 0
765.95001 0
766.05001 0
766.15001 0
766.25001 0
766.35001 0
766.45001 0
766.55001 0
766.65001 0
766.75001 0
766.85001 0
766.95001 0
767.05001 0
767.15001 0
767.25001 0
767.35001 0
767.45001 0
767.55001 0
767.65001 0
767.75001 0
767.85001 0
767.95001 0
768.05001 0
768.15001 0
768.25001 0
768.35001 0
768.45001 0
768.55001 0
768.65001 0
768.75001 0
768.85001 0
768.95001 0
769.05001 0
769.15001 0
769.25001 0
769.35001 0
769.45001 0
769.55001 0
769.65001 0
769.75001 0
769.85001 0
769.95001 0
770.05001 0
770.15001 0
770.25001 0
770.35001 0
770.45001 0
770.55001 0
770.65001 0
770.75001 0
770.85001 0
770.95001 0
771.05001 0
771.15001 0
771.25001 0
771.35001 0
771.45001 0
771.55001 0
771.65001 0
771.75001 0
771.85001 0
771.95001 0
772.05001 0
772.15001 0
772.25001 0
772.35001 0
772.45001 0
772.55001 0
772.65001 0
772.75001 0
772.85001 0
772.95001 0
773.05001 0
773.15001 0
773.25001 0
773.35001 0
773.45001 0
773.55001 0
773.65001 0
773.75001 0
773.85001 0
773.95001 0
774.05001 0
774.15001 0
774.25001 0
774.35001 0
774.45001 0
774.55001 0
774.65001 0
774.75001 0
774.85001 0
774.95001 0
775.05001 0
775.15001 0
775.25001 0
775.35001 0
775.45001 0
775.55001 0
775.65001 0
775.75001 0
775.85001 0
775.95001 0
776.05001 0
776.15001 0
776.25001 0
776.35001 0
776.45001 0
776.55001 0
776.65001 0
776.75001 0
776.85001 0
776.95001 0
777.05001 0
777.15001 0
777.25001 0
777.35001 0
777.45001 0
777.55001 0
777.65001 0
777.75001 0
777.85001 0
777.95001 0
778.05001 0
778.15001 0
778.25001 0
778.35001 0
778.45001 0
778.55001 0
778.65001 0
778.75001 0
778.85001 0
778.95001 0
779.05001 0
779.15001 0
779.25001 0
779.35001 0
779.45001 0
779.55001 0
779.65001 0
779.75001 0
779.85001 0
779.95001 0
780.05001 0
780.15001 0
780.25001 0
780.35001 0
780.45001 0
780.55001 0
780.65001 0
780.75001 0
780.85001 0
780.95001 0
781.05001 0
781.15001 0
781.25001 0
781.35001 0
781.45001 0
781.55001 0
781.65001 0
781.75001 0
781.85001 0
781.95001 0
782.05001 0
782.15001 0
782.25001 0
782.35001 0
782.45001 0
782.55001 0
782.65001 0
782.75001 0
782.85001 0
782.95001 0
783.05001 0
783.15001 0
783.25001 0
783.35001 0
783.45001 0
783.55001 0
783.65001 0
783.75001 0
783.85001 0
783.95001 0
784.05001 0
784.15001 0
784.25001 0
784.35001 0
784.45001 0
784.55001 0
784.65001 0
784.75001 0
784.85001 0
784.95001 0
785.05001 0
785.15001 0
785.25001 0
785.35001 0
785.45001 0
785.55001 0
785.65001 0
785.75001 0
785.85001 0
785.95001 0
786.05001 0
786.15001 0
786.25001 0
786.35001 0
786.45001 0
786.55001 0
786.65001 0
786.75001 0
786.85001 0
786.95001 0
787.05001 0
787.15001 0
787.25001 0
787.35001 0
787.45001 0
787.55001 0
787.65001 0
787.75001 0
787.85001 0
787.95001 0
788.05001 0
788.15001 0
788.25001 0
788.35001 0
788.45001 0
788.55001 0
788.65001 0
788.75001 0
788.85001 0
788.95001 0
789.05001 0
789.15001 0
789.25001 0
789.35001 0
789.45001 0
789.55001 0
789.65001 0
789.75001 0
789.85001 0
789.95001 0
790.05001 0
790.15001 0
790.25001 0
790.35001 0
790.45001 0
790.55001 0
790.65001 0
790.75001 0
790.85001 0
790.95001 0
791.05001 0
791.15001 0
791.25001 0
791.35001 0
791.45001 0
791.55001 0
791.65001 0
791.75001 0
791.85001 0
791.95001 0
792.05001 0
792.15001 0
792.25001 0
792.35001 0
792.45001 0
792.55001 0
792.65001 0
792.75001 0
792.85001 0
792.95001 0
793.05001 0
793.15001 0
793.25001 0
793.35001 0
793.45001 0
793.55001 0
793.65001 0
793.75001 0
793.85001 0
793.95001 0
794.05001 0
794.15001 0
794.25001 0
794.35001 0
794.45001 0
794.55001 0
794.65001 0
794.75001 0
794.85001 0
794.95001 0
795.05001 0
795.15001 0
795.25001 0
795.35001 0
795.45001 0
795.55001 0
795.65001 0
795.75001 0
795.85001 0
795.95001 0
796.05001 0
796.15001 0
796.25001 0
796.35001 0
796.45001 0
796.55001 0
796.65001 0
796.75001 0
796.85001 0
796.95001 0
797.05001 0
797.15001 0
797.25001 0
797.35001 0
797.45001 0
797.55001 0
797.65001 0
797.75001 0
797.85001 0
797.95001 0
798.05001 0
798.15001 0
798.25001 0
798.35001 0
798.45001 0
798.55001 0
798.65001 0
798.75001 0
798.85001 0
798.95001 0
799.05001 0
799.15001 0
799.25001 0
799.35001 0
799.45001 0
799.55001 0
799.65001 0
799.75001 0
799.85001 0
799.95001 0
800.05001 0

