1008
1          253        
1          259        
2          253        
2          412        
3          253        
3          264        
4          254        
4          259        
5          254        
5          260        
6          254        
6          417        
7          255        
7          260        
8          255        
8          261        
9          255        
9          418        
10         256        
10         261        
11         256        
11         262        
12         256        
12         419        
13         257        
13         262        
14         257        
14         263        
15         257        
15         420        
16         258        
16         263        
17         258        
17         270        
18         258        
18         416        
19         259        
19         265        
20         260        
20         266        
21         261        
21         267        
22         262        
22         268        
23         263        
23         269        
24         264        
24         271        
25         264        
25         277        
26         265        
26         271        
27         265        
27         272        
28         266        
28         272        
29         266        
29         273        
30         267        
30         273        
31         267        
31         274        
32         268        
32         274        
33         268        
33         275        
34         269        
34         275        
35         269        
35         276        
36         270        
36         276        
37         270        
37         284        
38         271        
38         278        
39         272        
39         279        
40         273        
40         280        
41         274        
41         281        
42         275        
42         282        
43         276        
43         283        
44         277        
44         287        
45         277        
45         288        
46         278        
46         288        
47         278        
47         289        
48         279        
48         289        
49         279        
49         290        
50         280        
50         290        
51         280        
51         291        
52         281        
52         291        
53         281        
53         292        
54         282        
54         292        
55         282        
55         293        
56         283        
56         293        
57         283        
57         294        
58         284        
58         294        
59         284        
59         295        
60         285        
60         308        
61         285        
61         296        
62         285        
62         286        
63         286        
63         297        
64         286        
64         287        
65         287        
65         298        
66         288        
66         299        
67         289        
67         300        
68         290        
68         301        
69         291        
69         302        
70         292        
70         303        
71         293        
71         304        
72         294        
72         305        
73         295        
73         306        
74         295        
74         296        
75         296        
75         307        
76         297        
76         309        
77         297        
77         310        
78         298        
78         310        
79         298        
79         311        
80         299        
80         311        
81         299        
81         312        
82         300        
82         312        
83         300        
83         313        
84         301        
84         313        
85         301        
85         314        
86         302        
86         314        
87         302        
87         315        
88         303        
88         315        
89         303        
89         316        
90         304        
90         316        
91         304        
91         317        
92         305        
92         317        
93         305        
93         318        
94         306        
94         318        
95         306        
95         319        
96         307        
96         319        
97         307        
97         320        
98         308        
98         320        
99         308        
99         309        
100        309        
100        321        
101        310        
101        322        
102        311        
102        323        
103        312        
103        324        
104        313        
104        325        
105        314        
105        326        
106        315        
106        327        
107        316        
107        328        
108        317        
108        329        
109        318        
109        330        
110        319        
110        331        
111        320        
111        332        
112        321        
112        333        
113        321        
113        334        
114        322        
114        334        
115        322        
115        335        
116        323        
116        335        
117        323        
117        336        
118        324        
118        336        
119        324        
119        337        
120        325        
120        337        
121        325        
121        338        
122        326        
122        338        
123        326        
123        339        
124        327        
124        339        
125        327        
125        340        
126        328        
126        340        
127        328        
127        341        
128        329        
128        341        
129        329        
129        342        
130        330        
130        342        
131        330        
131        343        
132        331        
132        343        
133        331        
133        344        
134        332        
134        344        
135        332        
135        333        
136        333        
136        356        
137        334        
137        345        
138        335        
138        346        
139        336        
139        347        
140        337        
140        348        
141        338        
141        349        
142        339        
142        350        
143        340        
143        351        
144        341        
144        352        
145        342        
145        353        
146        343        
146        354        
147        344        
147        355        
148        345        
148        356        
149        345        
149        346        
150        346        
150        357        
151        347        
151        357        
152        347        
152        358        
153        348        
153        358        
154        348        
154        359        
155        349        
155        359        
156        349        
156        360        
157        350        
157        360        
158        350        
158        361        
159        351        
159        361        
160        351        
160        362        
161        352        
161        362        
162        352        
162        363        
163        353        
163        363        
164        353        
164        364        
165        354        
165        364        
166        354        
166        355        
167        355        
167        356        
168        357        
168        371        
169        358        
169        365        
170        359        
170        366        
171        360        
171        367        
172        361        
172        368        
173        362        
173        369        
174        363        
174        370        
175        364        
175        377        
176        365        
176        371        
177        365        
177        372        
178        366        
178        372        
179        366        
179        373        
180        367        
180        373        
181        367        
181        374        
182        368        
182        374        
183        368        
183        375        
184        369        
184        375        
185        369        
185        376        
186        370        
186        376        
187        370        
187        377        
188        371        
188        383        
189        372        
189        378        
190        373        
190        379        
191        374        
191        380        
192        375        
192        381        
193        376        
193        382        
194        377        
194        388        
195        378        
195        383        
196        378        
196        384        
197        379        
197        384        
198        379        
198        385        
199        380        
199        385        
200        380        
200        386        
201        381        
201        386        
202        381        
202        387        
203        382        
203        387        
204        382        
204        388        
205        383        
205        393        
206        384        
206        389        
207        385        
207        390        
208        386        
208        391        
209        387        
209        392        
210        388        
210        397        
211        389        
211        393        
212        389        
212        394        
213        390        
213        394        
214        390        
214        395        
215        391        
215        395        
216        391        
216        396        
217        392        
217        396        
218        392        
218        397        
219        393        
219        401        
220        394        
220        398        
221        395        
221        399        
222        396        
222        400        
223        397        
223        404        
224        398        
224        401        
225        398        
225        402        
226        399        
226        402        
227        399        
227        403        
228        400        
228        403        
229        400        
229        404        
230        401        
230        405        
231        402        
231        406        
232        403        
232        407        
233        404        
233        408        
234        405        
234        409        
235        405        
235        412        
236        406        
236        409        
237        406        
237        410        
238        407        
238        410        
239        407        
239        411        
240        408        
240        411        
241        408        
241        416        
242        409        
242        413        
243        410        
243        414        
244        411        
244        415        
245        412        
245        417        
246        413        
246        418        
247        413        
247        417        
248        414        
248        419        
249        414        
249        418        
250        415        
250        420        
251        415        
251        419        
252        416        
252        420        
1          2          
1          3          
2          3          
4          5          
4          6          
5          6          
7          8          
7          9          
8          9          
10         11         
10         12         
11         12         
13         14         
13         15         
14         15         
16         17         
16         18         
17         18         
1          4          
1          19         
4          19         
5          7          
5          20         
7          20         
8          10         
8          21         
10         21         
11         13         
11         22         
13         22         
14         16         
14         23         
16         23         
3          24         
3          25         
24         25         
19         26         
19         27         
26         27         
20         28         
20         29         
28         29         
21         30         
21         31         
30         31         
22         32         
22         33         
32         33         
23         34         
23         35         
34         35         
17         36         
17         37         
36         37         
24         26         
24         38         
26         38         
27         28         
27         39         
28         39         
29         30         
29         40         
30         40         
31         32         
31         41         
32         41         
33         34         
33         42         
34         42         
35         36         
35         43         
36         43         
25         44         
25         45         
44         45         
38         46         
38         47         
46         47         
39         48         
39         49         
48         49         
40         50         
40         51         
50         51         
41         52         
41         53         
52         53         
42         54         
42         55         
54         55         
43         56         
43         57         
56         57         
37         58         
37         59         
58         59         
60         61         
60         62         
61         62         
62         63         
62         64         
63         64         
44         64         
44         65         
64         65         
45         46         
45         66         
46         66         
47         48         
47         67         
48         67         
49         50         
49         68         
50         68         
51         52         
51         69         
52         69         
53         54         
53         70         
54         70         
55         56         
55         71         
56         71         
57         58         
57         72         
58         72         
59         73         
59         74         
73         74         
61         74         
61         75         
74         75         
63         76         
63         77         
76         77         
65         78         
65         79         
78         79         
66         80         
66         81         
80         81         
67         82         
67         83         
82         83         
68         84         
68         85         
84         85         
69         86         
69         87         
86         87         
70         88         
70         89         
88         89         
71         90         
71         91         
90         91         
72         92         
72         93         
92         93         
73         94         
73         95         
94         95         
75         96         
75         97         
96         97         
60         98         
60         99         
98         99         
76         99         
76         100        
99         100        
77         78         
77         101        
78         101        
79         80         
79         102        
80         102        
81         82         
81         103        
82         103        
83         84         
83         104        
84         104        
85         86         
85         105        
86         105        
87         88         
87         106        
88         106        
89         90         
89         107        
90         107        
91         92         
91         108        
92         108        
93         94         
93         109        
94         109        
95         96         
95         110        
96         110        
97         98         
97         111        
98         111        
100        112        
100        113        
112        113        
101        114        
101        115        
114        115        
102        116        
102        117        
116        117        
103        118        
103        119        
118        119        
104        120        
104        121        
120        121        
105        122        
105        123        
122        123        
106        124        
106        125        
124        125        
107        126        
107        127        
126        127        
108        128        
108        129        
128        129        
109        130        
109        131        
130        131        
110        132        
110        133        
132        133        
111        134        
111        135        
134        135        
112        135        
112        136        
135        136        
113        114        
113        137        
114        137        
115        116        
115        138        
116        138        
117        118        
117        139        
118        139        
119        120        
119        140        
120        140        
121        122        
121        141        
122        141        
123        124        
123        142        
124        142        
125        126        
125        143        
126        143        
127        128        
127        144        
128        144        
129        130        
129        145        
130        145        
131        132        
131        146        
132        146        
133        134        
133        147        
134        147        
137        148        
137        149        
148        149        
138        149        
138        150        
149        150        
139        151        
139        152        
151        152        
140        153        
140        154        
153        154        
141        155        
141        156        
155        156        
142        157        
142        158        
157        158        
143        159        
143        160        
159        160        
144        161        
144        162        
161        162        
145        163        
145        164        
163        164        
146        165        
146        166        
165        166        
147        166        
147        167        
166        167        
136        148        
136        167        
148        167        
150        151        
150        168        
151        168        
152        153        
152        169        
153        169        
154        155        
154        170        
155        170        
156        157        
156        171        
157        171        
158        159        
158        172        
159        172        
160        161        
160        173        
161        173        
162        163        
162        174        
163        174        
164        165        
164        175        
165        175        
169        176        
169        177        
176        177        
170        178        
170        179        
178        179        
171        180        
171        181        
180        181        
172        182        
172        183        
182        183        
173        184        
173        185        
184        185        
174        186        
174        187        
186        187        
168        176        
168        188        
176        188        
177        178        
177        189        
178        189        
179        180        
179        190        
180        190        
181        182        
181        191        
182        191        
183        184        
183        192        
184        192        
185        186        
185        193        
186        193        
175        187        
175        194        
187        194        
189        195        
189        196        
195        196        
190        197        
190        198        
197        198        
191        199        
191        200        
199        200        
192        201        
192        202        
201        202        
193        203        
193        204        
203        204        
188        195        
188        205        
195        205        
196        197        
196        206        
197        206        
198        199        
198        207        
199        207        
200        201        
200        208        
201        208        
202        203        
202        209        
203        209        
194        204        
194        210        
204        210        
206        211        
206        212        
211        212        
207        213        
207        214        
213        214        
208        215        
208        216        
215        216        
209        217        
209        218        
217        218        
205        211        
205        219        
211        219        
212        213        
212        220        
213        220        
214        215        
214        221        
215        221        
216        217        
216        222        
217        222        
210        218        
210        223        
218        223        
220        224        
220        225        
224        225        
221        226        
221        227        
226        227        
222        228        
222        229        
228        229        
219        224        
219        230        
224        230        
225        226        
225        231        
226        231        
227        228        
227        232        
228        232        
223        229        
223        233        
229        233        
230        234        
230        235        
234        235        
231        236        
231        237        
236        237        
232        238        
232        239        
238        239        
233        240        
233        241        
240        241        
234        236        
234        242        
236        242        
237        238        
237        243        
238        243        
239        240        
239        244        
240        244        
2          235        
2          245        
235        245        
242        246        
242        247        
246        247        
243        248        
243        249        
248        249        
244        250        
244        251        
250        251        
18         241        
18         252        
241        252        
6          245        
6          247        
245        247        
9          246        
9          249        
246        249        
12         248        
12         251        
248        251        
15         250        
15         252        
250        252        
