4320
1          865       
1          866       
1          217       
1          218       
1          219       
1          220       
1          221       
1          222       
2          867       
2          868       
2          223       
2          224       
2          225       
2          226       
2          227       
2          228       
3          869       
3          870       
3          229       
3          230       
3          231       
3          232       
3          233       
3          234       
4          871       
4          872       
4          235       
4          236       
4          237       
4          238       
4          239       
4          240       
5          873       
5          874       
5          217       
5          218       
5          241       
5          242       
5          243       
5          244       
6          875       
6          876       
6          219       
6          220       
6          223       
6          224       
6          245       
6          246       
7          877       
7          878       
7          225       
7          226       
7          229       
7          230       
7          247       
7          248       
8          879       
8          880       
8          231       
8          232       
8          235       
8          236       
8          249       
8          250       
9          881       
9          882       
9          237       
9          238       
9          251       
9          252       
9          253       
9          254       
10         883       
10         884       
10         241       
10         242       
10         255       
10         256       
10         257       
10         258       
11         885       
11         886       
11         245       
11         246       
11         259       
11         260       
11         261       
11         262       
12         887       
12         888       
12         247       
12         248       
12         263       
12         264       
12         265       
12         266       
13         889       
13         890       
13         249       
13         250       
13         267       
13         268       
13         269       
13         270       
14         891       
14         892       
14         251       
14         252       
14         271       
14         272       
14         273       
14         274       
15         893       
15         894       
15         255       
15         256       
15         275       
15         276       
15         277       
15         278       
16         895       
16         896       
16         257       
16         258       
16         259       
16         260       
16         279       
16         280       
17         897       
17         898       
17         261       
17         262       
17         263       
17         264       
17         281       
17         282       
18         899       
18         900       
18         265       
18         266       
18         267       
18         268       
18         283       
18         284       
19         901       
19         902       
19         269       
19         270       
19         271       
19         272       
19         285       
19         286       
20         903       
20         904       
20         273       
20         274       
20         287       
20         288       
20         289       
20         290       
21         905       
21         906       
21         277       
21         278       
21         291       
21         292       
21         293       
21         294       
22         907       
22         908       
22         275       
22         276       
22         295       
22         296       
22         297       
22         298       
23         909       
23         910       
23         279       
23         280       
23         299       
23         300       
23         301       
23         302       
24         911       
24         912       
24         281       
24         282       
24         303       
24         304       
24         305       
24         306       
25         913       
25         914       
25         283       
25         284       
25         307       
25         308       
25         309       
25         310       
26         915       
26         916       
26         285       
26         286       
26         311       
26         312       
26         313       
26         314       
27         917       
27         918       
27         287       
27         288       
27         315       
27         316       
27         317       
27         318       
28         919       
28         920       
28         289       
28         290       
28         319       
28         320       
28         321       
28         322       
29         921       
29         922       
29         291       
29         292       
29         323       
29         324       
29         325       
29         326       
30         923       
30         924       
30         293       
30         294       
30         295       
30         296       
30         327       
30         328       
31         925       
31         926       
31         297       
31         298       
31         299       
31         300       
31         329       
31         330       
32         927       
32         928       
32         301       
32         302       
32         303       
32         304       
32         331       
32         332       
33         929       
33         930       
33         305       
33         306       
33         307       
33         308       
33         333       
33         334       
34         931       
34         932       
34         309       
34         310       
34         311       
34         312       
34         335       
34         336       
35         933       
35         934       
35         313       
35         314       
35         315       
35         316       
35         337       
35         338       
36         935       
36         936       
36         317       
36         318       
36         319       
36         320       
36         339       
36         340       
37         937       
37         938       
37         321       
37         322       
37         341       
37         342       
37         343       
37         344       
38         939       
38         940       
38         325       
38         326       
38         345       
38         346       
38         347       
38         348       
39         941       
39         942       
39         323       
39         324       
39         349       
39         350       
39         351       
39         352       
40         943       
40         944       
40         327       
40         328       
40         353       
40         354       
40         355       
40         356       
41         945       
41         946       
41         329       
41         330       
41         357       
41         358       
41         359       
41         360       
42         947       
42         948       
42         331       
42         332       
42         361       
42         362       
42         363       
42         364       
43         949       
43         950       
43         333       
43         334       
43         365       
43         366       
43         367       
43         368       
44         951       
44         952       
44         335       
44         336       
44         369       
44         370       
44         371       
44         372       
45         953       
45         954       
45         337       
45         338       
45         373       
45         374       
45         375       
45         376       
46         955       
46         956       
46         339       
46         340       
46         377       
46         378       
46         379       
46         380       
47         957       
47         958       
47         341       
47         342       
47         381       
47         382       
47         383       
47         384       
48         959       
48         960       
48         343       
48         344       
48         385       
48         386       
48         387       
48         388       
49         961       
49         962       
49         345       
49         346       
49         389       
49         390       
49         391       
49         392       
50         963       
50         964       
50         347       
50         348       
50         349       
50         350       
50         393       
50         394       
51         965       
51         966       
51         351       
51         352       
51         353       
51         354       
51         395       
51         396       
52         967       
52         968       
52         355       
52         356       
52         357       
52         358       
52         397       
52         398       
53         969       
53         970       
53         359       
53         360       
53         361       
53         362       
53         399       
53         400       
54         971       
54         972       
54         363       
54         364       
54         365       
54         366       
54         401       
54         402       
55         973       
55         974       
55         367       
55         368       
55         369       
55         370       
55         403       
55         404       
56         975       
56         976       
56         371       
56         372       
56         373       
56         374       
56         405       
56         406       
57         977       
57         978       
57         375       
57         376       
57         377       
57         378       
57         407       
57         408       
58         979       
58         980       
58         379       
58         380       
58         381       
58         382       
58         409       
58         410       
59         981       
59         982       
59         383       
59         384       
59         385       
59         386       
59         411       
59         412       
60         983       
60         984       
60         387       
60         388       
60         391       
60         392       
60         413       
60         414       
61         985       
61         986       
61         389       
61         390       
61         415       
61         416       
61         417       
61         418       
62         987       
62         988       
62         393       
62         394       
62         419       
62         420       
62         421       
62         422       
63         989       
63         990       
63         395       
63         396       
63         423       
63         424       
63         425       
63         426       
64         991       
64         992       
64         397       
64         398       
64         427       
64         428       
64         429       
64         430       
65         993       
65         994       
65         399       
65         400       
65         431       
65         432       
65         433       
65         434       
66         995       
66         996       
66         401       
66         402       
66         435       
66         436       
66         437       
66         438       
67         997       
67         998       
67         403       
67         404       
67         439       
67         440       
67         441       
67         442       
68         999       
68         1000      
68         405       
68         406       
68         443       
68         444       
68         445       
68         446       
69         1001      
69         1002      
69         407       
69         408       
69         447       
69         448       
69         449       
69         450       
70         1003      
70         1004      
70         409       
70         410       
70         451       
70         452       
70         453       
70         454       
71         1005      
71         1006      
71         411       
71         412       
71         455       
71         456       
71         457       
71         458       
72         1007      
72         1008      
72         413       
72         414       
72         459       
72         460       
72         461       
72         462       
73         1009      
73         1010      
73         415       
73         416       
73         461       
73         462       
73         463       
73         464       
74         1011      
74         1012      
74         417       
74         418       
74         419       
74         420       
74         465       
74         466       
75         1013      
75         1014      
75         421       
75         422       
75         423       
75         424       
75         467       
75         468       
76         1015      
76         1016      
76         425       
76         426       
76         427       
76         428       
76         469       
76         470       
77         1017      
77         1018      
77         429       
77         430       
77         431       
77         432       
77         471       
77         472       
78         1019      
78         1020      
78         433       
78         434       
78         435       
78         436       
78         473       
78         474       
79         1021      
79         1022      
79         437       
79         438       
79         439       
79         440       
79         475       
79         476       
80         1023      
80         1024      
80         441       
80         442       
80         443       
80         444       
80         477       
80         478       
81         1025      
81         1026      
81         445       
81         446       
81         447       
81         448       
81         479       
81         480       
82         1027      
82         1028      
82         449       
82         450       
82         451       
82         452       
82         481       
82         482       
83         1029      
83         1030      
83         453       
83         454       
83         455       
83         456       
83         483       
83         484       
84         1031      
84         1032      
84         457       
84         458       
84         459       
84         460       
84         485       
84         486       
85         1033      
85         1034      
85         465       
85         466       
85         487       
85         488       
85         489       
85         490       
86         1035      
86         1036      
86         467       
86         468       
86         491       
86         492       
86         493       
86         494       
87         1037      
87         1038      
87         469       
87         470       
87         495       
87         496       
87         497       
87         498       
88         1039      
88         1040      
88         471       
88         472       
88         499       
88         500       
88         501       
88         502       
89         1041      
89         1042      
89         473       
89         474       
89         503       
89         504       
89         505       
89         506       
90         1043      
90         1044      
90         475       
90         476       
90         507       
90         508       
90         509       
90         510       
91         1045      
91         1046      
91         477       
91         478       
91         511       
91         512       
91         513       
91         514       
92         1047      
92         1048      
92         479       
92         480       
92         515       
92         516       
92         517       
92         518       
93         1049      
93         1050      
93         481       
93         482       
93         519       
93         520       
93         521       
93         522       
94         1051      
94         1052      
94         483       
94         484       
94         523       
94         524       
94         525       
94         526       
95         1053      
95         1054      
95         485       
95         486       
95         527       
95         528       
95         529       
95         530       
96         1055      
96         1056      
96         463       
96         464       
96         531       
96         532       
96         533       
96         534       
97         1057      
97         1058      
97         487       
97         488       
97         533       
97         534       
97         535       
97         536       
98         1059      
98         1060      
98         489       
98         490       
98         491       
98         492       
98         537       
98         538       
99         1061      
99         1062      
99         493       
99         494       
99         495       
99         496       
99         539       
99         540       
100        1063      
100        1064      
100        497       
100        498       
100        499       
100        500       
100        541       
100        542       
101        1065      
101        1066      
101        501       
101        502       
101        503       
101        504       
101        543       
101        544       
102        1067      
102        1068      
102        505       
102        506       
102        507       
102        508       
102        545       
102        546       
103        1069      
103        1070      
103        509       
103        510       
103        511       
103        512       
103        547       
103        548       
104        1071      
104        1072      
104        513       
104        514       
104        515       
104        516       
104        549       
104        550       
105        1073      
105        1074      
105        517       
105        518       
105        519       
105        520       
105        551       
105        552       
106        1075      
106        1076      
106        521       
106        522       
106        523       
106        524       
106        553       
106        554       
107        1077      
107        1078      
107        525       
107        526       
107        527       
107        528       
107        555       
107        556       
108        1079      
108        1080      
108        529       
108        530       
108        531       
108        532       
108        557       
108        558       
109        1081      
109        1082      
109        535       
109        536       
109        559       
109        560       
109        561       
109        562       
110        1083      
110        1084      
110        537       
110        538       
110        563       
110        564       
110        565       
110        566       
111        1085      
111        1086      
111        539       
111        540       
111        567       
111        568       
111        569       
111        570       
112        1087      
112        1088      
112        541       
112        542       
112        571       
112        572       
112        573       
112        574       
113        1089      
113        1090      
113        543       
113        544       
113        575       
113        576       
113        577       
113        578       
114        1091      
114        1092      
114        545       
114        546       
114        579       
114        580       
114        581       
114        582       
115        1093      
115        1094      
115        547       
115        548       
115        583       
115        584       
115        585       
115        586       
116        1095      
116        1096      
116        549       
116        550       
116        587       
116        588       
116        589       
116        590       
117        1097      
117        1098      
117        551       
117        552       
117        591       
117        592       
117        593       
117        594       
118        1099      
118        1100      
118        553       
118        554       
118        595       
118        596       
118        597       
118        598       
119        1101      
119        1102      
119        555       
119        556       
119        599       
119        600       
119        601       
119        602       
120        1103      
120        1104      
120        557       
120        558       
120        603       
120        604       
120        605       
120        606       
121        1105      
121        1106      
121        559       
121        560       
121        605       
121        606       
121        607       
121        608       
122        1107      
122        1108      
122        561       
122        562       
122        563       
122        564       
122        609       
122        610       
123        1109      
123        1110      
123        565       
123        566       
123        567       
123        568       
123        611       
123        612       
124        1111      
124        1112      
124        569       
124        570       
124        571       
124        572       
124        613       
124        614       
125        1113      
125        1114      
125        573       
125        574       
125        575       
125        576       
125        615       
125        616       
126        1115      
126        1116      
126        577       
126        578       
126        579       
126        580       
126        617       
126        618       
127        1117      
127        1118      
127        581       
127        582       
127        583       
127        584       
127        619       
127        620       
128        1119      
128        1120      
128        585       
128        586       
128        587       
128        588       
128        621       
128        622       
129        1121      
129        1122      
129        589       
129        590       
129        591       
129        592       
129        623       
129        624       
130        1123      
130        1124      
130        593       
130        594       
130        595       
130        596       
130        625       
130        626       
131        1125      
131        1126      
131        597       
131        598       
131        599       
131        600       
131        627       
131        628       
132        1127      
132        1128      
132        601       
132        602       
132        603       
132        604       
132        629       
132        630       
133        1129      
133        1130      
133        609       
133        610       
133        631       
133        632       
133        633       
133        634       
134        1131      
134        1132      
134        611       
134        612       
134        635       
134        636       
134        637       
134        638       
135        1133      
135        1134      
135        613       
135        614       
135        639       
135        640       
135        641       
135        642       
136        1135      
136        1136      
136        615       
136        616       
136        643       
136        644       
136        645       
136        646       
137        1137      
137        1138      
137        617       
137        618       
137        647       
137        648       
137        649       
137        650       
138        1139      
138        1140      
138        619       
138        620       
138        651       
138        652       
138        653       
138        654       
139        1141      
139        1142      
139        621       
139        622       
139        655       
139        656       
139        657       
139        658       
140        1143      
140        1144      
140        623       
140        624       
140        659       
140        660       
140        661       
140        662       
141        1145      
141        1146      
141        625       
141        626       
141        663       
141        664       
141        665       
141        666       
142        1147      
142        1148      
142        627       
142        628       
142        667       
142        668       
142        669       
142        670       
143        1149      
143        1150      
143        629       
143        630       
143        671       
143        672       
143        673       
143        674       
144        1151      
144        1152      
144        607       
144        608       
144        675       
144        676       
144        677       
144        678       
145        1153      
145        1154      
145        631       
145        632       
145        677       
145        678       
145        679       
145        680       
146        1155      
146        1156      
146        633       
146        634       
146        635       
146        636       
146        681       
146        682       
147        1157      
147        1158      
147        637       
147        638       
147        639       
147        640       
147        683       
147        684       
148        1159      
148        1160      
148        641       
148        642       
148        643       
148        644       
148        685       
148        686       
149        1161      
149        1162      
149        645       
149        646       
149        647       
149        648       
149        687       
149        688       
150        1163      
150        1164      
150        649       
150        650       
150        651       
150        652       
150        689       
150        690       
151        1165      
151        1166      
151        653       
151        654       
151        655       
151        656       
151        691       
151        692       
152        1167      
152        1168      
152        657       
152        658       
152        659       
152        660       
152        693       
152        694       
153        1169      
153        1170      
153        661       
153        662       
153        663       
153        664       
153        695       
153        696       
154        1171      
154        1172      
154        665       
154        666       
154        667       
154        668       
154        697       
154        698       
155        1173      
155        1174      
155        669       
155        670       
155        671       
155        672       
155        699       
155        700       
156        1175      
156        1176      
156        673       
156        674       
156        675       
156        676       
156        701       
156        702       
157        1177      
157        1178      
157        679       
157        680       
157        703       
157        704       
157        705       
157        706       
158        1179      
158        1180      
158        681       
158        682       
158        707       
158        708       
158        709       
158        710       
159        1181      
159        1182      
159        683       
159        684       
159        711       
159        712       
159        713       
159        714       
160        1183      
160        1184      
160        685       
160        686       
160        715       
160        716       
160        717       
160        718       
161        1185      
161        1186      
161        687       
161        688       
161        719       
161        720       
161        721       
161        722       
162        1187      
162        1188      
162        689       
162        690       
162        723       
162        724       
162        725       
162        726       
163        1189      
163        1190      
163        691       
163        692       
163        727       
163        728       
163        729       
163        730       
164        1191      
164        1192      
164        693       
164        694       
164        731       
164        732       
164        733       
164        734       
165        1193      
165        1194      
165        695       
165        696       
165        735       
165        736       
165        737       
165        738       
166        1195      
166        1196      
166        697       
166        698       
166        739       
166        740       
166        741       
166        742       
167        1197      
167        1198      
167        699       
167        700       
167        743       
167        744       
167        745       
167        746       
168        1199      
168        1200      
168        701       
168        702       
168        705       
168        706       
168        747       
168        748       
169        1201      
169        1202      
169        703       
169        704       
169        707       
169        708       
169        749       
169        750       
170        1203      
170        1204      
170        709       
170        710       
170        711       
170        712       
170        751       
170        752       
171        1205      
171        1206      
171        713       
171        714       
171        715       
171        716       
171        753       
171        754       
172        1207      
172        1208      
172        717       
172        718       
172        719       
172        720       
172        755       
172        756       
173        1209      
173        1210      
173        721       
173        722       
173        723       
173        724       
173        757       
173        758       
174        1211      
174        1212      
174        725       
174        726       
174        727       
174        728       
174        759       
174        760       
175        1213      
175        1214      
175        729       
175        730       
175        731       
175        732       
175        761       
175        762       
176        1215      
176        1216      
176        733       
176        734       
176        735       
176        736       
176        763       
176        764       
177        1217      
177        1218      
177        737       
177        738       
177        739       
177        740       
177        765       
177        766       
178        1219      
178        1220      
178        741       
178        742       
178        743       
178        744       
178        767       
178        768       
179        1221      
179        1222      
179        745       
179        746       
179        747       
179        748       
179        769       
179        770       
180        1223      
180        1224      
180        749       
180        750       
180        751       
180        752       
180        771       
180        772       
181        1225      
181        1226      
181        753       
181        754       
181        773       
181        774       
181        775       
181        776       
182        1227      
182        1228      
182        755       
182        756       
182        777       
182        778       
182        779       
182        780       
183        1229      
183        1230      
183        757       
183        758       
183        781       
183        782       
183        783       
183        784       
184        1231      
184        1232      
184        759       
184        760       
184        785       
184        786       
184        787       
184        788       
185        1233      
185        1234      
185        761       
185        762       
185        789       
185        790       
185        791       
185        792       
186        1235      
186        1236      
186        763       
186        764       
186        793       
186        794       
186        795       
186        796       
187        1237      
187        1238      
187        765       
187        766       
187        797       
187        798       
187        799       
187        800       
188        1239      
188        1240      
188        767       
188        768       
188        769       
188        770       
188        801       
188        802       
189        1241      
189        1242      
189        771       
189        772       
189        773       
189        774       
189        803       
189        804       
190        1243      
190        1244      
190        775       
190        776       
190        777       
190        778       
190        805       
190        806       
191        1245      
191        1246      
191        779       
191        780       
191        781       
191        782       
191        807       
191        808       
192        1247      
192        1248      
192        783       
192        784       
192        785       
192        786       
192        809       
192        810       
193        1249      
193        1250      
193        787       
193        788       
193        789       
193        790       
193        811       
193        812       
194        1251      
194        1252      
194        791       
194        792       
194        793       
194        794       
194        813       
194        814       
195        1253      
195        1254      
195        795       
195        796       
195        797       
195        798       
195        815       
195        816       
196        1255      
196        1256      
196        799       
196        800       
196        801       
196        802       
196        817       
196        818       
197        1257      
197        1258      
197        803       
197        804       
197        805       
197        806       
197        819       
197        820       
198        1259      
198        1260      
198        807       
198        808       
198        821       
198        822       
198        823       
198        824       
199        1261      
199        1262      
199        809       
199        810       
199        825       
199        826       
199        827       
199        828       
200        1263      
200        1264      
200        811       
200        812       
200        829       
200        830       
200        831       
200        832       
201        1265      
201        1266      
201        813       
201        814       
201        833       
201        834       
201        835       
201        836       
202        1267      
202        1268      
202        815       
202        816       
202        817       
202        818       
202        837       
202        838       
203        1269      
203        1270      
203        819       
203        820       
203        821       
203        822       
203        839       
203        840       
204        1271      
204        1272      
204        823       
204        824       
204        825       
204        826       
204        841       
204        842       
205        1273      
205        1274      
205        827       
205        828       
205        829       
205        830       
205        843       
205        844       
206        1275      
206        1276      
206        831       
206        832       
206        833       
206        834       
206        845       
206        846       
207        1277      
207        1278      
207        835       
207        836       
207        837       
207        838       
207        847       
207        848       
208        1279      
208        1280      
208        243       
208        244       
208        839       
208        840       
208        849       
208        850       
209        1281      
209        1282      
209        841       
209        842       
209        851       
209        852       
209        853       
209        854       
210        1283      
210        1284      
210        843       
210        844       
210        855       
210        856       
210        857       
210        858       
211        1285      
211        1286      
211        845       
211        846       
211        859       
211        860       
211        861       
211        862       
212        1287      
212        1288      
212        253       
212        254       
212        847       
212        848       
212        863       
212        864       
213        1289      
213        1290      
213        221       
213        222       
213        849       
213        850       
213        853       
213        854       
214        1291      
214        1292      
214        227       
214        228       
214        851       
214        852       
214        857       
214        858       
215        1293      
215        1294      
215        233       
215        234       
215        855       
215        856       
215        861       
215        862       
216        1295      
216        1296      
216        239       
216        240       
216        859       
216        860       
216        863       
216        864       
217        865       
218        866       
217        873       
218        874       
219        865       
220        866       
219        875       
220        876       
221        865       
222        866       
221        1289      
222        1290      
223        867       
224        868       
223        875       
224        876       
225        867       
226        868       
225        877       
226        878       
227        867       
228        868       
227        1291      
228        1292      
229        869       
230        870       
229        877       
230        878       
231        869       
232        870       
231        879       
232        880       
233        869       
234        870       
233        1293      
234        1294      
235        871       
236        872       
235        879       
236        880       
237        871       
238        872       
237        881       
238        882       
239        871       
240        872       
239        1295      
240        1296      
241        873       
242        874       
241        883       
242        884       
243        873       
244        874       
243        1279      
244        1280      
245        875       
246        876       
245        885       
246        886       
247        877       
248        878       
247        887       
248        888       
249        879       
250        880       
249        889       
250        890       
251        881       
252        882       
251        891       
252        892       
253        881       
254        882       
253        1287      
254        1288      
255        883       
256        884       
255        893       
256        894       
257        883       
258        884       
257        895       
258        896       
259        885       
260        886       
259        895       
260        896       
261        885       
262        886       
261        897       
262        898       
263        887       
264        888       
263        897       
264        898       
265        887       
266        888       
265        899       
266        900       
267        889       
268        890       
267        899       
268        900       
269        889       
270        890       
269        901       
270        902       
271        891       
272        892       
271        901       
272        902       
273        891       
274        892       
273        903       
274        904       
275        893       
276        894       
275        907       
276        908       
277        893       
278        894       
277        905       
278        906       
279        895       
280        896       
279        909       
280        910       
281        897       
282        898       
281        911       
282        912       
283        899       
284        900       
283        913       
284        914       
285        901       
286        902       
285        915       
286        916       
287        903       
288        904       
287        917       
288        918       
289        903       
290        904       
289        919       
290        920       
291        905       
292        906       
291        921       
292        922       
293        905       
294        906       
293        923       
294        924       
295        907       
296        908       
295        923       
296        924       
297        907       
298        908       
297        925       
298        926       
299        909       
300        910       
299        925       
300        926       
301        909       
302        910       
301        927       
302        928       
303        911       
304        912       
303        927       
304        928       
305        911       
306        912       
305        929       
306        930       
307        913       
308        914       
307        929       
308        930       
309        913       
310        914       
309        931       
310        932       
311        915       
312        916       
311        931       
312        932       
313        915       
314        916       
313        933       
314        934       
315        917       
316        918       
315        933       
316        934       
317        917       
318        918       
317        935       
318        936       
319        919       
320        920       
319        935       
320        936       
321        919       
322        920       
321        937       
322        938       
323        921       
324        922       
323        941       
324        942       
325        921       
326        922       
325        939       
326        940       
327        923       
328        924       
327        943       
328        944       
329        925       
330        926       
329        945       
330        946       
331        927       
332        928       
331        947       
332        948       
333        929       
334        930       
333        949       
334        950       
335        931       
336        932       
335        951       
336        952       
337        933       
338        934       
337        953       
338        954       
339        935       
340        936       
339        955       
340        956       
341        937       
342        938       
341        957       
342        958       
343        937       
344        938       
343        959       
344        960       
345        939       
346        940       
345        961       
346        962       
347        939       
348        940       
347        963       
348        964       
349        941       
350        942       
349        963       
350        964       
351        941       
352        942       
351        965       
352        966       
353        943       
354        944       
353        965       
354        966       
355        943       
356        944       
355        967       
356        968       
357        945       
358        946       
357        967       
358        968       
359        945       
360        946       
359        969       
360        970       
361        947       
362        948       
361        969       
362        970       
363        947       
364        948       
363        971       
364        972       
365        949       
366        950       
365        971       
366        972       
367        949       
368        950       
367        973       
368        974       
369        951       
370        952       
369        973       
370        974       
371        951       
372        952       
371        975       
372        976       
373        953       
374        954       
373        975       
374        976       
375        953       
376        954       
375        977       
376        978       
377        955       
378        956       
377        977       
378        978       
379        955       
380        956       
379        979       
380        980       
381        957       
382        958       
381        979       
382        980       
383        957       
384        958       
383        981       
384        982       
385        959       
386        960       
385        981       
386        982       
387        959       
388        960       
387        983       
388        984       
389        961       
390        962       
389        985       
390        986       
391        961       
392        962       
391        983       
392        984       
393        963       
394        964       
393        987       
394        988       
395        965       
396        966       
395        989       
396        990       
397        967       
398        968       
397        991       
398        992       
399        969       
400        970       
399        993       
400        994       
401        971       
402        972       
401        995       
402        996       
403        973       
404        974       
403        997       
404        998       
405        975       
406        976       
405        999       
406        1000      
407        977       
408        978       
407        1001      
408        1002      
409        979       
410        980       
409        1003      
410        1004      
411        981       
412        982       
411        1005      
412        1006      
413        983       
414        984       
413        1007      
414        1008      
415        985       
416        986       
415        1009      
416        1010      
417        985       
418        986       
417        1011      
418        1012      
419        987       
420        988       
419        1011      
420        1012      
421        987       
422        988       
421        1013      
422        1014      
423        989       
424        990       
423        1013      
424        1014      
425        989       
426        990       
425        1015      
426        1016      
427        991       
428        992       
427        1015      
428        1016      
429        991       
430        992       
429        1017      
430        1018      
431        993       
432        994       
431        1017      
432        1018      
433        993       
434        994       
433        1019      
434        1020      
435        995       
436        996       
435        1019      
436        1020      
437        995       
438        996       
437        1021      
438        1022      
439        997       
440        998       
439        1021      
440        1022      
441        997       
442        998       
441        1023      
442        1024      
443        999       
444        1000      
443        1023      
444        1024      
445        999       
446        1000      
445        1025      
446        1026      
447        1001      
448        1002      
447        1025      
448        1026      
449        1001      
450        1002      
449        1027      
450        1028      
451        1003      
452        1004      
451        1027      
452        1028      
453        1003      
454        1004      
453        1029      
454        1030      
455        1005      
456        1006      
455        1029      
456        1030      
457        1005      
458        1006      
457        1031      
458        1032      
459        1007      
460        1008      
459        1031      
460        1032      
461        1007      
462        1008      
461        1009      
462        1010      
463        1009      
464        1010      
463        1055      
464        1056      
465        1011      
466        1012      
465        1033      
466        1034      
467        1013      
468        1014      
467        1035      
468        1036      
469        1015      
470        1016      
469        1037      
470        1038      
471        1017      
472        1018      
471        1039      
472        1040      
473        1019      
474        1020      
473        1041      
474        1042      
475        1021      
476        1022      
475        1043      
476        1044      
477        1023      
478        1024      
477        1045      
478        1046      
479        1025      
480        1026      
479        1047      
480        1048      
481        1027      
482        1028      
481        1049      
482        1050      
483        1029      
484        1030      
483        1051      
484        1052      
485        1031      
486        1032      
485        1053      
486        1054      
487        1033      
488        1034      
487        1057      
488        1058      
489        1033      
490        1034      
489        1059      
490        1060      
491        1035      
492        1036      
491        1059      
492        1060      
493        1035      
494        1036      
493        1061      
494        1062      
495        1037      
496        1038      
495        1061      
496        1062      
497        1037      
498        1038      
497        1063      
498        1064      
499        1039      
500        1040      
499        1063      
500        1064      
501        1039      
502        1040      
501        1065      
502        1066      
503        1041      
504        1042      
503        1065      
504        1066      
505        1041      
506        1042      
505        1067      
506        1068      
507        1043      
508        1044      
507        1067      
508        1068      
509        1043      
510        1044      
509        1069      
510        1070      
511        1045      
512        1046      
511        1069      
512        1070      
513        1045      
514        1046      
513        1071      
514        1072      
515        1047      
516        1048      
515        1071      
516        1072      
517        1047      
518        1048      
517        1073      
518        1074      
519        1049      
520        1050      
519        1073      
520        1074      
521        1049      
522        1050      
521        1075      
522        1076      
523        1051      
524        1052      
523        1075      
524        1076      
525        1051      
526        1052      
525        1077      
526        1078      
527        1053      
528        1054      
527        1077      
528        1078      
529        1053      
530        1054      
529        1079      
530        1080      
531        1055      
532        1056      
531        1079      
532        1080      
533        1055      
534        1056      
533        1057      
534        1058      
535        1057      
536        1058      
535        1081      
536        1082      
537        1059      
538        1060      
537        1083      
538        1084      
539        1061      
540        1062      
539        1085      
540        1086      
541        1063      
542        1064      
541        1087      
542        1088      
543        1065      
544        1066      
543        1089      
544        1090      
545        1067      
546        1068      
545        1091      
546        1092      
547        1069      
548        1070      
547        1093      
548        1094      
549        1071      
550        1072      
549        1095      
550        1096      
551        1073      
552        1074      
551        1097      
552        1098      
553        1075      
554        1076      
553        1099      
554        1100      
555        1077      
556        1078      
555        1101      
556        1102      
557        1079      
558        1080      
557        1103      
558        1104      
559        1081      
560        1082      
559        1105      
560        1106      
561        1081      
562        1082      
561        1107      
562        1108      
563        1083      
564        1084      
563        1107      
564        1108      
565        1083      
566        1084      
565        1109      
566        1110      
567        1085      
568        1086      
567        1109      
568        1110      
569        1085      
570        1086      
569        1111      
570        1112      
571        1087      
572        1088      
571        1111      
572        1112      
573        1087      
574        1088      
573        1113      
574        1114      
575        1089      
576        1090      
575        1113      
576        1114      
577        1089      
578        1090      
577        1115      
578        1116      
579        1091      
580        1092      
579        1115      
580        1116      
581        1091      
582        1092      
581        1117      
582        1118      
583        1093      
584        1094      
583        1117      
584        1118      
585        1093      
586        1094      
585        1119      
586        1120      
587        1095      
588        1096      
587        1119      
588        1120      
589        1095      
590        1096      
589        1121      
590        1122      
591        1097      
592        1098      
591        1121      
592        1122      
593        1097      
594        1098      
593        1123      
594        1124      
595        1099      
596        1100      
595        1123      
596        1124      
597        1099      
598        1100      
597        1125      
598        1126      
599        1101      
600        1102      
599        1125      
600        1126      
601        1101      
602        1102      
601        1127      
602        1128      
603        1103      
604        1104      
603        1127      
604        1128      
605        1103      
606        1104      
605        1105      
606        1106      
607        1105      
608        1106      
607        1151      
608        1152      
609        1107      
610        1108      
609        1129      
610        1130      
611        1109      
612        1110      
611        1131      
612        1132      
613        1111      
614        1112      
613        1133      
614        1134      
615        1113      
616        1114      
615        1135      
616        1136      
617        1115      
618        1116      
617        1137      
618        1138      
619        1117      
620        1118      
619        1139      
620        1140      
621        1119      
622        1120      
621        1141      
622        1142      
623        1121      
624        1122      
623        1143      
624        1144      
625        1123      
626        1124      
625        1145      
626        1146      
627        1125      
628        1126      
627        1147      
628        1148      
629        1127      
630        1128      
629        1149      
630        1150      
631        1129      
632        1130      
631        1153      
632        1154      
633        1129      
634        1130      
633        1155      
634        1156      
635        1131      
636        1132      
635        1155      
636        1156      
637        1131      
638        1132      
637        1157      
638        1158      
639        1133      
640        1134      
639        1157      
640        1158      
641        1133      
642        1134      
641        1159      
642        1160      
643        1135      
644        1136      
643        1159      
644        1160      
645        1135      
646        1136      
645        1161      
646        1162      
647        1137      
648        1138      
647        1161      
648        1162      
649        1137      
650        1138      
649        1163      
650        1164      
651        1139      
652        1140      
651        1163      
652        1164      
653        1139      
654        1140      
653        1165      
654        1166      
655        1141      
656        1142      
655        1165      
656        1166      
657        1141      
658        1142      
657        1167      
658        1168      
659        1143      
660        1144      
659        1167      
660        1168      
661        1143      
662        1144      
661        1169      
662        1170      
663        1145      
664        1146      
663        1169      
664        1170      
665        1145      
666        1146      
665        1171      
666        1172      
667        1147      
668        1148      
667        1171      
668        1172      
669        1147      
670        1148      
669        1173      
670        1174      
671        1149      
672        1150      
671        1173      
672        1174      
673        1149      
674        1150      
673        1175      
674        1176      
675        1151      
676        1152      
675        1175      
676        1176      
677        1151      
678        1152      
677        1153      
678        1154      
679        1153      
680        1154      
679        1177      
680        1178      
681        1155      
682        1156      
681        1179      
682        1180      
683        1157      
684        1158      
683        1181      
684        1182      
685        1159      
686        1160      
685        1183      
686        1184      
687        1161      
688        1162      
687        1185      
688        1186      
689        1163      
690        1164      
689        1187      
690        1188      
691        1165      
692        1166      
691        1189      
692        1190      
693        1167      
694        1168      
693        1191      
694        1192      
695        1169      
696        1170      
695        1193      
696        1194      
697        1171      
698        1172      
697        1195      
698        1196      
699        1173      
700        1174      
699        1197      
700        1198      
701        1175      
702        1176      
701        1199      
702        1200      
703        1177      
704        1178      
703        1201      
704        1202      
705        1177      
706        1178      
705        1199      
706        1200      
707        1179      
708        1180      
707        1201      
708        1202      
709        1179      
710        1180      
709        1203      
710        1204      
711        1181      
712        1182      
711        1203      
712        1204      
713        1181      
714        1182      
713        1205      
714        1206      
715        1183      
716        1184      
715        1205      
716        1206      
717        1183      
718        1184      
717        1207      
718        1208      
719        1185      
720        1186      
719        1207      
720        1208      
721        1185      
722        1186      
721        1209      
722        1210      
723        1187      
724        1188      
723        1209      
724        1210      
725        1187      
726        1188      
725        1211      
726        1212      
727        1189      
728        1190      
727        1211      
728        1212      
729        1189      
730        1190      
729        1213      
730        1214      
731        1191      
732        1192      
731        1213      
732        1214      
733        1191      
734        1192      
733        1215      
734        1216      
735        1193      
736        1194      
735        1215      
736        1216      
737        1193      
738        1194      
737        1217      
738        1218      
739        1195      
740        1196      
739        1217      
740        1218      
741        1195      
742        1196      
741        1219      
742        1220      
743        1197      
744        1198      
743        1219      
744        1220      
745        1197      
746        1198      
745        1221      
746        1222      
747        1199      
748        1200      
747        1221      
748        1222      
749        1201      
750        1202      
749        1223      
750        1224      
751        1203      
752        1204      
751        1223      
752        1224      
753        1205      
754        1206      
753        1225      
754        1226      
755        1207      
756        1208      
755        1227      
756        1228      
757        1209      
758        1210      
757        1229      
758        1230      
759        1211      
760        1212      
759        1231      
760        1232      
761        1213      
762        1214      
761        1233      
762        1234      
763        1215      
764        1216      
763        1235      
764        1236      
765        1217      
766        1218      
765        1237      
766        1238      
767        1219      
768        1220      
767        1239      
768        1240      
769        1221      
770        1222      
769        1239      
770        1240      
771        1223      
772        1224      
771        1241      
772        1242      
773        1225      
774        1226      
773        1241      
774        1242      
775        1225      
776        1226      
775        1243      
776        1244      
777        1227      
778        1228      
777        1243      
778        1244      
779        1227      
780        1228      
779        1245      
780        1246      
781        1229      
782        1230      
781        1245      
782        1246      
783        1229      
784        1230      
783        1247      
784        1248      
785        1231      
786        1232      
785        1247      
786        1248      
787        1231      
788        1232      
787        1249      
788        1250      
789        1233      
790        1234      
789        1249      
790        1250      
791        1233      
792        1234      
791        1251      
792        1252      
793        1235      
794        1236      
793        1251      
794        1252      
795        1235      
796        1236      
795        1253      
796        1254      
797        1237      
798        1238      
797        1253      
798        1254      
799        1237      
800        1238      
799        1255      
800        1256      
801        1239      
802        1240      
801        1255      
802        1256      
803        1241      
804        1242      
803        1257      
804        1258      
805        1243      
806        1244      
805        1257      
806        1258      
807        1245      
808        1246      
807        1259      
808        1260      
809        1247      
810        1248      
809        1261      
810        1262      
811        1249      
812        1250      
811        1263      
812        1264      
813        1251      
814        1252      
813        1265      
814        1266      
815        1253      
816        1254      
815        1267      
816        1268      
817        1255      
818        1256      
817        1267      
818        1268      
819        1257      
820        1258      
819        1269      
820        1270      
821        1259      
822        1260      
821        1269      
822        1270      
823        1259      
824        1260      
823        1271      
824        1272      
825        1261      
826        1262      
825        1271      
826        1272      
827        1261      
828        1262      
827        1273      
828        1274      
829        1263      
830        1264      
829        1273      
830        1274      
831        1263      
832        1264      
831        1275      
832        1276      
833        1265      
834        1266      
833        1275      
834        1276      
835        1265      
836        1266      
835        1277      
836        1278      
837        1267      
838        1268      
837        1277      
838        1278      
839        1269      
840        1270      
839        1279      
840        1280      
841        1271      
842        1272      
841        1281      
842        1282      
843        1273      
844        1274      
843        1283      
844        1284      
845        1275      
846        1276      
845        1285      
846        1286      
847        1277      
848        1278      
847        1287      
848        1288      
849        1279      
850        1280      
849        1289      
850        1290      
851        1281      
852        1282      
851        1291      
852        1292      
853        1281      
854        1282      
853        1289      
854        1290      
855        1283      
856        1284      
855        1293      
856        1294      
857        1283      
858        1284      
857        1291      
858        1292      
859        1285      
860        1286      
859        1295      
860        1296      
861        1285      
862        1286      
861        1293      
862        1294      
863        1287      
864        1288      
863        1295      
864        1296      
217        219       
218        220       
217        221       
218        222       
219        221       
220        222       
223        225       
224        226       
223        227       
224        228       
225        227       
226        228       
229        231       
230        232       
229        233       
230        234       
231        233       
232        234       
235        237       
236        238       
235        239       
236        240       
237        239       
238        240       
217        241       
218        242       
217        243       
218        244       
241        243       
242        244       
219        223       
220        224       
219        245       
220        246       
223        245       
224        246       
225        229       
226        230       
225        247       
226        248       
229        247       
230        248       
231        235       
232        236       
231        249       
232        250       
235        249       
236        250       
237        251       
238        252       
237        253       
238        254       
251        253       
252        254       
241        255       
242        256       
241        257       
242        258       
255        257       
256        258       
245        259       
246        260       
245        261       
246        262       
259        261       
260        262       
247        263       
248        264       
247        265       
248        266       
263        265       
264        266       
249        267       
250        268       
249        269       
250        270       
267        269       
268        270       
251        271       
252        272       
251        273       
252        274       
271        273       
272        274       
255        275       
256        276       
255        277       
256        278       
275        277       
276        278       
257        259       
258        260       
257        279       
258        280       
259        279       
260        280       
261        263       
262        264       
261        281       
262        282       
263        281       
264        282       
265        267       
266        268       
265        283       
266        284       
267        283       
268        284       
269        271       
270        272       
269        285       
270        286       
271        285       
272        286       
273        287       
274        288       
273        289       
274        290       
287        289       
288        290       
277        291       
278        292       
277        293       
278        294       
291        293       
292        294       
275        295       
276        296       
275        297       
276        298       
295        297       
296        298       
279        299       
280        300       
279        301       
280        302       
299        301       
300        302       
281        303       
282        304       
281        305       
282        306       
303        305       
304        306       
283        307       
284        308       
283        309       
284        310       
307        309       
308        310       
285        311       
286        312       
285        313       
286        314       
311        313       
312        314       
287        315       
288        316       
287        317       
288        318       
315        317       
316        318       
289        319       
290        320       
289        321       
290        322       
319        321       
320        322       
291        323       
292        324       
291        325       
292        326       
323        325       
324        326       
293        295       
294        296       
293        327       
294        328       
295        327       
296        328       
297        299       
298        300       
297        329       
298        330       
299        329       
300        330       
301        303       
302        304       
301        331       
302        332       
303        331       
304        332       
305        307       
306        308       
305        333       
306        334       
307        333       
308        334       
309        311       
310        312       
309        335       
310        336       
311        335       
312        336       
313        315       
314        316       
313        337       
314        338       
315        337       
316        338       
317        319       
318        320       
317        339       
318        340       
319        339       
320        340       
321        341       
322        342       
321        343       
322        344       
341        343       
342        344       
325        345       
326        346       
325        347       
326        348       
345        347       
346        348       
323        349       
324        350       
323        351       
324        352       
349        351       
350        352       
327        353       
328        354       
327        355       
328        356       
353        355       
354        356       
329        357       
330        358       
329        359       
330        360       
357        359       
358        360       
331        361       
332        362       
331        363       
332        364       
361        363       
362        364       
333        365       
334        366       
333        367       
334        368       
365        367       
366        368       
335        369       
336        370       
335        371       
336        372       
369        371       
370        372       
337        373       
338        374       
337        375       
338        376       
373        375       
374        376       
339        377       
340        378       
339        379       
340        380       
377        379       
378        380       
341        381       
342        382       
341        383       
342        384       
381        383       
382        384       
343        385       
344        386       
343        387       
344        388       
385        387       
386        388       
345        389       
346        390       
345        391       
346        392       
389        391       
390        392       
347        349       
348        350       
347        393       
348        394       
349        393       
350        394       
351        353       
352        354       
351        395       
352        396       
353        395       
354        396       
355        357       
356        358       
355        397       
356        398       
357        397       
358        398       
359        361       
360        362       
359        399       
360        400       
361        399       
362        400       
363        365       
364        366       
363        401       
364        402       
365        401       
366        402       
367        369       
368        370       
367        403       
368        404       
369        403       
370        404       
371        373       
372        374       
371        405       
372        406       
373        405       
374        406       
375        377       
376        378       
375        407       
376        408       
377        407       
378        408       
379        381       
380        382       
379        409       
380        410       
381        409       
382        410       
383        385       
384        386       
383        411       
384        412       
385        411       
386        412       
387        391       
388        392       
387        413       
388        414       
391        413       
392        414       
389        415       
390        416       
389        417       
390        418       
415        417       
416        418       
393        419       
394        420       
393        421       
394        422       
419        421       
420        422       
395        423       
396        424       
395        425       
396        426       
423        425       
424        426       
397        427       
398        428       
397        429       
398        430       
427        429       
428        430       
399        431       
400        432       
399        433       
400        434       
431        433       
432        434       
401        435       
402        436       
401        437       
402        438       
435        437       
436        438       
403        439       
404        440       
403        441       
404        442       
439        441       
440        442       
405        443       
406        444       
405        445       
406        446       
443        445       
444        446       
407        447       
408        448       
407        449       
408        450       
447        449       
448        450       
409        451       
410        452       
409        453       
410        454       
451        453       
452        454       
411        455       
412        456       
411        457       
412        458       
455        457       
456        458       
413        459       
414        460       
413        461       
414        462       
459        461       
460        462       
415        461       
416        462       
415        463       
416        464       
461        463       
462        464       
417        419       
418        420       
417        465       
418        466       
419        465       
420        466       
421        423       
422        424       
421        467       
422        468       
423        467       
424        468       
425        427       
426        428       
425        469       
426        470       
427        469       
428        470       
429        431       
430        432       
429        471       
430        472       
431        471       
432        472       
433        435       
434        436       
433        473       
434        474       
435        473       
436        474       
437        439       
438        440       
437        475       
438        476       
439        475       
440        476       
441        443       
442        444       
441        477       
442        478       
443        477       
444        478       
445        447       
446        448       
445        479       
446        480       
447        479       
448        480       
449        451       
450        452       
449        481       
450        482       
451        481       
452        482       
453        455       
454        456       
453        483       
454        484       
455        483       
456        484       
457        459       
458        460       
457        485       
458        486       
459        485       
460        486       
465        487       
466        488       
465        489       
466        490       
487        489       
488        490       
467        491       
468        492       
467        493       
468        494       
491        493       
492        494       
469        495       
470        496       
469        497       
470        498       
495        497       
496        498       
471        499       
472        500       
471        501       
472        502       
499        501       
500        502       
473        503       
474        504       
473        505       
474        506       
503        505       
504        506       
475        507       
476        508       
475        509       
476        510       
507        509       
508        510       
477        511       
478        512       
477        513       
478        514       
511        513       
512        514       
479        515       
480        516       
479        517       
480        518       
515        517       
516        518       
481        519       
482        520       
481        521       
482        522       
519        521       
520        522       
483        523       
484        524       
483        525       
484        526       
523        525       
524        526       
485        527       
486        528       
485        529       
486        530       
527        529       
528        530       
463        531       
464        532       
463        533       
464        534       
531        533       
532        534       
487        533       
488        534       
487        535       
488        536       
533        535       
534        536       
489        491       
490        492       
489        537       
490        538       
491        537       
492        538       
493        495       
494        496       
493        539       
494        540       
495        539       
496        540       
497        499       
498        500       
497        541       
498        542       
499        541       
500        542       
501        503       
502        504       
501        543       
502        544       
503        543       
504        544       
505        507       
506        508       
505        545       
506        546       
507        545       
508        546       
509        511       
510        512       
509        547       
510        548       
511        547       
512        548       
513        515       
514        516       
513        549       
514        550       
515        549       
516        550       
517        519       
518        520       
517        551       
518        552       
519        551       
520        552       
521        523       
522        524       
521        553       
522        554       
523        553       
524        554       
525        527       
526        528       
525        555       
526        556       
527        555       
528        556       
529        531       
530        532       
529        557       
530        558       
531        557       
532        558       
535        559       
536        560       
535        561       
536        562       
559        561       
560        562       
537        563       
538        564       
537        565       
538        566       
563        565       
564        566       
539        567       
540        568       
539        569       
540        570       
567        569       
568        570       
541        571       
542        572       
541        573       
542        574       
571        573       
572        574       
543        575       
544        576       
543        577       
544        578       
575        577       
576        578       
545        579       
546        580       
545        581       
546        582       
579        581       
580        582       
547        583       
548        584       
547        585       
548        586       
583        585       
584        586       
549        587       
550        588       
549        589       
550        590       
587        589       
588        590       
551        591       
552        592       
551        593       
552        594       
591        593       
592        594       
553        595       
554        596       
553        597       
554        598       
595        597       
596        598       
555        599       
556        600       
555        601       
556        602       
599        601       
600        602       
557        603       
558        604       
557        605       
558        606       
603        605       
604        606       
559        605       
560        606       
559        607       
560        608       
605        607       
606        608       
561        563       
562        564       
561        609       
562        610       
563        609       
564        610       
565        567       
566        568       
565        611       
566        612       
567        611       
568        612       
569        571       
570        572       
569        613       
570        614       
571        613       
572        614       
573        575       
574        576       
573        615       
574        616       
575        615       
576        616       
577        579       
578        580       
577        617       
578        618       
579        617       
580        618       
581        583       
582        584       
581        619       
582        620       
583        619       
584        620       
585        587       
586        588       
585        621       
586        622       
587        621       
588        622       
589        591       
590        592       
589        623       
590        624       
591        623       
592        624       
593        595       
594        596       
593        625       
594        626       
595        625       
596        626       
597        599       
598        600       
597        627       
598        628       
599        627       
600        628       
601        603       
602        604       
601        629       
602        630       
603        629       
604        630       
609        631       
610        632       
609        633       
610        634       
631        633       
632        634       
611        635       
612        636       
611        637       
612        638       
635        637       
636        638       
613        639       
614        640       
613        641       
614        642       
639        641       
640        642       
615        643       
616        644       
615        645       
616        646       
643        645       
644        646       
617        647       
618        648       
617        649       
618        650       
647        649       
648        650       
619        651       
620        652       
619        653       
620        654       
651        653       
652        654       
621        655       
622        656       
621        657       
622        658       
655        657       
656        658       
623        659       
624        660       
623        661       
624        662       
659        661       
660        662       
625        663       
626        664       
625        665       
626        666       
663        665       
664        666       
627        667       
628        668       
627        669       
628        670       
667        669       
668        670       
629        671       
630        672       
629        673       
630        674       
671        673       
672        674       
607        675       
608        676       
607        677       
608        678       
675        677       
676        678       
631        677       
632        678       
631        679       
632        680       
677        679       
678        680       
633        635       
634        636       
633        681       
634        682       
635        681       
636        682       
637        639       
638        640       
637        683       
638        684       
639        683       
640        684       
641        643       
642        644       
641        685       
642        686       
643        685       
644        686       
645        647       
646        648       
645        687       
646        688       
647        687       
648        688       
649        651       
650        652       
649        689       
650        690       
651        689       
652        690       
653        655       
654        656       
653        691       
654        692       
655        691       
656        692       
657        659       
658        660       
657        693       
658        694       
659        693       
660        694       
661        663       
662        664       
661        695       
662        696       
663        695       
664        696       
665        667       
666        668       
665        697       
666        698       
667        697       
668        698       
669        671       
670        672       
669        699       
670        700       
671        699       
672        700       
673        675       
674        676       
673        701       
674        702       
675        701       
676        702       
679        703       
680        704       
679        705       
680        706       
703        705       
704        706       
681        707       
682        708       
681        709       
682        710       
707        709       
708        710       
683        711       
684        712       
683        713       
684        714       
711        713       
712        714       
685        715       
686        716       
685        717       
686        718       
715        717       
716        718       
687        719       
688        720       
687        721       
688        722       
719        721       
720        722       
689        723       
690        724       
689        725       
690        726       
723        725       
724        726       
691        727       
692        728       
691        729       
692        730       
727        729       
728        730       
693        731       
694        732       
693        733       
694        734       
731        733       
732        734       
695        735       
696        736       
695        737       
696        738       
735        737       
736        738       
697        739       
698        740       
697        741       
698        742       
739        741       
740        742       
699        743       
700        744       
699        745       
700        746       
743        745       
744        746       
701        705       
702        706       
701        747       
702        748       
705        747       
706        748       
703        707       
704        708       
703        749       
704        750       
707        749       
708        750       
709        711       
710        712       
709        751       
710        752       
711        751       
712        752       
713        715       
714        716       
713        753       
714        754       
715        753       
716        754       
717        719       
718        720       
717        755       
718        756       
719        755       
720        756       
721        723       
722        724       
721        757       
722        758       
723        757       
724        758       
725        727       
726        728       
725        759       
726        760       
727        759       
728        760       
729        731       
730        732       
729        761       
730        762       
731        761       
732        762       
733        735       
734        736       
733        763       
734        764       
735        763       
736        764       
737        739       
738        740       
737        765       
738        766       
739        765       
740        766       
741        743       
742        744       
741        767       
742        768       
743        767       
744        768       
745        747       
746        748       
745        769       
746        770       
747        769       
748        770       
749        751       
750        752       
749        771       
750        772       
751        771       
752        772       
753        773       
754        774       
753        775       
754        776       
773        775       
774        776       
755        777       
756        778       
755        779       
756        780       
777        779       
778        780       
757        781       
758        782       
757        783       
758        784       
781        783       
782        784       
759        785       
760        786       
759        787       
760        788       
785        787       
786        788       
761        789       
762        790       
761        791       
762        792       
789        791       
790        792       
763        793       
764        794       
763        795       
764        796       
793        795       
794        796       
765        797       
766        798       
765        799       
766        800       
797        799       
798        800       
767        769       
768        770       
767        801       
768        802       
769        801       
770        802       
771        773       
772        774       
771        803       
772        804       
773        803       
774        804       
775        777       
776        778       
775        805       
776        806       
777        805       
778        806       
779        781       
780        782       
779        807       
780        808       
781        807       
782        808       
783        785       
784        786       
783        809       
784        810       
785        809       
786        810       
787        789       
788        790       
787        811       
788        812       
789        811       
790        812       
791        793       
792        794       
791        813       
792        814       
793        813       
794        814       
795        797       
796        798       
795        815       
796        816       
797        815       
798        816       
799        801       
800        802       
799        817       
800        818       
801        817       
802        818       
803        805       
804        806       
803        819       
804        820       
805        819       
806        820       
807        821       
808        822       
807        823       
808        824       
821        823       
822        824       
809        825       
810        826       
809        827       
810        828       
825        827       
826        828       
811        829       
812        830       
811        831       
812        832       
829        831       
830        832       
813        833       
814        834       
813        835       
814        836       
833        835       
834        836       
815        817       
816        818       
815        837       
816        838       
817        837       
818        838       
819        821       
820        822       
819        839       
820        840       
821        839       
822        840       
823        825       
824        826       
823        841       
824        842       
825        841       
826        842       
827        829       
828        830       
827        843       
828        844       
829        843       
830        844       
831        833       
832        834       
831        845       
832        846       
833        845       
834        846       
835        837       
836        838       
835        847       
836        848       
837        847       
838        848       
243        839       
244        840       
243        849       
244        850       
839        849       
840        850       
841        851       
842        852       
841        853       
842        854       
851        853       
852        854       
843        855       
844        856       
843        857       
844        858       
855        857       
856        858       
845        859       
846        860       
845        861       
846        862       
859        861       
860        862       
253        847       
254        848       
253        863       
254        864       
847        863       
848        864       
221        849       
222        850       
221        853       
222        854       
849        853       
850        854       
227        851       
228        852       
227        857       
228        858       
851        857       
852        858       
233        855       
234        856       
233        861       
234        862       
855        861       
856        862       
239        859       
240        860       
239        863       
240        864       
859        863       
860        864       
