3048
1          763        
1          779        
2          763        
2          1255       
3          763        
3          778        
4          764        
4          779        
5          764        
5          780        
6          764        
6          1256       
7          765        
7          780        
8          765        
8          781        
9          765        
9          1257       
10         766        
10         781        
11         766        
11         782        
12         766        
12         1258       
13         767        
13         782        
14         767        
14         783        
15         767        
15         1259       
16         768        
16         783        
17         768        
17         784        
18         768        
18         1260       
19         769        
19         784        
20         769        
20         785        
21         769        
21         1261       
22         770        
22         785        
23         770        
23         786        
24         770        
24         1262       
25         771        
25         786        
26         771        
26         787        
27         771        
27         1263       
28         772        
28         787        
29         772        
29         788        
30         772        
30         1264       
31         773        
31         788        
32         773        
32         789        
33         773        
33         1265       
34         774        
34         789        
35         774        
35         790        
36         774        
36         1266       
37         775        
37         790        
38         775        
38         791        
39         775        
39         1267       
40         776        
40         791        
41         776        
41         792        
42         776        
42         1268       
43         777        
43         792        
44         777        
44         793        
45         777        
45         1269       
46         778        
46         1270       
47         778        
47         793        
48         779        
48         794        
49         780        
49         795        
50         781        
50         796        
51         782        
51         797        
52         783        
52         798        
53         784        
53         799        
54         785        
54         800        
55         786        
55         801        
56         787        
56         802        
57         788        
57         803        
58         789        
58         804        
59         790        
59         805        
60         791        
60         806        
61         792        
61         807        
62         793        
62         808        
63         794        
63         809        
64         794        
64         823        
65         795        
65         809        
66         795        
66         810        
67         796        
67         810        
68         796        
68         811        
69         797        
69         811        
70         797        
70         812        
71         798        
71         812        
72         798        
72         813        
73         799        
73         813        
74         799        
74         814        
75         800        
75         814        
76         800        
76         815        
77         801        
77         815        
78         801        
78         816        
79         802        
79         816        
80         802        
80         817        
81         803        
81         817        
82         803        
82         818        
83         804        
83         818        
84         804        
84         819        
85         805        
85         819        
86         805        
86         820        
87         806        
87         820        
88         806        
88         821        
89         807        
89         821        
90         807        
90         822        
91         808        
91         822        
92         808        
92         838        
93         809        
93         824        
94         810        
94         825        
95         811        
95         826        
96         812        
96         827        
97         813        
97         828        
98         814        
98         829        
99         815        
99         830        
100        816        
100        831        
101        817        
101        832        
102        818        
102        833        
103        819        
103        834        
104        820        
104        835        
105        821        
105        836        
106        822        
106        837        
107        823        
107        839        
108        823        
108        840        
109        824        
109        840        
110        824        
110        841        
111        825        
111        841        
112        825        
112        842        
113        826        
113        842        
114        826        
114        843        
115        827        
115        843        
116        827        
116        844        
117        828        
117        844        
118        828        
118        845        
119        829        
119        845        
120        829        
120        846        
121        830        
121        846        
122        830        
122        847        
123        831        
123        847        
124        831        
124        848        
125        832        
125        848        
126        832        
126        849        
127        833        
127        849        
128        833        
128        850        
129        834        
129        850        
130        834        
130        851        
131        835        
131        851        
132        835        
132        852        
133        836        
133        852        
134        836        
134        853        
135        837        
135        853        
136        837        
136        854        
137        838        
137        854        
138        838        
138        839        
139        839        
139        870        
140        840        
140        855        
141        841        
141        856        
142        842        
142        857        
143        843        
143        858        
144        844        
144        859        
145        845        
145        860        
146        846        
146        861        
147        847        
147        862        
148        848        
148        863        
149        849        
149        864        
150        850        
150        865        
151        851        
151        866        
152        852        
152        867        
153        853        
153        868        
154        854        
154        869        
155        855        
155        871        
156        855        
156        872        
157        856        
157        872        
158        856        
158        873        
159        857        
159        873        
160        857        
160        874        
161        858        
161        874        
162        858        
162        875        
163        859        
163        875        
164        859        
164        876        
165        860        
165        876        
166        860        
166        877        
167        861        
167        877        
168        861        
168        878        
169        862        
169        878        
170        862        
170        879        
171        863        
171        879        
172        863        
172        880        
173        864        
173        880        
174        864        
174        881        
175        865        
175        881        
176        865        
176        882        
177        866        
177        882        
178        866        
178        883        
179        867        
179        883        
180        867        
180        884        
181        868        
181        884        
182        868        
182        885        
183        869        
183        885        
184        869        
184        886        
185        870        
185        886        
186        870        
186        871        
187        871        
187        887        
188        872        
188        888        
189        873        
189        889        
190        874        
190        890        
191        875        
191        891        
192        876        
192        892        
193        877        
193        893        
194        878        
194        894        
195        879        
195        895        
196        880        
196        896        
197        881        
197        897        
198        882        
198        898        
199        883        
199        899        
200        884        
200        900        
201        885        
201        901        
202        886        
202        902        
203        887        
203        903        
204        887        
204        904        
205        888        
205        904        
206        888        
206        905        
207        889        
207        905        
208        889        
208        906        
209        890        
209        906        
210        890        
210        907        
211        891        
211        907        
212        891        
212        908        
213        892        
213        908        
214        892        
214        909        
215        893        
215        909        
216        893        
216        910        
217        894        
217        910        
218        894        
218        911        
219        895        
219        911        
220        895        
220        912        
221        896        
221        912        
222        896        
222        913        
223        897        
223        913        
224        897        
224        914        
225        898        
225        914        
226        898        
226        915        
227        899        
227        915        
228        899        
228        916        
229        900        
229        916        
230        900        
230        917        
231        901        
231        917        
232        901        
232        918        
233        902        
233        918        
234        902        
234        903        
235        903        
235        934        
236        904        
236        919        
237        905        
237        920        
238        906        
238        921        
239        907        
239        922        
240        908        
240        923        
241        909        
241        924        
242        910        
242        925        
243        911        
243        926        
244        912        
244        927        
245        913        
245        928        
246        914        
246        929        
247        915        
247        930        
248        916        
248        931        
249        917        
249        932        
250        918        
250        933        
251        919        
251        935        
252        919        
252        936        
253        920        
253        936        
254        920        
254        937        
255        921        
255        937        
256        921        
256        938        
257        922        
257        938        
258        922        
258        939        
259        923        
259        939        
260        923        
260        940        
261        924        
261        940        
262        924        
262        941        
263        925        
263        941        
264        925        
264        942        
265        926        
265        942        
266        926        
266        943        
267        927        
267        943        
268        927        
268        944        
269        928        
269        944        
270        928        
270        945        
271        929        
271        945        
272        929        
272        946        
273        930        
273        946        
274        930        
274        947        
275        931        
275        947        
276        931        
276        948        
277        932        
277        948        
278        932        
278        949        
279        933        
279        949        
280        933        
280        950        
281        934        
281        950        
282        934        
282        935        
283        935        
283        951        
284        936        
284        952        
285        937        
285        953        
286        938        
286        954        
287        939        
287        955        
288        940        
288        956        
289        941        
289        957        
290        942        
290        958        
291        943        
291        959        
292        944        
292        960        
293        945        
293        961        
294        946        
294        962        
295        947        
295        963        
296        948        
296        964        
297        949        
297        965        
298        950        
298        966        
299        951        
299        967        
300        951        
300        968        
301        952        
301        968        
302        952        
302        969        
303        953        
303        969        
304        953        
304        970        
305        954        
305        970        
306        954        
306        971        
307        955        
307        971        
308        955        
308        972        
309        956        
309        972        
310        956        
310        973        
311        957        
311        973        
312        957        
312        974        
313        958        
313        974        
314        958        
314        975        
315        959        
315        975        
316        959        
316        976        
317        960        
317        976        
318        960        
318        977        
319        961        
319        977        
320        961        
320        978        
321        962        
321        978        
322        962        
322        979        
323        963        
323        979        
324        963        
324        980        
325        964        
325        980        
326        964        
326        981        
327        965        
327        981        
328        965        
328        982        
329        966        
329        982        
330        966        
330        967        
331        967        
331        998        
332        968        
332        983        
333        969        
333        984        
334        970        
334        985        
335        971        
335        986        
336        972        
336        987        
337        973        
337        988        
338        974        
338        989        
339        975        
339        990        
340        976        
340        991        
341        977        
341        992        
342        978        
342        993        
343        979        
343        994        
344        980        
344        995        
345        981        
345        996        
346        982        
346        997        
347        983        
347        999        
348        983        
348        1000       
349        984        
349        1000       
350        984        
350        1001       
351        985        
351        1001       
352        985        
352        1002       
353        986        
353        1002       
354        986        
354        1003       
355        987        
355        1003       
356        987        
356        1004       
357        988        
357        1004       
358        988        
358        1005       
359        989        
359        1005       
360        989        
360        1006       
361        990        
361        1006       
362        990        
362        1007       
363        991        
363        1007       
364        991        
364        1008       
365        992        
365        1008       
366        992        
366        1009       
367        993        
367        1009       
368        993        
368        1010       
369        994        
369        1010       
370        994        
370        1011       
371        995        
371        1011       
372        995        
372        1012       
373        996        
373        1012       
374        996        
374        1013       
375        997        
375        1013       
376        997        
376        1014       
377        998        
377        1014       
378        998        
378        999        
379        999        
379        1015       
380        1000       
380        1016       
381        1001       
381        1017       
382        1002       
382        1018       
383        1003       
383        1019       
384        1004       
384        1020       
385        1005       
385        1021       
386        1006       
386        1022       
387        1007       
387        1023       
388        1008       
388        1024       
389        1009       
389        1025       
390        1010       
390        1026       
391        1011       
391        1027       
392        1012       
392        1028       
393        1013       
393        1029       
394        1014       
394        1030       
395        1015       
395        1031       
396        1015       
396        1032       
397        1016       
397        1032       
398        1016       
398        1033       
399        1017       
399        1033       
400        1017       
400        1034       
401        1018       
401        1034       
402        1018       
402        1035       
403        1019       
403        1035       
404        1019       
404        1036       
405        1020       
405        1036       
406        1020       
406        1037       
407        1021       
407        1037       
408        1021       
408        1038       
409        1022       
409        1038       
410        1022       
410        1039       
411        1023       
411        1039       
412        1023       
412        1040       
413        1024       
413        1040       
414        1024       
414        1041       
415        1025       
415        1041       
416        1025       
416        1042       
417        1026       
417        1042       
418        1026       
418        1043       
419        1027       
419        1043       
420        1027       
420        1044       
421        1028       
421        1044       
422        1028       
422        1045       
423        1029       
423        1045       
424        1029       
424        1046       
425        1030       
425        1046       
426        1030       
426        1031       
427        1031       
427        1062       
428        1032       
428        1047       
429        1033       
429        1048       
430        1034       
430        1049       
431        1035       
431        1050       
432        1036       
432        1051       
433        1037       
433        1052       
434        1038       
434        1053       
435        1039       
435        1054       
436        1040       
436        1055       
437        1041       
437        1056       
438        1042       
438        1057       
439        1043       
439        1058       
440        1044       
440        1059       
441        1045       
441        1060       
442        1046       
442        1061       
443        1047       
443        1063       
444        1047       
444        1064       
445        1048       
445        1064       
446        1048       
446        1065       
447        1049       
447        1065       
448        1049       
448        1066       
449        1050       
449        1066       
450        1050       
450        1067       
451        1051       
451        1067       
452        1051       
452        1068       
453        1052       
453        1068       
454        1052       
454        1069       
455        1053       
455        1069       
456        1053       
456        1070       
457        1054       
457        1070       
458        1054       
458        1071       
459        1055       
459        1071       
460        1055       
460        1072       
461        1056       
461        1072       
462        1056       
462        1073       
463        1057       
463        1073       
464        1057       
464        1074       
465        1058       
465        1074       
466        1058       
466        1075       
467        1059       
467        1075       
468        1059       
468        1076       
469        1060       
469        1076       
470        1060       
470        1077       
471        1061       
471        1077       
472        1061       
472        1078       
473        1062       
473        1078       
474        1062       
474        1063       
475        1063       
475        1079       
476        1064       
476        1080       
477        1065       
477        1081       
478        1066       
478        1082       
479        1067       
479        1083       
480        1068       
480        1084       
481        1069       
481        1085       
482        1070       
482        1086       
483        1071       
483        1087       
484        1072       
484        1088       
485        1073       
485        1089       
486        1074       
486        1090       
487        1075       
487        1091       
488        1076       
488        1092       
489        1077       
489        1093       
490        1078       
490        1094       
491        1079       
491        1095       
492        1079       
492        1096       
493        1080       
493        1096       
494        1080       
494        1097       
495        1081       
495        1097       
496        1081       
496        1098       
497        1082       
497        1098       
498        1082       
498        1099       
499        1083       
499        1099       
500        1083       
500        1100       
501        1084       
501        1100       
502        1084       
502        1101       
503        1085       
503        1101       
504        1085       
504        1102       
505        1086       
505        1102       
506        1086       
506        1103       
507        1087       
507        1103       
508        1087       
508        1104       
509        1088       
509        1104       
510        1088       
510        1105       
511        1089       
511        1105       
512        1089       
512        1106       
513        1090       
513        1106       
514        1090       
514        1107       
515        1091       
515        1107       
516        1091       
516        1108       
517        1092       
517        1108       
518        1092       
518        1109       
519        1093       
519        1109       
520        1093       
520        1110       
521        1094       
521        1110       
522        1094       
522        1095       
523        1095       
523        1126       
524        1096       
524        1111       
525        1097       
525        1112       
526        1098       
526        1113       
527        1099       
527        1114       
528        1100       
528        1115       
529        1101       
529        1116       
530        1102       
530        1117       
531        1103       
531        1118       
532        1104       
532        1119       
533        1105       
533        1120       
534        1106       
534        1121       
535        1107       
535        1122       
536        1108       
536        1123       
537        1109       
537        1124       
538        1110       
538        1125       
539        1111       
539        1127       
540        1111       
540        1128       
541        1112       
541        1128       
542        1112       
542        1129       
543        1113       
543        1129       
544        1113       
544        1130       
545        1114       
545        1130       
546        1114       
546        1131       
547        1115       
547        1131       
548        1115       
548        1132       
549        1116       
549        1132       
550        1116       
550        1133       
551        1117       
551        1133       
552        1117       
552        1134       
553        1118       
553        1134       
554        1118       
554        1135       
555        1119       
555        1135       
556        1119       
556        1136       
557        1120       
557        1136       
558        1120       
558        1137       
559        1121       
559        1137       
560        1121       
560        1138       
561        1122       
561        1138       
562        1122       
562        1139       
563        1123       
563        1139       
564        1123       
564        1140       
565        1124       
565        1140       
566        1124       
566        1141       
567        1125       
567        1141       
568        1125       
568        1142       
569        1126       
569        1142       
570        1126       
570        1127       
571        1127       
571        1143       
572        1128       
572        1144       
573        1129       
573        1145       
574        1130       
574        1146       
575        1131       
575        1147       
576        1132       
576        1148       
577        1133       
577        1149       
578        1134       
578        1150       
579        1135       
579        1151       
580        1136       
580        1152       
581        1137       
581        1153       
582        1138       
582        1154       
583        1139       
583        1155       
584        1140       
584        1156       
585        1141       
585        1157       
586        1142       
586        1158       
587        1143       
587        1159       
588        1143       
588        1160       
589        1144       
589        1160       
590        1144       
590        1161       
591        1145       
591        1161       
592        1145       
592        1162       
593        1146       
593        1162       
594        1146       
594        1163       
595        1147       
595        1163       
596        1147       
596        1164       
597        1148       
597        1164       
598        1148       
598        1165       
599        1149       
599        1165       
600        1149       
600        1166       
601        1150       
601        1166       
602        1150       
602        1167       
603        1151       
603        1167       
604        1151       
604        1168       
605        1152       
605        1168       
606        1152       
606        1169       
607        1153       
607        1169       
608        1153       
608        1170       
609        1154       
609        1170       
610        1154       
610        1171       
611        1155       
611        1171       
612        1155       
612        1172       
613        1156       
613        1172       
614        1156       
614        1173       
615        1157       
615        1173       
616        1157       
616        1174       
617        1158       
617        1174       
618        1158       
618        1159       
619        1159       
619        1190       
620        1160       
620        1175       
621        1161       
621        1176       
622        1162       
622        1177       
623        1163       
623        1178       
624        1164       
624        1179       
625        1165       
625        1180       
626        1166       
626        1181       
627        1167       
627        1182       
628        1168       
628        1183       
629        1169       
629        1184       
630        1170       
630        1185       
631        1171       
631        1186       
632        1172       
632        1187       
633        1173       
633        1188       
634        1174       
634        1189       
635        1175       
635        1191       
636        1175       
636        1192       
637        1176       
637        1192       
638        1176       
638        1193       
639        1177       
639        1193       
640        1177       
640        1194       
641        1178       
641        1194       
642        1178       
642        1195       
643        1179       
643        1195       
644        1179       
644        1196       
645        1180       
645        1196       
646        1180       
646        1197       
647        1181       
647        1197       
648        1181       
648        1198       
649        1182       
649        1198       
650        1182       
650        1199       
651        1183       
651        1199       
652        1183       
652        1200       
653        1184       
653        1200       
654        1184       
654        1201       
655        1185       
655        1201       
656        1185       
656        1202       
657        1186       
657        1202       
658        1186       
658        1203       
659        1187       
659        1203       
660        1187       
660        1204       
661        1188       
661        1204       
662        1188       
662        1205       
663        1189       
663        1205       
664        1189       
664        1206       
665        1190       
665        1206       
666        1190       
666        1191       
667        1191       
667        1207       
668        1192       
668        1208       
669        1193       
669        1209       
670        1194       
670        1210       
671        1195       
671        1211       
672        1196       
672        1212       
673        1197       
673        1213       
674        1198       
674        1214       
675        1199       
675        1215       
676        1200       
676        1216       
677        1201       
677        1217       
678        1202       
678        1218       
679        1203       
679        1219       
680        1204       
680        1220       
681        1205       
681        1221       
682        1206       
682        1222       
683        1207       
683        1223       
684        1207       
684        1224       
685        1208       
685        1224       
686        1208       
686        1225       
687        1209       
687        1225       
688        1209       
688        1226       
689        1210       
689        1226       
690        1210       
690        1227       
691        1211       
691        1227       
692        1211       
692        1228       
693        1212       
693        1228       
694        1212       
694        1229       
695        1213       
695        1229       
696        1213       
696        1230       
697        1214       
697        1230       
698        1214       
698        1231       
699        1215       
699        1231       
700        1215       
700        1232       
701        1216       
701        1232       
702        1216       
702        1233       
703        1217       
703        1233       
704        1217       
704        1234       
705        1218       
705        1234       
706        1218       
706        1235       
707        1219       
707        1235       
708        1219       
708        1236       
709        1220       
709        1236       
710        1220       
710        1237       
711        1221       
711        1237       
712        1221       
712        1238       
713        1222       
713        1238       
714        1222       
714        1223       
715        1223       
715        1254       
716        1224       
716        1239       
717        1225       
717        1240       
718        1226       
718        1241       
719        1227       
719        1242       
720        1228       
720        1243       
721        1229       
721        1244       
722        1230       
722        1245       
723        1231       
723        1246       
724        1232       
724        1247       
725        1233       
725        1248       
726        1234       
726        1249       
727        1235       
727        1250       
728        1236       
728        1251       
729        1237       
729        1252       
730        1238       
730        1253       
731        1239       
731        1256       
732        1239       
732        1255       
733        1240       
733        1257       
734        1240       
734        1256       
735        1241       
735        1258       
736        1241       
736        1257       
737        1242       
737        1259       
738        1242       
738        1258       
739        1243       
739        1260       
740        1243       
740        1259       
741        1244       
741        1261       
742        1244       
742        1260       
743        1245       
743        1262       
744        1245       
744        1261       
745        1246       
745        1263       
746        1246       
746        1262       
747        1247       
747        1264       
748        1247       
748        1263       
749        1248       
749        1265       
750        1248       
750        1264       
751        1249       
751        1266       
752        1249       
752        1265       
753        1250       
753        1267       
754        1250       
754        1266       
755        1251       
755        1268       
756        1251       
756        1267       
757        1252       
757        1269       
758        1252       
758        1268       
759        1253       
759        1270       
760        1253       
760        1269       
761        1254       
761        1255       
762        1254       
762        1270       
1          2          
1          3          
2          3          
4          5          
4          6          
5          6          
7          8          
7          9          
8          9          
10         11         
10         12         
11         12         
13         14         
13         15         
14         15         
16         17         
16         18         
17         18         
19         20         
19         21         
20         21         
22         23         
22         24         
23         24         
25         26         
25         27         
26         27         
28         29         
28         30         
29         30         
31         32         
31         33         
32         33         
34         35         
34         36         
35         36         
37         38         
37         39         
38         39         
40         41         
40         42         
41         42         
43         44         
43         45         
44         45         
3          46         
3          47         
46         47         
1          4          
1          48         
4          48         
5          7          
5          49         
7          49         
8          10         
8          50         
10         50         
11         13         
11         51         
13         51         
14         16         
14         52         
16         52         
17         19         
17         53         
19         53         
20         22         
20         54         
22         54         
23         25         
23         55         
25         55         
26         28         
26         56         
28         56         
29         31         
29         57         
31         57         
32         34         
32         58         
34         58         
35         37         
35         59         
37         59         
38         40         
38         60         
40         60         
41         43         
41         61         
43         61         
44         47         
44         62         
47         62         
48         63         
48         64         
63         64         
49         65         
49         66         
65         66         
50         67         
50         68         
67         68         
51         69         
51         70         
69         70         
52         71         
52         72         
71         72         
53         73         
53         74         
73         74         
54         75         
54         76         
75         76         
55         77         
55         78         
77         78         
56         79         
56         80         
79         80         
57         81         
57         82         
81         82         
58         83         
58         84         
83         84         
59         85         
59         86         
85         86         
60         87         
60         88         
87         88         
61         89         
61         90         
89         90         
62         91         
62         92         
91         92         
63         65         
63         93         
65         93         
66         67         
66         94         
67         94         
68         69         
68         95         
69         95         
70         71         
70         96         
71         96         
72         73         
72         97         
73         97         
74         75         
74         98         
75         98         
76         77         
76         99         
77         99         
78         79         
78         100        
79         100        
80         81         
80         101        
81         101        
82         83         
82         102        
83         102        
84         85         
84         103        
85         103        
86         87         
86         104        
87         104        
88         89         
88         105        
89         105        
90         91         
90         106        
91         106        
64         107        
64         108        
107        108        
93         109        
93         110        
109        110        
94         111        
94         112        
111        112        
95         113        
95         114        
113        114        
96         115        
96         116        
115        116        
97         117        
97         118        
117        118        
98         119        
98         120        
119        120        
99         121        
99         122        
121        122        
100        123        
100        124        
123        124        
101        125        
101        126        
125        126        
102        127        
102        128        
127        128        
103        129        
103        130        
129        130        
104        131        
104        132        
131        132        
105        133        
105        134        
133        134        
106        135        
106        136        
135        136        
92         137        
92         138        
137        138        
107        138        
107        139        
138        139        
108        109        
108        140        
109        140        
110        111        
110        141        
111        141        
112        113        
112        142        
113        142        
114        115        
114        143        
115        143        
116        117        
116        144        
117        144        
118        119        
118        145        
119        145        
120        121        
120        146        
121        146        
122        123        
122        147        
123        147        
124        125        
124        148        
125        148        
126        127        
126        149        
127        149        
128        129        
128        150        
129        150        
130        131        
130        151        
131        151        
132        133        
132        152        
133        152        
134        135        
134        153        
135        153        
136        137        
136        154        
137        154        
140        155        
140        156        
155        156        
141        157        
141        158        
157        158        
142        159        
142        160        
159        160        
143        161        
143        162        
161        162        
144        163        
144        164        
163        164        
145        165        
145        166        
165        166        
146        167        
146        168        
167        168        
147        169        
147        170        
169        170        
148        171        
148        172        
171        172        
149        173        
149        174        
173        174        
150        175        
150        176        
175        176        
151        177        
151        178        
177        178        
152        179        
152        180        
179        180        
153        181        
153        182        
181        182        
154        183        
154        184        
183        184        
139        185        
139        186        
185        186        
155        186        
155        187        
186        187        
156        157        
156        188        
157        188        
158        159        
158        189        
159        189        
160        161        
160        190        
161        190        
162        163        
162        191        
163        191        
164        165        
164        192        
165        192        
166        167        
166        193        
167        193        
168        169        
168        194        
169        194        
170        171        
170        195        
171        195        
172        173        
172        196        
173        196        
174        175        
174        197        
175        197        
176        177        
176        198        
177        198        
178        179        
178        199        
179        199        
180        181        
180        200        
181        200        
182        183        
182        201        
183        201        
184        185        
184        202        
185        202        
187        203        
187        204        
203        204        
188        205        
188        206        
205        206        
189        207        
189        208        
207        208        
190        209        
190        210        
209        210        
191        211        
191        212        
211        212        
192        213        
192        214        
213        214        
193        215        
193        216        
215        216        
194        217        
194        218        
217        218        
195        219        
195        220        
219        220        
196        221        
196        222        
221        222        
197        223        
197        224        
223        224        
198        225        
198        226        
225        226        
199        227        
199        228        
227        228        
200        229        
200        230        
229        230        
201        231        
201        232        
231        232        
202        233        
202        234        
233        234        
203        234        
203        235        
234        235        
204        205        
204        236        
205        236        
206        207        
206        237        
207        237        
208        209        
208        238        
209        238        
210        211        
210        239        
211        239        
212        213        
212        240        
213        240        
214        215        
214        241        
215        241        
216        217        
216        242        
217        242        
218        219        
218        243        
219        243        
220        221        
220        244        
221        244        
222        223        
222        245        
223        245        
224        225        
224        246        
225        246        
226        227        
226        247        
227        247        
228        229        
228        248        
229        248        
230        231        
230        249        
231        249        
232        233        
232        250        
233        250        
236        251        
236        252        
251        252        
237        253        
237        254        
253        254        
238        255        
238        256        
255        256        
239        257        
239        258        
257        258        
240        259        
240        260        
259        260        
241        261        
241        262        
261        262        
242        263        
242        264        
263        264        
243        265        
243        266        
265        266        
244        267        
244        268        
267        268        
245        269        
245        270        
269        270        
246        271        
246        272        
271        272        
247        273        
247        274        
273        274        
248        275        
248        276        
275        276        
249        277        
249        278        
277        278        
250        279        
250        280        
279        280        
235        281        
235        282        
281        282        
251        282        
251        283        
282        283        
252        253        
252        284        
253        284        
254        255        
254        285        
255        285        
256        257        
256        286        
257        286        
258        259        
258        287        
259        287        
260        261        
260        288        
261        288        
262        263        
262        289        
263        289        
264        265        
264        290        
265        290        
266        267        
266        291        
267        291        
268        269        
268        292        
269        292        
270        271        
270        293        
271        293        
272        273        
272        294        
273        294        
274        275        
274        295        
275        295        
276        277        
276        296        
277        296        
278        279        
278        297        
279        297        
280        281        
280        298        
281        298        
283        299        
283        300        
299        300        
284        301        
284        302        
301        302        
285        303        
285        304        
303        304        
286        305        
286        306        
305        306        
287        307        
287        308        
307        308        
288        309        
288        310        
309        310        
289        311        
289        312        
311        312        
290        313        
290        314        
313        314        
291        315        
291        316        
315        316        
292        317        
292        318        
317        318        
293        319        
293        320        
319        320        
294        321        
294        322        
321        322        
295        323        
295        324        
323        324        
296        325        
296        326        
325        326        
297        327        
297        328        
327        328        
298        329        
298        330        
329        330        
299        330        
299        331        
330        331        
300        301        
300        332        
301        332        
302        303        
302        333        
303        333        
304        305        
304        334        
305        334        
306        307        
306        335        
307        335        
308        309        
308        336        
309        336        
310        311        
310        337        
311        337        
312        313        
312        338        
313        338        
314        315        
314        339        
315        339        
316        317        
316        340        
317        340        
318        319        
318        341        
319        341        
320        321        
320        342        
321        342        
322        323        
322        343        
323        343        
324        325        
324        344        
325        344        
326        327        
326        345        
327        345        
328        329        
328        346        
329        346        
332        347        
332        348        
347        348        
333        349        
333        350        
349        350        
334        351        
334        352        
351        352        
335        353        
335        354        
353        354        
336        355        
336        356        
355        356        
337        357        
337        358        
357        358        
338        359        
338        360        
359        360        
339        361        
339        362        
361        362        
340        363        
340        364        
363        364        
341        365        
341        366        
365        366        
342        367        
342        368        
367        368        
343        369        
343        370        
369        370        
344        371        
344        372        
371        372        
345        373        
345        374        
373        374        
346        375        
346        376        
375        376        
331        377        
331        378        
377        378        
347        378        
347        379        
378        379        
348        349        
348        380        
349        380        
350        351        
350        381        
351        381        
352        353        
352        382        
353        382        
354        355        
354        383        
355        383        
356        357        
356        384        
357        384        
358        359        
358        385        
359        385        
360        361        
360        386        
361        386        
362        363        
362        387        
363        387        
364        365        
364        388        
365        388        
366        367        
366        389        
367        389        
368        369        
368        390        
369        390        
370        371        
370        391        
371        391        
372        373        
372        392        
373        392        
374        375        
374        393        
375        393        
376        377        
376        394        
377        394        
379        395        
379        396        
395        396        
380        397        
380        398        
397        398        
381        399        
381        400        
399        400        
382        401        
382        402        
401        402        
383        403        
383        404        
403        404        
384        405        
384        406        
405        406        
385        407        
385        408        
407        408        
386        409        
386        410        
409        410        
387        411        
387        412        
411        412        
388        413        
388        414        
413        414        
389        415        
389        416        
415        416        
390        417        
390        418        
417        418        
391        419        
391        420        
419        420        
392        421        
392        422        
421        422        
393        423        
393        424        
423        424        
394        425        
394        426        
425        426        
395        426        
395        427        
426        427        
396        397        
396        428        
397        428        
398        399        
398        429        
399        429        
400        401        
400        430        
401        430        
402        403        
402        431        
403        431        
404        405        
404        432        
405        432        
406        407        
406        433        
407        433        
408        409        
408        434        
409        434        
410        411        
410        435        
411        435        
412        413        
412        436        
413        436        
414        415        
414        437        
415        437        
416        417        
416        438        
417        438        
418        419        
418        439        
419        439        
420        421        
420        440        
421        440        
422        423        
422        441        
423        441        
424        425        
424        442        
425        442        
428        443        
428        444        
443        444        
429        445        
429        446        
445        446        
430        447        
430        448        
447        448        
431        449        
431        450        
449        450        
432        451        
432        452        
451        452        
433        453        
433        454        
453        454        
434        455        
434        456        
455        456        
435        457        
435        458        
457        458        
436        459        
436        460        
459        460        
437        461        
437        462        
461        462        
438        463        
438        464        
463        464        
439        465        
439        466        
465        466        
440        467        
440        468        
467        468        
441        469        
441        470        
469        470        
442        471        
442        472        
471        472        
427        473        
427        474        
473        474        
443        474        
443        475        
474        475        
444        445        
444        476        
445        476        
446        447        
446        477        
447        477        
448        449        
448        478        
449        478        
450        451        
450        479        
451        479        
452        453        
452        480        
453        480        
454        455        
454        481        
455        481        
456        457        
456        482        
457        482        
458        459        
458        483        
459        483        
460        461        
460        484        
461        484        
462        463        
462        485        
463        485        
464        465        
464        486        
465        486        
466        467        
466        487        
467        487        
468        469        
468        488        
469        488        
470        471        
470        489        
471        489        
472        473        
472        490        
473        490        
475        491        
475        492        
491        492        
476        493        
476        494        
493        494        
477        495        
477        496        
495        496        
478        497        
478        498        
497        498        
479        499        
479        500        
499        500        
480        501        
480        502        
501        502        
481        503        
481        504        
503        504        
482        505        
482        506        
505        506        
483        507        
483        508        
507        508        
484        509        
484        510        
509        510        
485        511        
485        512        
511        512        
486        513        
486        514        
513        514        
487        515        
487        516        
515        516        
488        517        
488        518        
517        518        
489        519        
489        520        
519        520        
490        521        
490        522        
521        522        
491        522        
491        523        
522        523        
492        493        
492        524        
493        524        
494        495        
494        525        
495        525        
496        497        
496        526        
497        526        
498        499        
498        527        
499        527        
500        501        
500        528        
501        528        
502        503        
502        529        
503        529        
504        505        
504        530        
505        530        
506        507        
506        531        
507        531        
508        509        
508        532        
509        532        
510        511        
510        533        
511        533        
512        513        
512        534        
513        534        
514        515        
514        535        
515        535        
516        517        
516        536        
517        536        
518        519        
518        537        
519        537        
520        521        
520        538        
521        538        
524        539        
524        540        
539        540        
525        541        
525        542        
541        542        
526        543        
526        544        
543        544        
527        545        
527        546        
545        546        
528        547        
528        548        
547        548        
529        549        
529        550        
549        550        
530        551        
530        552        
551        552        
531        553        
531        554        
553        554        
532        555        
532        556        
555        556        
533        557        
533        558        
557        558        
534        559        
534        560        
559        560        
535        561        
535        562        
561        562        
536        563        
536        564        
563        564        
537        565        
537        566        
565        566        
538        567        
538        568        
567        568        
523        569        
523        570        
569        570        
539        570        
539        571        
570        571        
540        541        
540        572        
541        572        
542        543        
542        573        
543        573        
544        545        
544        574        
545        574        
546        547        
546        575        
547        575        
548        549        
548        576        
549        576        
550        551        
550        577        
551        577        
552        553        
552        578        
553        578        
554        555        
554        579        
555        579        
556        557        
556        580        
557        580        
558        559        
558        581        
559        581        
560        561        
560        582        
561        582        
562        563        
562        583        
563        583        
564        565        
564        584        
565        584        
566        567        
566        585        
567        585        
568        569        
568        586        
569        586        
571        587        
571        588        
587        588        
572        589        
572        590        
589        590        
573        591        
573        592        
591        592        
574        593        
574        594        
593        594        
575        595        
575        596        
595        596        
576        597        
576        598        
597        598        
577        599        
577        600        
599        600        
578        601        
578        602        
601        602        
579        603        
579        604        
603        604        
580        605        
580        606        
605        606        
581        607        
581        608        
607        608        
582        609        
582        610        
609        610        
583        611        
583        612        
611        612        
584        613        
584        614        
613        614        
585        615        
585        616        
615        616        
586        617        
586        618        
617        618        
587        618        
587        619        
618        619        
588        589        
588        620        
589        620        
590        591        
590        621        
591        621        
592        593        
592        622        
593        622        
594        595        
594        623        
595        623        
596        597        
596        624        
597        624        
598        599        
598        625        
599        625        
600        601        
600        626        
601        626        
602        603        
602        627        
603        627        
604        605        
604        628        
605        628        
606        607        
606        629        
607        629        
608        609        
608        630        
609        630        
610        611        
610        631        
611        631        
612        613        
612        632        
613        632        
614        615        
614        633        
615        633        
616        617        
616        634        
617        634        
620        635        
620        636        
635        636        
621        637        
621        638        
637        638        
622        639        
622        640        
639        640        
623        641        
623        642        
641        642        
624        643        
624        644        
643        644        
625        645        
625        646        
645        646        
626        647        
626        648        
647        648        
627        649        
627        650        
649        650        
628        651        
628        652        
651        652        
629        653        
629        654        
653        654        
630        655        
630        656        
655        656        
631        657        
631        658        
657        658        
632        659        
632        660        
659        660        
633        661        
633        662        
661        662        
634        663        
634        664        
663        664        
619        665        
619        666        
665        666        
635        666        
635        667        
666        667        
636        637        
636        668        
637        668        
638        639        
638        669        
639        669        
640        641        
640        670        
641        670        
642        643        
642        671        
643        671        
644        645        
644        672        
645        672        
646        647        
646        673        
647        673        
648        649        
648        674        
649        674        
650        651        
650        675        
651        675        
652        653        
652        676        
653        676        
654        655        
654        677        
655        677        
656        657        
656        678        
657        678        
658        659        
658        679        
659        679        
660        661        
660        680        
661        680        
662        663        
662        681        
663        681        
664        665        
664        682        
665        682        
667        683        
667        684        
683        684        
668        685        
668        686        
685        686        
669        687        
669        688        
687        688        
670        689        
670        690        
689        690        
671        691        
671        692        
691        692        
672        693        
672        694        
693        694        
673        695        
673        696        
695        696        
674        697        
674        698        
697        698        
675        699        
675        700        
699        700        
676        701        
676        702        
701        702        
677        703        
677        704        
703        704        
678        705        
678        706        
705        706        
679        707        
679        708        
707        708        
680        709        
680        710        
709        710        
681        711        
681        712        
711        712        
682        713        
682        714        
713        714        
683        714        
683        715        
714        715        
684        685        
684        716        
685        716        
686        687        
686        717        
687        717        
688        689        
688        718        
689        718        
690        691        
690        719        
691        719        
692        693        
692        720        
693        720        
694        695        
694        721        
695        721        
696        697        
696        722        
697        722        
698        699        
698        723        
699        723        
700        701        
700        724        
701        724        
702        703        
702        725        
703        725        
704        705        
704        726        
705        726        
706        707        
706        727        
707        727        
708        709        
708        728        
709        728        
710        711        
710        729        
711        729        
712        713        
712        730        
713        730        
716        731        
716        732        
731        732        
717        733        
717        734        
733        734        
718        735        
718        736        
735        736        
719        737        
719        738        
737        738        
720        739        
720        740        
739        740        
721        741        
721        742        
741        742        
722        743        
722        744        
743        744        
723        745        
723        746        
745        746        
724        747        
724        748        
747        748        
725        749        
725        750        
749        750        
726        751        
726        752        
751        752        
727        753        
727        754        
753        754        
728        755        
728        756        
755        756        
729        757        
729        758        
757        758        
730        759        
730        760        
759        760        
715        761        
715        762        
761        762        
2          732        
2          761        
732        761        
6          731        
6          734        
731        734        
9          733        
9          736        
733        736        
12         735        
12         738        
735        738        
15         737        
15         740        
737        740        
18         739        
18         742        
739        742        
21         741        
21         744        
741        744        
24         743        
24         746        
743        746        
27         745        
27         748        
745        748        
30         747        
30         750        
747        750        
33         749        
33         752        
749        752        
36         751        
36         754        
751        754        
39         753        
39         756        
753        756        
42         755        
42         758        
755        758        
45         757        
45         760        
757        760        
46         759        
46         762        
759        762        
