2064
1          517        
1          523        
2          517        
2          524        
3          517        
3          855        
4          518        
4          524        
5          518        
5          525        
6          518        
6          856        
7          519        
7          525        
8          519        
8          526        
9          519        
9          857        
10         520        
10         526        
11         520        
11         527        
12         520        
12         858        
13         521        
13         527        
14         521        
14         528        
15         521        
15         859        
16         522        
16         528        
17         522        
17         529        
18         522        
18         860        
19         523        
19         530        
20         523        
20         848        
21         524        
21         531        
22         525        
22         532        
23         526        
23         533        
24         527        
24         534        
25         528        
25         535        
26         529        
26         536        
27         529        
27         854        
28         530        
28         537        
29         530        
29         543        
30         531        
30         537        
31         531        
31         538        
32         532        
32         538        
33         532        
33         539        
34         533        
34         539        
35         533        
35         540        
36         534        
36         540        
37         534        
37         541        
38         535        
38         541        
39         535        
39         542        
40         536        
40         542        
41         536        
41         550        
42         537        
42         544        
43         538        
43         545        
44         539        
44         546        
45         540        
45         547        
46         541        
46         548        
47         542        
47         549        
48         543        
48         551        
49         543        
49         558        
50         544        
50         551        
51         544        
51         552        
52         545        
52         552        
53         545        
53         553        
54         546        
54         553        
55         546        
55         554        
56         547        
56         554        
57         547        
57         555        
58         548        
58         555        
59         548        
59         556        
60         549        
60         556        
61         549        
61         557        
62         550        
62         557        
63         550        
63         566        
64         551        
64         559        
65         552        
65         560        
66         553        
66         561        
67         554        
67         562        
68         555        
68         563        
69         556        
69         564        
70         557        
70         565        
71         558        
71         567        
72         558        
72         575        
73         559        
73         567        
74         559        
74         568        
75         560        
75         568        
76         560        
76         569        
77         561        
77         569        
78         561        
78         570        
79         562        
79         570        
80         562        
80         571        
81         563        
81         571        
82         563        
82         572        
83         564        
83         572        
84         564        
84         573        
85         565        
85         573        
86         565        
86         574        
87         566        
87         574        
88         566        
88         584        
89         567        
89         576        
90         568        
90         577        
91         569        
91         578        
92         570        
92         579        
93         571        
93         580        
94         572        
94         581        
95         573        
95         582        
96         574        
96         583        
97         575        
97         585        
98         575        
98         586        
99         576        
99         586        
100        576        
100        587        
101        577        
101        587        
102        577        
102        588        
103        578        
103        588        
104        578        
104        589        
105        579        
105        589        
106        579        
106        590        
107        580        
107        590        
108        580        
108        591        
109        581        
109        591        
110        581        
110        592        
111        582        
111        592        
112        582        
112        593        
113        583        
113        593        
114        583        
114        594        
115        584        
115        594        
116        584        
116        595        
117        585        
117        597        
118        585        
118        596        
119        586        
119        598        
120        587        
120        599        
121        588        
121        600        
122        589        
122        601        
123        590        
123        602        
124        591        
124        603        
125        592        
125        604        
126        593        
126        605        
127        594        
127        606        
128        595        
128        607        
129        595        
129        608        
130        596        
130        610        
131        596        
131        611        
132        597        
132        611        
133        597        
133        612        
134        598        
134        612        
135        598        
135        613        
136        599        
136        613        
137        599        
137        614        
138        600        
138        614        
139        600        
139        615        
140        601        
140        615        
141        601        
141        616        
142        602        
142        616        
143        602        
143        617        
144        603        
144        617        
145        603        
145        618        
146        604        
146        618        
147        604        
147        619        
148        605        
148        619        
149        605        
149        620        
150        606        
150        620        
151        606        
151        621        
152        607        
152        621        
153        607        
153        622        
154        608        
154        622        
155        608        
155        623        
156        609        
156        625        
157        609        
157        624        
158        609        
158        610        
159        610        
159        626        
160        611        
160        627        
161        612        
161        628        
162        613        
162        629        
163        614        
163        630        
164        615        
164        631        
165        616        
165        632        
166        617        
166        633        
167        618        
167        634        
168        619        
168        635        
169        620        
169        636        
170        621        
170        637        
171        622        
171        638        
172        623        
172        639        
173        623        
173        624        
174        624        
174        640        
175        625        
175        641        
176        625        
176        642        
177        626        
177        642        
178        626        
178        643        
179        627        
179        643        
180        627        
180        644        
181        628        
181        644        
182        628        
182        645        
183        629        
183        645        
184        629        
184        646        
185        630        
185        646        
186        630        
186        647        
187        631        
187        647        
188        631        
188        648        
189        632        
189        648        
190        632        
190        649        
191        633        
191        649        
192        633        
192        650        
193        634        
193        650        
194        634        
194        651        
195        635        
195        651        
196        635        
196        652        
197        636        
197        652        
198        636        
198        653        
199        637        
199        653        
200        637        
200        654        
201        638        
201        654        
202        638        
202        655        
203        639        
203        655        
204        639        
204        656        
205        640        
205        656        
206        640        
206        641        
207        641        
207        672        
208        642        
208        657        
209        643        
209        658        
210        644        
210        659        
211        645        
211        660        
212        646        
212        661        
213        647        
213        662        
214        648        
214        663        
215        649        
215        664        
216        650        
216        665        
217        651        
217        666        
218        652        
218        667        
219        653        
219        668        
220        654        
220        669        
221        655        
221        670        
222        656        
222        671        
223        657        
223        673        
224        657        
224        674        
225        658        
225        674        
226        658        
226        675        
227        659        
227        675        
228        659        
228        676        
229        660        
229        676        
230        660        
230        677        
231        661        
231        677        
232        661        
232        678        
233        662        
233        678        
234        662        
234        679        
235        663        
235        679        
236        663        
236        680        
237        664        
237        680        
238        664        
238        681        
239        665        
239        681        
240        665        
240        682        
241        666        
241        682        
242        666        
242        683        
243        667        
243        683        
244        667        
244        684        
245        668        
245        684        
246        668        
246        685        
247        669        
247        685        
248        669        
248        686        
249        670        
249        686        
250        670        
250        687        
251        671        
251        687        
252        671        
252        688        
253        672        
253        688        
254        672        
254        673        
255        673        
255        689        
256        674        
256        690        
257        675        
257        691        
258        676        
258        692        
259        677        
259        693        
260        678        
260        694        
261        679        
261        695        
262        680        
262        696        
263        681        
263        697        
264        682        
264        698        
265        683        
265        699        
266        684        
266        700        
267        685        
267        701        
268        686        
268        702        
269        687        
269        703        
270        688        
270        704        
271        689        
271        705        
272        689        
272        706        
273        690        
273        706        
274        690        
274        707        
275        691        
275        707        
276        691        
276        708        
277        692        
277        708        
278        692        
278        709        
279        693        
279        709        
280        693        
280        710        
281        694        
281        710        
282        694        
282        711        
283        695        
283        711        
284        695        
284        712        
285        696        
285        712        
286        696        
286        713        
287        697        
287        713        
288        697        
288        714        
289        698        
289        714        
290        698        
290        715        
291        699        
291        715        
292        699        
292        716        
293        700        
293        716        
294        700        
294        717        
295        701        
295        717        
296        701        
296        718        
297        702        
297        718        
298        702        
298        719        
299        703        
299        719        
300        703        
300        720        
301        704        
301        720        
302        704        
302        705        
303        705        
303        736        
304        706        
304        721        
305        707        
305        722        
306        708        
306        723        
307        709        
307        724        
308        710        
308        725        
309        711        
309        726        
310        712        
310        727        
311        713        
311        728        
312        714        
312        729        
313        715        
313        730        
314        716        
314        731        
315        717        
315        732        
316        718        
316        733        
317        719        
317        734        
318        720        
318        735        
319        721        
319        737        
320        721        
320        738        
321        722        
321        738        
322        722        
322        739        
323        723        
323        739        
324        723        
324        740        
325        724        
325        740        
326        724        
326        741        
327        725        
327        741        
328        725        
328        742        
329        726        
329        742        
330        726        
330        743        
331        727        
331        743        
332        727        
332        744        
333        728        
333        744        
334        728        
334        745        
335        729        
335        745        
336        729        
336        746        
337        730        
337        746        
338        730        
338        747        
339        731        
339        747        
340        731        
340        748        
341        732        
341        748        
342        732        
342        749        
343        733        
343        749        
344        733        
344        750        
345        734        
345        750        
346        734        
346        751        
347        735        
347        751        
348        735        
348        752        
349        736        
349        752        
350        736        
350        737        
351        737        
351        753        
352        738        
352        754        
353        739        
353        755        
354        740        
354        756        
355        741        
355        757        
356        742        
356        758        
357        743        
357        759        
358        744        
358        760        
359        745        
359        761        
360        746        
360        762        
361        747        
361        763        
362        748        
362        764        
363        749        
363        765        
364        750        
364        766        
365        751        
365        767        
366        752        
366        768        
367        753        
367        754        
368        753        
368        768        
369        754        
369        769        
370        755        
370        769        
371        755        
371        770        
372        756        
372        770        
373        756        
373        771        
374        757        
374        771        
375        757        
375        772        
376        758        
376        772        
377        758        
377        773        
378        759        
378        773        
379        759        
379        774        
380        760        
380        774        
381        760        
381        775        
382        761        
382        775        
383        761        
383        776        
384        762        
384        776        
385        762        
385        777        
386        763        
386        777        
387        763        
387        778        
388        764        
388        778        
389        764        
389        779        
390        765        
390        779        
391        765        
391        780        
392        766        
392        780        
393        766        
393        781        
394        767        
394        781        
395        767        
395        768        
396        769        
396        782        
397        770        
397        782        
398        771        
398        783        
399        772        
399        784        
400        773        
400        785        
401        774        
401        786        
402        775        
402        787        
403        776        
403        788        
404        777        
404        789        
405        778        
405        790        
406        779        
406        791        
407        780        
407        792        
408        781        
408        792        
409        782        
409        793        
410        783        
410        793        
411        783        
411        794        
412        784        
412        794        
413        784        
413        795        
414        785        
414        795        
415        785        
415        796        
416        786        
416        796        
417        786        
417        797        
418        787        
418        797        
419        787        
419        798        
420        788        
420        798        
421        788        
421        799        
422        789        
422        799        
423        789        
423        800        
424        790        
424        800        
425        790        
425        801        
426        791        
426        801        
427        791        
427        802        
428        792        
428        802        
429        793        
429        811        
430        794        
430        803        
431        795        
431        804        
432        796        
432        805        
433        797        
433        806        
434        798        
434        807        
435        799        
435        808        
436        800        
436        809        
437        801        
437        810        
438        802        
438        819        
439        803        
439        811        
440        803        
440        812        
441        804        
441        812        
442        804        
442        813        
443        805        
443        813        
444        805        
444        814        
445        806        
445        814        
446        806        
446        815        
447        807        
447        815        
448        807        
448        816        
449        808        
449        816        
450        808        
450        817        
451        809        
451        817        
452        809        
452        818        
453        810        
453        818        
454        810        
454        819        
455        811        
455        827        
456        812        
456        820        
457        813        
457        821        
458        814        
458        822        
459        815        
459        823        
460        816        
460        824        
461        817        
461        825        
462        818        
462        826        
463        819        
463        834        
464        820        
464        827        
465        820        
465        828        
466        821        
466        828        
467        821        
467        829        
468        822        
468        829        
469        822        
469        830        
470        823        
470        830        
471        823        
471        831        
472        824        
472        831        
473        824        
473        832        
474        825        
474        832        
475        825        
475        833        
476        826        
476        833        
477        826        
477        834        
478        827        
478        841        
479        828        
479        835        
480        829        
480        836        
481        830        
481        837        
482        831        
482        838        
483        832        
483        839        
484        833        
484        840        
485        834        
485        847        
486        835        
486        841        
487        835        
487        842        
488        836        
488        842        
489        836        
489        843        
490        837        
490        843        
491        837        
491        844        
492        838        
492        844        
493        838        
493        845        
494        839        
494        845        
495        839        
495        846        
496        840        
496        846        
497        840        
497        847        
498        841        
498        848        
499        842        
499        849        
500        843        
500        850        
501        844        
501        851        
502        845        
502        852        
503        846        
503        853        
504        847        
504        854        
505        848        
505        855        
506        849        
506        856        
507        849        
507        855        
508        850        
508        857        
509        850        
509        856        
510        851        
510        858        
511        851        
511        857        
512        852        
512        859        
513        852        
513        858        
514        853        
514        860        
515        853        
515        859        
516        854        
516        860        
1          2          
1          3          
2          3          
4          5          
4          6          
5          6          
7          8          
7          9          
8          9          
10         11         
10         12         
11         12         
13         14         
13         15         
14         15         
16         17         
16         18         
17         18         
1          19         
1          20         
19         20         
2          4          
2          21         
4          21         
5          7          
5          22         
7          22         
8          10         
8          23         
10         23         
11         13         
11         24         
13         24         
14         16         
14         25         
16         25         
17         26         
17         27         
26         27         
19         28         
19         29         
28         29         
21         30         
21         31         
30         31         
22         32         
22         33         
32         33         
23         34         
23         35         
34         35         
24         36         
24         37         
36         37         
25         38         
25         39         
38         39         
26         40         
26         41         
40         41         
28         30         
28         42         
30         42         
31         32         
31         43         
32         43         
33         34         
33         44         
34         44         
35         36         
35         45         
36         45         
37         38         
37         46         
38         46         
39         40         
39         47         
40         47         
29         48         
29         49         
48         49         
42         50         
42         51         
50         51         
43         52         
43         53         
52         53         
44         54         
44         55         
54         55         
45         56         
45         57         
56         57         
46         58         
46         59         
58         59         
47         60         
47         61         
60         61         
41         62         
41         63         
62         63         
48         50         
48         64         
50         64         
51         52         
51         65         
52         65         
53         54         
53         66         
54         66         
55         56         
55         67         
56         67         
57         58         
57         68         
58         68         
59         60         
59         69         
60         69         
61         62         
61         70         
62         70         
49         71         
49         72         
71         72         
64         73         
64         74         
73         74         
65         75         
65         76         
75         76         
66         77         
66         78         
77         78         
67         79         
67         80         
79         80         
68         81         
68         82         
81         82         
69         83         
69         84         
83         84         
70         85         
70         86         
85         86         
63         87         
63         88         
87         88         
71         73         
71         89         
73         89         
74         75         
74         90         
75         90         
76         77         
76         91         
77         91         
78         79         
78         92         
79         92         
80         81         
80         93         
81         93         
82         83         
82         94         
83         94         
84         85         
84         95         
85         95         
86         87         
86         96         
87         96         
72         97         
72         98         
97         98         
89         99         
89         100        
99         100        
90         101        
90         102        
101        102        
91         103        
91         104        
103        104        
92         105        
92         106        
105        106        
93         107        
93         108        
107        108        
94         109        
94         110        
109        110        
95         111        
95         112        
111        112        
96         113        
96         114        
113        114        
88         115        
88         116        
115        116        
97         117        
97         118        
117        118        
98         99         
98         119        
99         119        
100        101        
100        120        
101        120        
102        103        
102        121        
103        121        
104        105        
104        122        
105        122        
106        107        
106        123        
107        123        
108        109        
108        124        
109        124        
110        111        
110        125        
111        125        
112        113        
112        126        
113        126        
114        115        
114        127        
115        127        
116        128        
116        129        
128        129        
118        130        
118        131        
130        131        
117        132        
117        133        
132        133        
119        134        
119        135        
134        135        
120        136        
120        137        
136        137        
121        138        
121        139        
138        139        
122        140        
122        141        
140        141        
123        142        
123        143        
142        143        
124        144        
124        145        
144        145        
125        146        
125        147        
146        147        
126        148        
126        149        
148        149        
127        150        
127        151        
150        151        
128        152        
128        153        
152        153        
129        154        
129        155        
154        155        
156        157        
156        158        
157        158        
130        158        
130        159        
158        159        
131        132        
131        160        
132        160        
133        134        
133        161        
134        161        
135        136        
135        162        
136        162        
137        138        
137        163        
138        163        
139        140        
139        164        
140        164        
141        142        
141        165        
142        165        
143        144        
143        166        
144        166        
145        146        
145        167        
146        167        
147        148        
147        168        
148        168        
149        150        
149        169        
150        169        
151        152        
151        170        
152        170        
153        154        
153        171        
154        171        
155        172        
155        173        
172        173        
157        173        
157        174        
173        174        
156        175        
156        176        
175        176        
159        177        
159        178        
177        178        
160        179        
160        180        
179        180        
161        181        
161        182        
181        182        
162        183        
162        184        
183        184        
163        185        
163        186        
185        186        
164        187        
164        188        
187        188        
165        189        
165        190        
189        190        
166        191        
166        192        
191        192        
167        193        
167        194        
193        194        
168        195        
168        196        
195        196        
169        197        
169        198        
197        198        
170        199        
170        200        
199        200        
171        201        
171        202        
201        202        
172        203        
172        204        
203        204        
174        205        
174        206        
205        206        
175        206        
175        207        
206        207        
176        177        
176        208        
177        208        
178        179        
178        209        
179        209        
180        181        
180        210        
181        210        
182        183        
182        211        
183        211        
184        185        
184        212        
185        212        
186        187        
186        213        
187        213        
188        189        
188        214        
189        214        
190        191        
190        215        
191        215        
192        193        
192        216        
193        216        
194        195        
194        217        
195        217        
196        197        
196        218        
197        218        
198        199        
198        219        
199        219        
200        201        
200        220        
201        220        
202        203        
202        221        
203        221        
204        205        
204        222        
205        222        
208        223        
208        224        
223        224        
209        225        
209        226        
225        226        
210        227        
210        228        
227        228        
211        229        
211        230        
229        230        
212        231        
212        232        
231        232        
213        233        
213        234        
233        234        
214        235        
214        236        
235        236        
215        237        
215        238        
237        238        
216        239        
216        240        
239        240        
217        241        
217        242        
241        242        
218        243        
218        244        
243        244        
219        245        
219        246        
245        246        
220        247        
220        248        
247        248        
221        249        
221        250        
249        250        
222        251        
222        252        
251        252        
207        253        
207        254        
253        254        
223        254        
223        255        
254        255        
224        225        
224        256        
225        256        
226        227        
226        257        
227        257        
228        229        
228        258        
229        258        
230        231        
230        259        
231        259        
232        233        
232        260        
233        260        
234        235        
234        261        
235        261        
236        237        
236        262        
237        262        
238        239        
238        263        
239        263        
240        241        
240        264        
241        264        
242        243        
242        265        
243        265        
244        245        
244        266        
245        266        
246        247        
246        267        
247        267        
248        249        
248        268        
249        268        
250        251        
250        269        
251        269        
252        253        
252        270        
253        270        
255        271        
255        272        
271        272        
256        273        
256        274        
273        274        
257        275        
257        276        
275        276        
258        277        
258        278        
277        278        
259        279        
259        280        
279        280        
260        281        
260        282        
281        282        
261        283        
261        284        
283        284        
262        285        
262        286        
285        286        
263        287        
263        288        
287        288        
264        289        
264        290        
289        290        
265        291        
265        292        
291        292        
266        293        
266        294        
293        294        
267        295        
267        296        
295        296        
268        297        
268        298        
297        298        
269        299        
269        300        
299        300        
270        301        
270        302        
301        302        
271        302        
271        303        
302        303        
272        273        
272        304        
273        304        
274        275        
274        305        
275        305        
276        277        
276        306        
277        306        
278        279        
278        307        
279        307        
280        281        
280        308        
281        308        
282        283        
282        309        
283        309        
284        285        
284        310        
285        310        
286        287        
286        311        
287        311        
288        289        
288        312        
289        312        
290        291        
290        313        
291        313        
292        293        
292        314        
293        314        
294        295        
294        315        
295        315        
296        297        
296        316        
297        316        
298        299        
298        317        
299        317        
300        301        
300        318        
301        318        
304        319        
304        320        
319        320        
305        321        
305        322        
321        322        
306        323        
306        324        
323        324        
307        325        
307        326        
325        326        
308        327        
308        328        
327        328        
309        329        
309        330        
329        330        
310        331        
310        332        
331        332        
311        333        
311        334        
333        334        
312        335        
312        336        
335        336        
313        337        
313        338        
337        338        
314        339        
314        340        
339        340        
315        341        
315        342        
341        342        
316        343        
316        344        
343        344        
317        345        
317        346        
345        346        
318        347        
318        348        
347        348        
303        349        
303        350        
349        350        
319        350        
319        351        
350        351        
320        321        
320        352        
321        352        
322        323        
322        353        
323        353        
324        325        
324        354        
325        354        
326        327        
326        355        
327        355        
328        329        
328        356        
329        356        
330        331        
330        357        
331        357        
332        333        
332        358        
333        358        
334        335        
334        359        
335        359        
336        337        
336        360        
337        360        
338        339        
338        361        
339        361        
340        341        
340        362        
341        362        
342        343        
342        363        
343        363        
344        345        
344        364        
345        364        
346        347        
346        365        
347        365        
348        349        
348        366        
349        366        
351        367        
351        368        
367        368        
352        367        
352        369        
367        369        
353        370        
353        371        
370        371        
354        372        
354        373        
372        373        
355        374        
355        375        
374        375        
356        376        
356        377        
376        377        
357        378        
357        379        
378        379        
358        380        
358        381        
380        381        
359        382        
359        383        
382        383        
360        384        
360        385        
384        385        
361        386        
361        387        
386        387        
362        388        
362        389        
388        389        
363        390        
363        391        
390        391        
364        392        
364        393        
392        393        
365        394        
365        395        
394        395        
366        368        
366        395        
368        395        
369        370        
369        396        
370        396        
371        372        
371        397        
372        397        
373        374        
373        398        
374        398        
375        376        
375        399        
376        399        
377        378        
377        400        
378        400        
379        380        
379        401        
380        401        
381        382        
381        402        
382        402        
383        384        
383        403        
384        403        
385        386        
385        404        
386        404        
387        388        
387        405        
388        405        
389        390        
389        406        
390        406        
391        392        
391        407        
392        407        
393        394        
393        408        
394        408        
396        397        
396        409        
397        409        
398        410        
398        411        
410        411        
399        412        
399        413        
412        413        
400        414        
400        415        
414        415        
401        416        
401        417        
416        417        
402        418        
402        419        
418        419        
403        420        
403        421        
420        421        
404        422        
404        423        
422        423        
405        424        
405        425        
424        425        
406        426        
406        427        
426        427        
407        408        
407        428        
408        428        
409        410        
409        429        
410        429        
411        412        
411        430        
412        430        
413        414        
413        431        
414        431        
415        416        
415        432        
416        432        
417        418        
417        433        
418        433        
419        420        
419        434        
420        434        
421        422        
421        435        
422        435        
423        424        
423        436        
424        436        
425        426        
425        437        
426        437        
427        428        
427        438        
428        438        
430        439        
430        440        
439        440        
431        441        
431        442        
441        442        
432        443        
432        444        
443        444        
433        445        
433        446        
445        446        
434        447        
434        448        
447        448        
435        449        
435        450        
449        450        
436        451        
436        452        
451        452        
437        453        
437        454        
453        454        
429        439        
429        455        
439        455        
440        441        
440        456        
441        456        
442        443        
442        457        
443        457        
444        445        
444        458        
445        458        
446        447        
446        459        
447        459        
448        449        
448        460        
449        460        
450        451        
450        461        
451        461        
452        453        
452        462        
453        462        
438        454        
438        463        
454        463        
456        464        
456        465        
464        465        
457        466        
457        467        
466        467        
458        468        
458        469        
468        469        
459        470        
459        471        
470        471        
460        472        
460        473        
472        473        
461        474        
461        475        
474        475        
462        476        
462        477        
476        477        
455        464        
455        478        
464        478        
465        466        
465        479        
466        479        
467        468        
467        480        
468        480        
469        470        
469        481        
470        481        
471        472        
471        482        
472        482        
473        474        
473        483        
474        483        
475        476        
475        484        
476        484        
463        477        
463        485        
477        485        
479        486        
479        487        
486        487        
480        488        
480        489        
488        489        
481        490        
481        491        
490        491        
482        492        
482        493        
492        493        
483        494        
483        495        
494        495        
484        496        
484        497        
496        497        
478        486        
478        498        
486        498        
487        488        
487        499        
488        499        
489        490        
489        500        
490        500        
491        492        
491        501        
492        501        
493        494        
493        502        
494        502        
495        496        
495        503        
496        503        
485        497        
485        504        
497        504        
20         498        
20         505        
498        505        
499        506        
499        507        
506        507        
500        508        
500        509        
508        509        
501        510        
501        511        
510        511        
502        512        
502        513        
512        513        
503        514        
503        515        
514        515        
27         504        
27         516        
504        516        
3          505        
3          507        
505        507        
6          506        
6          509        
506        509        
9          508        
9          511        
508        511        
12         510        
12         513        
510        513        
15         512        
15         515        
512        515        
18         514        
18         516        
514        516        
