1560
1          391        
1          399        
2          391        
2          400        
3          391        
3          642        
4          392        
4          400        
5          392        
5          401        
6          392        
6          643        
7          393        
7          401        
8          393        
8          402        
9          393        
9          644        
10         394        
10         402        
11         394        
11         403        
12         394        
12         645        
13         395        
13         403        
14         395        
14         404        
15         395        
15         646        
16         396        
16         404        
17         396        
17         405        
18         396        
18         647        
19         397        
19         405        
20         397        
20         406        
21         397        
21         648        
22         398        
22         406        
23         398        
23         407        
24         398        
24         649        
25         399        
25         415        
26         399        
26         641        
27         400        
27         408        
28         401        
28         409        
29         402        
29         410        
30         403        
30         411        
31         404        
31         412        
32         405        
32         413        
33         406        
33         414        
34         407        
34         650        
35         407        
35         422        
36         408        
36         415        
37         408        
37         416        
38         409        
38         416        
39         409        
39         417        
40         410        
40         417        
41         410        
41         418        
42         411        
42         418        
43         411        
43         419        
44         412        
44         419        
45         412        
45         420        
46         413        
46         420        
47         413        
47         421        
48         414        
48         421        
49         414        
49         422        
50         415        
50         423        
51         416        
51         424        
52         417        
52         425        
53         418        
53         426        
54         419        
54         427        
55         420        
55         428        
56         421        
56         429        
57         422        
57         430        
58         423        
58         433        
59         423        
59         434        
60         424        
60         434        
61         424        
61         435        
62         425        
62         435        
63         425        
63         436        
64         426        
64         436        
65         426        
65         437        
66         427        
66         437        
67         427        
67         438        
68         428        
68         438        
69         428        
69         439        
70         429        
70         439        
71         429        
71         440        
72         430        
72         440        
73         430        
73         441        
74         431        
74         454        
75         431        
75         442        
76         431        
76         432        
77         432        
77         443        
78         432        
78         433        
79         433        
79         444        
80         434        
80         445        
81         435        
81         446        
82         436        
82         447        
83         437        
83         448        
84         438        
84         449        
85         439        
85         450        
86         440        
86         451        
87         441        
87         452        
88         441        
88         442        
89         442        
89         453        
90         443        
90         455        
91         443        
91         456        
92         444        
92         456        
93         444        
93         457        
94         445        
94         457        
95         445        
95         458        
96         446        
96         458        
97         446        
97         459        
98         447        
98         459        
99         447        
99         460        
100        448        
100        460        
101        448        
101        461        
102        449        
102        461        
103        449        
103        462        
104        450        
104        462        
105        450        
105        463        
106        451        
106        463        
107        451        
107        464        
108        452        
108        464        
109        452        
109        465        
110        453        
110        465        
111        453        
111        466        
112        454        
112        466        
113        454        
113        455        
114        455        
114        467        
115        456        
115        468        
116        457        
116        469        
117        458        
117        470        
118        459        
118        471        
119        460        
119        472        
120        461        
120        473        
121        462        
121        474        
122        463        
122        475        
123        464        
123        476        
124        465        
124        477        
125        466        
125        478        
126        467        
126        479        
127        467        
127        480        
128        468        
128        480        
129        468        
129        481        
130        469        
130        481        
131        469        
131        482        
132        470        
132        482        
133        470        
133        483        
134        471        
134        483        
135        471        
135        484        
136        472        
136        484        
137        472        
137        485        
138        473        
138        485        
139        473        
139        486        
140        474        
140        486        
141        474        
141        487        
142        475        
142        487        
143        475        
143        488        
144        476        
144        488        
145        476        
145        489        
146        477        
146        489        
147        477        
147        490        
148        478        
148        490        
149        478        
149        479        
150        479        
150        502        
151        480        
151        491        
152        481        
152        492        
153        482        
153        493        
154        483        
154        494        
155        484        
155        495        
156        485        
156        496        
157        486        
157        497        
158        487        
158        498        
159        488        
159        499        
160        489        
160        500        
161        490        
161        501        
162        491        
162        503        
163        491        
163        504        
164        492        
164        504        
165        492        
165        505        
166        493        
166        505        
167        493        
167        506        
168        494        
168        506        
169        494        
169        507        
170        495        
170        507        
171        495        
171        508        
172        496        
172        508        
173        496        
173        509        
174        497        
174        509        
175        497        
175        510        
176        498        
176        510        
177        498        
177        511        
178        499        
178        511        
179        499        
179        512        
180        500        
180        512        
181        500        
181        513        
182        501        
182        513        
183        501        
183        514        
184        502        
184        514        
185        502        
185        503        
186        503        
186        515        
187        504        
187        516        
188        505        
188        517        
189        506        
189        518        
190        507        
190        519        
191        508        
191        520        
192        509        
192        521        
193        510        
193        522        
194        511        
194        523        
195        512        
195        524        
196        513        
196        525        
197        514        
197        526        
198        515        
198        527        
199        515        
199        528        
200        516        
200        528        
201        516        
201        529        
202        517        
202        529        
203        517        
203        530        
204        518        
204        530        
205        518        
205        531        
206        519        
206        531        
207        519        
207        532        
208        520        
208        532        
209        520        
209        533        
210        521        
210        533        
211        521        
211        534        
212        522        
212        534        
213        522        
213        535        
214        523        
214        535        
215        523        
215        536        
216        524        
216        536        
217        524        
217        537        
218        525        
218        537        
219        525        
219        538        
220        526        
220        538        
221        526        
221        527        
222        527        
222        550        
223        528        
223        539        
224        529        
224        540        
225        530        
225        541        
226        531        
226        542        
227        532        
227        543        
228        533        
228        544        
229        534        
229        545        
230        535        
230        546        
231        536        
231        547        
232        537        
232        548        
233        538        
233        549        
234        539        
234        551        
235        539        
235        552        
236        540        
236        552        
237        540        
237        553        
238        541        
238        553        
239        541        
239        554        
240        542        
240        554        
241        542        
241        555        
242        543        
242        555        
243        543        
243        556        
244        544        
244        556        
245        544        
245        557        
246        545        
246        557        
247        545        
247        558        
248        546        
248        558        
249        546        
249        559        
250        547        
250        559        
251        547        
251        560        
252        548        
252        560        
253        548        
253        561        
254        549        
254        561        
255        549        
255        562        
256        550        
256        562        
257        550        
257        551        
258        551        
258        563        
259        552        
259        564        
260        553        
260        565        
261        554        
261        566        
262        555        
262        567        
263        556        
263        568        
264        557        
264        569        
265        558        
265        570        
266        559        
266        571        
267        560        
267        572        
268        561        
268        573        
269        562        
269        574        
270        563        
270        575        
271        563        
271        576        
272        564        
272        576        
273        564        
273        577        
274        565        
274        577        
275        565        
275        578        
276        566        
276        578        
277        566        
277        579        
278        567        
278        579        
279        567        
279        580        
280        568        
280        580        
281        568        
281        581        
282        569        
282        581        
283        569        
283        582        
284        570        
284        582        
285        570        
285        583        
286        571        
286        583        
287        571        
287        584        
288        572        
288        584        
289        572        
289        585        
290        573        
290        585        
291        573        
291        586        
292        574        
292        586        
293        574        
293        575        
294        575        
294        598        
295        576        
295        587        
296        577        
296        588        
297        578        
297        589        
298        579        
298        590        
299        580        
299        591        
300        581        
300        592        
301        582        
301        593        
302        583        
302        594        
303        584        
303        595        
304        585        
304        596        
305        586        
305        597        
306        587        
306        599        
307        587        
307        600        
308        588        
308        600        
309        588        
309        601        
310        589        
310        601        
311        589        
311        602        
312        590        
312        602        
313        590        
313        603        
314        591        
314        603        
315        591        
315        604        
316        592        
316        604        
317        592        
317        605        
318        593        
318        605        
319        593        
319        606        
320        594        
320        606        
321        594        
321        607        
322        595        
322        607        
323        595        
323        608        
324        596        
324        608        
325        596        
325        609        
326        597        
326        609        
327        597        
327        610        
328        598        
328        610        
329        598        
329        599        
330        599        
330        621        
331        600        
331        611        
332        601        
332        612        
333        602        
333        613        
334        603        
334        614        
335        604        
335        615        
336        605        
336        616        
337        606        
337        617        
338        607        
338        618        
339        608        
339        619        
340        609        
340        620        
341        610        
341        631        
342        611        
342        621        
343        611        
343        622        
344        612        
344        622        
345        612        
345        623        
346        613        
346        623        
347        613        
347        624        
348        614        
348        624        
349        614        
349        625        
350        615        
350        625        
351        615        
351        626        
352        616        
352        626        
353        616        
353        627        
354        617        
354        627        
355        617        
355        628        
356        618        
356        628        
357        618        
357        629        
358        619        
358        629        
359        619        
359        630        
360        620        
360        630        
361        620        
361        631        
362        621        
362        641        
363        622        
363        632        
364        623        
364        633        
365        624        
365        634        
366        625        
366        635        
367        626        
367        636        
368        627        
368        637        
369        628        
369        638        
370        629        
370        639        
371        630        
371        640        
372        631        
372        650        
373        632        
373        642        
374        632        
374        641        
375        633        
375        643        
376        633        
376        642        
377        634        
377        644        
378        634        
378        643        
379        635        
379        645        
380        635        
380        644        
381        636        
381        646        
382        636        
382        645        
383        637        
383        647        
384        637        
384        646        
385        638        
385        648        
386        638        
386        647        
387        639        
387        649        
388        639        
388        648        
389        640        
389        650        
390        640        
390        649        
1          2          
1          3          
2          3          
4          5          
4          6          
5          6          
7          8          
7          9          
8          9          
10         11         
10         12         
11         12         
13         14         
13         15         
14         15         
16         17         
16         18         
17         18         
19         20         
19         21         
20         21         
22         23         
22         24         
23         24         
1          25         
1          26         
25         26         
2          4          
2          27         
4          27         
5          7          
5          28         
7          28         
8          10         
8          29         
10         29         
11         13         
11         30         
13         30         
14         16         
14         31         
16         31         
17         19         
17         32         
19         32         
20         22         
20         33         
22         33         
23         34         
23         35         
34         35         
27         36         
27         37         
36         37         
28         38         
28         39         
38         39         
29         40         
29         41         
40         41         
30         42         
30         43         
42         43         
31         44         
31         45         
44         45         
32         46         
32         47         
46         47         
33         48         
33         49         
48         49         
25         36         
25         50         
36         50         
37         38         
37         51         
38         51         
39         40         
39         52         
40         52         
41         42         
41         53         
42         53         
43         44         
43         54         
44         54         
45         46         
45         55         
46         55         
47         48         
47         56         
48         56         
35         49         
35         57         
49         57         
50         58         
50         59         
58         59         
51         60         
51         61         
60         61         
52         62         
52         63         
62         63         
53         64         
53         65         
64         65         
54         66         
54         67         
66         67         
55         68         
55         69         
68         69         
56         70         
56         71         
70         71         
57         72         
57         73         
72         73         
74         75         
74         76         
75         76         
76         77         
76         78         
77         78         
58         78         
58         79         
78         79         
59         60         
59         80         
60         80         
61         62         
61         81         
62         81         
63         64         
63         82         
64         82         
65         66         
65         83         
66         83         
67         68         
67         84         
68         84         
69         70         
69         85         
70         85         
71         72         
71         86         
72         86         
73         87         
73         88         
87         88         
75         88         
75         89         
88         89         
77         90         
77         91         
90         91         
79         92         
79         93         
92         93         
80         94         
80         95         
94         95         
81         96         
81         97         
96         97         
82         98         
82         99         
98         99         
83         100        
83         101        
100        101        
84         102        
84         103        
102        103        
85         104        
85         105        
104        105        
86         106        
86         107        
106        107        
87         108        
87         109        
108        109        
89         110        
89         111        
110        111        
74         112        
74         113        
112        113        
90         113        
90         114        
113        114        
91         92         
91         115        
92         115        
93         94         
93         116        
94         116        
95         96         
95         117        
96         117        
97         98         
97         118        
98         118        
99         100        
99         119        
100        119        
101        102        
101        120        
102        120        
103        104        
103        121        
104        121        
105        106        
105        122        
106        122        
107        108        
107        123        
108        123        
109        110        
109        124        
110        124        
111        112        
111        125        
112        125        
114        126        
114        127        
126        127        
115        128        
115        129        
128        129        
116        130        
116        131        
130        131        
117        132        
117        133        
132        133        
118        134        
118        135        
134        135        
119        136        
119        137        
136        137        
120        138        
120        139        
138        139        
121        140        
121        141        
140        141        
122        142        
122        143        
142        143        
123        144        
123        145        
144        145        
124        146        
124        147        
146        147        
125        148        
125        149        
148        149        
126        149        
126        150        
149        150        
127        128        
127        151        
128        151        
129        130        
129        152        
130        152        
131        132        
131        153        
132        153        
133        134        
133        154        
134        154        
135        136        
135        155        
136        155        
137        138        
137        156        
138        156        
139        140        
139        157        
140        157        
141        142        
141        158        
142        158        
143        144        
143        159        
144        159        
145        146        
145        160        
146        160        
147        148        
147        161        
148        161        
151        162        
151        163        
162        163        
152        164        
152        165        
164        165        
153        166        
153        167        
166        167        
154        168        
154        169        
168        169        
155        170        
155        171        
170        171        
156        172        
156        173        
172        173        
157        174        
157        175        
174        175        
158        176        
158        177        
176        177        
159        178        
159        179        
178        179        
160        180        
160        181        
180        181        
161        182        
161        183        
182        183        
150        184        
150        185        
184        185        
162        185        
162        186        
185        186        
163        164        
163        187        
164        187        
165        166        
165        188        
166        188        
167        168        
167        189        
168        189        
169        170        
169        190        
170        190        
171        172        
171        191        
172        191        
173        174        
173        192        
174        192        
175        176        
175        193        
176        193        
177        178        
177        194        
178        194        
179        180        
179        195        
180        195        
181        182        
181        196        
182        196        
183        184        
183        197        
184        197        
186        198        
186        199        
198        199        
187        200        
187        201        
200        201        
188        202        
188        203        
202        203        
189        204        
189        205        
204        205        
190        206        
190        207        
206        207        
191        208        
191        209        
208        209        
192        210        
192        211        
210        211        
193        212        
193        213        
212        213        
194        214        
194        215        
214        215        
195        216        
195        217        
216        217        
196        218        
196        219        
218        219        
197        220        
197        221        
220        221        
198        221        
198        222        
221        222        
199        200        
199        223        
200        223        
201        202        
201        224        
202        224        
203        204        
203        225        
204        225        
205        206        
205        226        
206        226        
207        208        
207        227        
208        227        
209        210        
209        228        
210        228        
211        212        
211        229        
212        229        
213        214        
213        230        
214        230        
215        216        
215        231        
216        231        
217        218        
217        232        
218        232        
219        220        
219        233        
220        233        
223        234        
223        235        
234        235        
224        236        
224        237        
236        237        
225        238        
225        239        
238        239        
226        240        
226        241        
240        241        
227        242        
227        243        
242        243        
228        244        
228        245        
244        245        
229        246        
229        247        
246        247        
230        248        
230        249        
248        249        
231        250        
231        251        
250        251        
232        252        
232        253        
252        253        
233        254        
233        255        
254        255        
222        256        
222        257        
256        257        
234        257        
234        258        
257        258        
235        236        
235        259        
236        259        
237        238        
237        260        
238        260        
239        240        
239        261        
240        261        
241        242        
241        262        
242        262        
243        244        
243        263        
244        263        
245        246        
245        264        
246        264        
247        248        
247        265        
248        265        
249        250        
249        266        
250        266        
251        252        
251        267        
252        267        
253        254        
253        268        
254        268        
255        256        
255        269        
256        269        
258        270        
258        271        
270        271        
259        272        
259        273        
272        273        
260        274        
260        275        
274        275        
261        276        
261        277        
276        277        
262        278        
262        279        
278        279        
263        280        
263        281        
280        281        
264        282        
264        283        
282        283        
265        284        
265        285        
284        285        
266        286        
266        287        
286        287        
267        288        
267        289        
288        289        
268        290        
268        291        
290        291        
269        292        
269        293        
292        293        
270        293        
270        294        
293        294        
271        272        
271        295        
272        295        
273        274        
273        296        
274        296        
275        276        
275        297        
276        297        
277        278        
277        298        
278        298        
279        280        
279        299        
280        299        
281        282        
281        300        
282        300        
283        284        
283        301        
284        301        
285        286        
285        302        
286        302        
287        288        
287        303        
288        303        
289        290        
289        304        
290        304        
291        292        
291        305        
292        305        
295        306        
295        307        
306        307        
296        308        
296        309        
308        309        
297        310        
297        311        
310        311        
298        312        
298        313        
312        313        
299        314        
299        315        
314        315        
300        316        
300        317        
316        317        
301        318        
301        319        
318        319        
302        320        
302        321        
320        321        
303        322        
303        323        
322        323        
304        324        
304        325        
324        325        
305        326        
305        327        
326        327        
294        328        
294        329        
328        329        
306        329        
306        330        
329        330        
307        308        
307        331        
308        331        
309        310        
309        332        
310        332        
311        312        
311        333        
312        333        
313        314        
313        334        
314        334        
315        316        
315        335        
316        335        
317        318        
317        336        
318        336        
319        320        
319        337        
320        337        
321        322        
321        338        
322        338        
323        324        
323        339        
324        339        
325        326        
325        340        
326        340        
327        328        
327        341        
328        341        
331        342        
331        343        
342        343        
332        344        
332        345        
344        345        
333        346        
333        347        
346        347        
334        348        
334        349        
348        349        
335        350        
335        351        
350        351        
336        352        
336        353        
352        353        
337        354        
337        355        
354        355        
338        356        
338        357        
356        357        
339        358        
339        359        
358        359        
340        360        
340        361        
360        361        
330        342        
330        362        
342        362        
343        344        
343        363        
344        363        
345        346        
345        364        
346        364        
347        348        
347        365        
348        365        
349        350        
349        366        
350        366        
351        352        
351        367        
352        367        
353        354        
353        368        
354        368        
355        356        
355        369        
356        369        
357        358        
357        370        
358        370        
359        360        
359        371        
360        371        
341        361        
341        372        
361        372        
363        373        
363        374        
373        374        
364        375        
364        376        
375        376        
365        377        
365        378        
377        378        
366        379        
366        380        
379        380        
367        381        
367        382        
381        382        
368        383        
368        384        
383        384        
369        385        
369        386        
385        386        
370        387        
370        388        
387        388        
371        389        
371        390        
389        390        
26         362        
26         374        
362        374        
3          373        
3          376        
373        376        
6          375        
6          378        
375        378        
9          377        
9          380        
377        380        
12         379        
12         382        
379        382        
15         381        
15         384        
381        384        
18         383        
18         386        
383        386        
21         385        
21         388        
385        388        
24         387        
24         390        
387        390        
34         372        
34         389        
372        389        
