2940
1          736        
1          749        
2          736        
2          750        
3          736        
3          1213       
4          737        
4          750        
5          737        
5          751        
6          737        
6          1214       
7          738        
7          751        
8          738        
8          752        
9          738        
9          1215       
10         739        
10         752        
11         739        
11         753        
12         739        
12         1216       
13         740        
13         753        
14         740        
14         754        
15         740        
15         1217       
16         741        
16         754        
17         741        
17         755        
18         741        
18         1218       
19         742        
19         755        
20         742        
20         756        
21         742        
21         1219       
22         743        
22         756        
23         743        
23         757        
24         743        
24         1220       
25         744        
25         757        
26         744        
26         758        
27         744        
27         1221       
28         745        
28         758        
29         745        
29         759        
30         745        
30         1222       
31         746        
31         759        
32         746        
32         760        
33         746        
33         1223       
34         747        
34         760        
35         747        
35         761        
36         747        
36         1224       
37         748        
37         761        
38         748        
38         762        
39         748        
39         1225       
40         749        
40         763        
41         749        
41         1199       
42         750        
42         764        
43         751        
43         765        
44         752        
44         766        
45         753        
45         767        
46         754        
46         768        
47         755        
47         769        
48         756        
48         770        
49         757        
49         771        
50         758        
50         772        
51         759        
51         773        
52         760        
52         774        
53         761        
53         775        
54         762        
54         776        
55         762        
55         1212       
56         763        
56         777        
57         763        
57         790        
58         764        
58         777        
59         764        
59         778        
60         765        
60         778        
61         765        
61         779        
62         766        
62         779        
63         766        
63         780        
64         767        
64         780        
65         767        
65         781        
66         768        
66         781        
67         768        
67         782        
68         769        
68         782        
69         769        
69         783        
70         770        
70         783        
71         770        
71         784        
72         771        
72         784        
73         771        
73         785        
74         772        
74         785        
75         772        
75         786        
76         773        
76         786        
77         773        
77         787        
78         774        
78         787        
79         774        
79         788        
80         775        
80         788        
81         775        
81         789        
82         776        
82         789        
83         776        
83         804        
84         777        
84         791        
85         778        
85         792        
86         779        
86         793        
87         780        
87         794        
88         781        
88         795        
89         782        
89         796        
90         783        
90         797        
91         784        
91         798        
92         785        
92         799        
93         786        
93         800        
94         787        
94         801        
95         788        
95         802        
96         789        
96         803        
97         790        
97         806        
98         790        
98         807        
99         791        
99         807        
100        791        
100        808        
101        792        
101        808        
102        792        
102        809        
103        793        
103        809        
104        793        
104        810        
105        794        
105        810        
106        794        
106        811        
107        795        
107        811        
108        795        
108        812        
109        796        
109        812        
110        796        
110        813        
111        797        
111        813        
112        797        
112        814        
113        798        
113        814        
114        798        
114        815        
115        799        
115        815        
116        799        
116        816        
117        800        
117        816        
118        800        
118        817        
119        801        
119        817        
120        801        
120        818        
121        802        
121        818        
122        802        
122        819        
123        803        
123        819        
124        803        
124        820        
125        804        
125        820        
126        804        
126        805        
127        805        
127        836        
128        805        
128        806        
129        806        
129        821        
130        807        
130        822        
131        808        
131        823        
132        809        
132        824        
133        810        
133        825        
134        811        
134        826        
135        812        
135        827        
136        813        
136        828        
137        814        
137        829        
138        815        
138        830        
139        816        
139        831        
140        817        
140        832        
141        818        
141        833        
142        819        
142        834        
143        820        
143        835        
144        821        
144        837        
145        821        
145        838        
146        822        
146        838        
147        822        
147        839        
148        823        
148        839        
149        823        
149        840        
150        824        
150        840        
151        824        
151        841        
152        825        
152        841        
153        825        
153        842        
154        826        
154        842        
155        826        
155        843        
156        827        
156        843        
157        827        
157        844        
158        828        
158        844        
159        828        
159        845        
160        829        
160        845        
161        829        
161        846        
162        830        
162        846        
163        830        
163        847        
164        831        
164        847        
165        831        
165        848        
166        832        
166        848        
167        832        
167        849        
168        833        
168        849        
169        833        
169        850        
170        834        
170        850        
171        834        
171        851        
172        835        
172        851        
173        835        
173        852        
174        836        
174        852        
175        836        
175        837        
176        837        
176        853        
177        838        
177        854        
178        839        
178        855        
179        840        
179        856        
180        841        
180        857        
181        842        
181        858        
182        843        
182        859        
183        844        
183        860        
184        845        
184        861        
185        846        
185        862        
186        847        
186        863        
187        848        
187        864        
188        849        
188        865        
189        850        
189        866        
190        851        
190        867        
191        852        
191        868        
192        853        
192        869        
193        853        
193        870        
194        854        
194        870        
195        854        
195        871        
196        855        
196        871        
197        855        
197        872        
198        856        
198        872        
199        856        
199        873        
200        857        
200        873        
201        857        
201        874        
202        858        
202        874        
203        858        
203        875        
204        859        
204        875        
205        859        
205        876        
206        860        
206        876        
207        860        
207        877        
208        861        
208        877        
209        861        
209        878        
210        862        
210        878        
211        862        
211        879        
212        863        
212        879        
213        863        
213        880        
214        864        
214        880        
215        864        
215        881        
216        865        
216        881        
217        865        
217        882        
218        866        
218        882        
219        866        
219        883        
220        867        
220        883        
221        867        
221        884        
222        868        
222        884        
223        868        
223        869        
224        869        
224        900        
225        870        
225        885        
226        871        
226        886        
227        872        
227        887        
228        873        
228        888        
229        874        
229        889        
230        875        
230        890        
231        876        
231        891        
232        877        
232        892        
233        878        
233        893        
234        879        
234        894        
235        880        
235        895        
236        881        
236        896        
237        882        
237        897        
238        883        
238        898        
239        884        
239        899        
240        885        
240        901        
241        885        
241        902        
242        886        
242        902        
243        886        
243        903        
244        887        
244        903        
245        887        
245        904        
246        888        
246        904        
247        888        
247        905        
248        889        
248        905        
249        889        
249        906        
250        890        
250        906        
251        890        
251        907        
252        891        
252        907        
253        891        
253        908        
254        892        
254        908        
255        892        
255        909        
256        893        
256        909        
257        893        
257        910        
258        894        
258        910        
259        894        
259        911        
260        895        
260        911        
261        895        
261        912        
262        896        
262        912        
263        896        
263        913        
264        897        
264        913        
265        897        
265        914        
266        898        
266        914        
267        898        
267        915        
268        899        
268        915        
269        899        
269        916        
270        900        
270        916        
271        900        
271        901        
272        901        
272        917        
273        902        
273        918        
274        903        
274        919        
275        904        
275        920        
276        905        
276        921        
277        906        
277        922        
278        907        
278        923        
279        908        
279        924        
280        909        
280        925        
281        910        
281        926        
282        911        
282        927        
283        912        
283        928        
284        913        
284        929        
285        914        
285        930        
286        915        
286        931        
287        916        
287        932        
288        917        
288        933        
289        917        
289        934        
290        918        
290        934        
291        918        
291        935        
292        919        
292        935        
293        919        
293        936        
294        920        
294        936        
295        920        
295        937        
296        921        
296        937        
297        921        
297        938        
298        922        
298        938        
299        922        
299        939        
300        923        
300        939        
301        923        
301        940        
302        924        
302        940        
303        924        
303        941        
304        925        
304        941        
305        925        
305        942        
306        926        
306        942        
307        926        
307        943        
308        927        
308        943        
309        927        
309        944        
310        928        
310        944        
311        928        
311        945        
312        929        
312        945        
313        929        
313        946        
314        930        
314        946        
315        930        
315        947        
316        931        
316        947        
317        931        
317        948        
318        932        
318        948        
319        932        
319        933        
320        933        
320        964        
321        934        
321        949        
322        935        
322        950        
323        936        
323        951        
324        937        
324        952        
325        938        
325        953        
326        939        
326        954        
327        940        
327        955        
328        941        
328        956        
329        942        
329        957        
330        943        
330        958        
331        944        
331        959        
332        945        
332        960        
333        946        
333        961        
334        947        
334        962        
335        948        
335        963        
336        949        
336        965        
337        949        
337        966        
338        950        
338        966        
339        950        
339        967        
340        951        
340        967        
341        951        
341        968        
342        952        
342        968        
343        952        
343        969        
344        953        
344        969        
345        953        
345        970        
346        954        
346        970        
347        954        
347        971        
348        955        
348        971        
349        955        
349        972        
350        956        
350        972        
351        956        
351        973        
352        957        
352        973        
353        957        
353        974        
354        958        
354        974        
355        958        
355        975        
356        959        
356        975        
357        959        
357        976        
358        960        
358        976        
359        960        
359        977        
360        961        
360        977        
361        961        
361        978        
362        962        
362        978        
363        962        
363        979        
364        963        
364        979        
365        963        
365        980        
366        964        
366        980        
367        964        
367        965        
368        965        
368        981        
369        966        
369        982        
370        967        
370        983        
371        968        
371        984        
372        969        
372        985        
373        970        
373        986        
374        971        
374        987        
375        972        
375        988        
376        973        
376        989        
377        974        
377        990        
378        975        
378        991        
379        976        
379        992        
380        977        
380        993        
381        978        
381        994        
382        979        
382        995        
383        980        
383        996        
384        981        
384        997        
385        981        
385        998        
386        982        
386        998        
387        982        
387        999        
388        983        
388        999        
389        983        
389        1000       
390        984        
390        1000       
391        984        
391        1001       
392        985        
392        1001       
393        985        
393        1002       
394        986        
394        1002       
395        986        
395        1003       
396        987        
396        1003       
397        987        
397        1004       
398        988        
398        1004       
399        988        
399        1005       
400        989        
400        1005       
401        989        
401        1006       
402        990        
402        1006       
403        990        
403        1007       
404        991        
404        1007       
405        991        
405        1008       
406        992        
406        1008       
407        992        
407        1009       
408        993        
408        1009       
409        993        
409        1010       
410        994        
410        1010       
411        994        
411        1011       
412        995        
412        1011       
413        995        
413        1012       
414        996        
414        1012       
415        996        
415        997        
416        997        
416        1028       
417        998        
417        1013       
418        999        
418        1014       
419        1000       
419        1015       
420        1001       
420        1016       
421        1002       
421        1017       
422        1003       
422        1018       
423        1004       
423        1019       
424        1005       
424        1020       
425        1006       
425        1021       
426        1007       
426        1022       
427        1008       
427        1023       
428        1009       
428        1024       
429        1010       
429        1025       
430        1011       
430        1026       
431        1012       
431        1027       
432        1013       
432        1029       
433        1013       
433        1030       
434        1014       
434        1030       
435        1014       
435        1031       
436        1015       
436        1031       
437        1015       
437        1032       
438        1016       
438        1032       
439        1016       
439        1033       
440        1017       
440        1033       
441        1017       
441        1034       
442        1018       
442        1034       
443        1018       
443        1035       
444        1019       
444        1035       
445        1019       
445        1036       
446        1020       
446        1036       
447        1020       
447        1037       
448        1021       
448        1037       
449        1021       
449        1038       
450        1022       
450        1038       
451        1022       
451        1039       
452        1023       
452        1039       
453        1023       
453        1040       
454        1024       
454        1040       
455        1024       
455        1041       
456        1025       
456        1041       
457        1025       
457        1042       
458        1026       
458        1042       
459        1026       
459        1043       
460        1027       
460        1043       
461        1027       
461        1044       
462        1028       
462        1044       
463        1028       
463        1029       
464        1029       
464        1045       
465        1030       
465        1046       
466        1031       
466        1047       
467        1032       
467        1048       
468        1033       
468        1049       
469        1034       
469        1050       
470        1035       
470        1051       
471        1036       
471        1052       
472        1037       
472        1053       
473        1038       
473        1054       
474        1039       
474        1055       
475        1040       
475        1056       
476        1041       
476        1057       
477        1042       
477        1058       
478        1043       
478        1059       
479        1044       
479        1060       
480        1045       
480        1061       
481        1045       
481        1062       
482        1046       
482        1062       
483        1046       
483        1063       
484        1047       
484        1063       
485        1047       
485        1064       
486        1048       
486        1064       
487        1048       
487        1065       
488        1049       
488        1065       
489        1049       
489        1066       
490        1050       
490        1066       
491        1050       
491        1067       
492        1051       
492        1067       
493        1051       
493        1068       
494        1052       
494        1068       
495        1052       
495        1069       
496        1053       
496        1069       
497        1053       
497        1070       
498        1054       
498        1070       
499        1054       
499        1071       
500        1055       
500        1071       
501        1055       
501        1072       
502        1056       
502        1072       
503        1056       
503        1073       
504        1057       
504        1073       
505        1057       
505        1074       
506        1058       
506        1074       
507        1058       
507        1075       
508        1059       
508        1075       
509        1059       
509        1076       
510        1060       
510        1076       
511        1060       
511        1061       
512        1061       
512        1092       
513        1062       
513        1077       
514        1063       
514        1078       
515        1064       
515        1079       
516        1065       
516        1080       
517        1066       
517        1081       
518        1067       
518        1082       
519        1068       
519        1083       
520        1069       
520        1084       
521        1070       
521        1085       
522        1071       
522        1086       
523        1072       
523        1087       
524        1073       
524        1088       
525        1074       
525        1089       
526        1075       
526        1090       
527        1076       
527        1091       
528        1077       
528        1093       
529        1077       
529        1094       
530        1078       
530        1094       
531        1078       
531        1095       
532        1079       
532        1095       
533        1079       
533        1096       
534        1080       
534        1096       
535        1080       
535        1097       
536        1081       
536        1097       
537        1081       
537        1098       
538        1082       
538        1098       
539        1082       
539        1099       
540        1083       
540        1099       
541        1083       
541        1100       
542        1084       
542        1100       
543        1084       
543        1101       
544        1085       
544        1101       
545        1085       
545        1102       
546        1086       
546        1102       
547        1086       
547        1103       
548        1087       
548        1103       
549        1087       
549        1104       
550        1088       
550        1104       
551        1088       
551        1105       
552        1089       
552        1105       
553        1089       
553        1106       
554        1090       
554        1106       
555        1090       
555        1107       
556        1091       
556        1107       
557        1091       
557        1108       
558        1092       
558        1108       
559        1092       
559        1093       
560        1093       
560        1109       
561        1094       
561        1110       
562        1095       
562        1111       
563        1096       
563        1112       
564        1097       
564        1113       
565        1098       
565        1114       
566        1099       
566        1115       
567        1100       
567        1116       
568        1101       
568        1117       
569        1102       
569        1118       
570        1103       
570        1119       
571        1104       
571        1120       
572        1105       
572        1121       
573        1106       
573        1122       
574        1107       
574        1123       
575        1108       
575        1124       
576        1109       
576        1125       
577        1109       
577        1126       
578        1110       
578        1126       
579        1110       
579        1127       
580        1111       
580        1127       
581        1111       
581        1128       
582        1112       
582        1128       
583        1112       
583        1129       
584        1113       
584        1129       
585        1113       
585        1130       
586        1114       
586        1130       
587        1114       
587        1131       
588        1115       
588        1131       
589        1115       
589        1132       
590        1116       
590        1132       
591        1116       
591        1133       
592        1117       
592        1133       
593        1117       
593        1134       
594        1118       
594        1134       
595        1118       
595        1135       
596        1119       
596        1135       
597        1119       
597        1136       
598        1120       
598        1136       
599        1120       
599        1137       
600        1121       
600        1137       
601        1121       
601        1138       
602        1122       
602        1138       
603        1122       
603        1139       
604        1123       
604        1139       
605        1123       
605        1140       
606        1124       
606        1140       
607        1124       
607        1125       
608        1125       
608        1156       
609        1126       
609        1141       
610        1127       
610        1142       
611        1128       
611        1143       
612        1129       
612        1144       
613        1130       
613        1145       
614        1131       
614        1146       
615        1132       
615        1147       
616        1133       
616        1148       
617        1134       
617        1149       
618        1135       
618        1150       
619        1136       
619        1151       
620        1137       
620        1152       
621        1138       
621        1153       
622        1139       
622        1154       
623        1140       
623        1155       
624        1141       
624        1157       
625        1141       
625        1156       
626        1142       
626        1157       
627        1142       
627        1158       
628        1143       
628        1158       
629        1143       
629        1159       
630        1144       
630        1159       
631        1144       
631        1160       
632        1145       
632        1160       
633        1145       
633        1161       
634        1146       
634        1161       
635        1146       
635        1162       
636        1147       
636        1162       
637        1147       
637        1163       
638        1148       
638        1163       
639        1148       
639        1164       
640        1149       
640        1164       
641        1149       
641        1165       
642        1150       
642        1165       
643        1150       
643        1166       
644        1151       
644        1166       
645        1151       
645        1167       
646        1152       
646        1167       
647        1152       
647        1168       
648        1153       
648        1168       
649        1153       
649        1169       
650        1154       
650        1169       
651        1154       
651        1170       
652        1155       
652        1170       
653        1155       
653        1171       
654        1156       
654        1171       
655        1157       
655        1185       
656        1158       
656        1172       
657        1159       
657        1173       
658        1160       
658        1174       
659        1161       
659        1175       
660        1162       
660        1176       
661        1163       
661        1177       
662        1164       
662        1178       
663        1165       
663        1179       
664        1166       
664        1180       
665        1167       
665        1181       
666        1168       
666        1182       
667        1169       
667        1183       
668        1170       
668        1184       
669        1171       
669        1198       
670        1172       
670        1185       
671        1172       
671        1186       
672        1173       
672        1186       
673        1173       
673        1187       
674        1174       
674        1187       
675        1174       
675        1188       
676        1175       
676        1188       
677        1175       
677        1189       
678        1176       
678        1189       
679        1176       
679        1190       
680        1177       
680        1190       
681        1177       
681        1191       
682        1178       
682        1191       
683        1178       
683        1192       
684        1179       
684        1192       
685        1179       
685        1193       
686        1180       
686        1193       
687        1180       
687        1194       
688        1181       
688        1194       
689        1181       
689        1195       
690        1182       
690        1195       
691        1182       
691        1196       
692        1183       
692        1196       
693        1183       
693        1197       
694        1184       
694        1197       
695        1184       
695        1198       
696        1185       
696        1199       
697        1186       
697        1200       
698        1187       
698        1201       
699        1188       
699        1202       
700        1189       
700        1203       
701        1190       
701        1204       
702        1191       
702        1205       
703        1192       
703        1206       
704        1193       
704        1207       
705        1194       
705        1208       
706        1195       
706        1209       
707        1196       
707        1210       
708        1197       
708        1211       
709        1198       
709        1212       
710        1199       
710        1213       
711        1200       
711        1214       
712        1200       
712        1213       
713        1201       
713        1215       
714        1201       
714        1214       
715        1202       
715        1216       
716        1202       
716        1215       
717        1203       
717        1217       
718        1203       
718        1216       
719        1204       
719        1218       
720        1204       
720        1217       
721        1205       
721        1219       
722        1205       
722        1218       
723        1206       
723        1220       
724        1206       
724        1219       
725        1207       
725        1221       
726        1207       
726        1220       
727        1208       
727        1222       
728        1208       
728        1221       
729        1209       
729        1223       
730        1209       
730        1222       
731        1210       
731        1224       
732        1210       
732        1223       
733        1211       
733        1225       
734        1211       
734        1224       
735        1212       
735        1225       
1          2          
1          3          
2          3          
4          5          
4          6          
5          6          
7          8          
7          9          
8          9          
10         11         
10         12         
11         12         
13         14         
13         15         
14         15         
16         17         
16         18         
17         18         
19         20         
19         21         
20         21         
22         23         
22         24         
23         24         
25         26         
25         27         
26         27         
28         29         
28         30         
29         30         
31         32         
31         33         
32         33         
34         35         
34         36         
35         36         
37         38         
37         39         
38         39         
1          40         
1          41         
40         41         
2          4          
2          42         
4          42         
5          7          
5          43         
7          43         
8          10         
8          44         
10         44         
11         13         
11         45         
13         45         
14         16         
14         46         
16         46         
17         19         
17         47         
19         47         
20         22         
20         48         
22         48         
23         25         
23         49         
25         49         
26         28         
26         50         
28         50         
29         31         
29         51         
31         51         
32         34         
32         52         
34         52         
35         37         
35         53         
37         53         
38         54         
38         55         
54         55         
40         56         
40         57         
56         57         
42         58         
42         59         
58         59         
43         60         
43         61         
60         61         
44         62         
44         63         
62         63         
45         64         
45         65         
64         65         
46         66         
46         67         
66         67         
47         68         
47         69         
68         69         
48         70         
48         71         
70         71         
49         72         
49         73         
72         73         
50         74         
50         75         
74         75         
51         76         
51         77         
76         77         
52         78         
52         79         
78         79         
53         80         
53         81         
80         81         
54         82         
54         83         
82         83         
56         58         
56         84         
58         84         
59         60         
59         85         
60         85         
61         62         
61         86         
62         86         
63         64         
63         87         
64         87         
65         66         
65         88         
66         88         
67         68         
67         89         
68         89         
69         70         
69         90         
70         90         
71         72         
71         91         
72         91         
73         74         
73         92         
74         92         
75         76         
75         93         
76         93         
77         78         
77         94         
78         94         
79         80         
79         95         
80         95         
81         82         
81         96         
82         96         
57         97         
57         98         
97         98         
84         99         
84         100        
99         100        
85         101        
85         102        
101        102        
86         103        
86         104        
103        104        
87         105        
87         106        
105        106        
88         107        
88         108        
107        108        
89         109        
89         110        
109        110        
90         111        
90         112        
111        112        
91         113        
91         114        
113        114        
92         115        
92         116        
115        116        
93         117        
93         118        
117        118        
94         119        
94         120        
119        120        
95         121        
95         122        
121        122        
96         123        
96         124        
123        124        
83         125        
83         126        
125        126        
126        127        
126        128        
127        128        
97         128        
97         129        
128        129        
98         99         
98         130        
99         130        
100        101        
100        131        
101        131        
102        103        
102        132        
103        132        
104        105        
104        133        
105        133        
106        107        
106        134        
107        134        
108        109        
108        135        
109        135        
110        111        
110        136        
111        136        
112        113        
112        137        
113        137        
114        115        
114        138        
115        138        
116        117        
116        139        
117        139        
118        119        
118        140        
119        140        
120        121        
120        141        
121        141        
122        123        
122        142        
123        142        
124        125        
124        143        
125        143        
129        144        
129        145        
144        145        
130        146        
130        147        
146        147        
131        148        
131        149        
148        149        
132        150        
132        151        
150        151        
133        152        
133        153        
152        153        
134        154        
134        155        
154        155        
135        156        
135        157        
156        157        
136        158        
136        159        
158        159        
137        160        
137        161        
160        161        
138        162        
138        163        
162        163        
139        164        
139        165        
164        165        
140        166        
140        167        
166        167        
141        168        
141        169        
168        169        
142        170        
142        171        
170        171        
143        172        
143        173        
172        173        
127        174        
127        175        
174        175        
144        175        
144        176        
175        176        
145        146        
145        177        
146        177        
147        148        
147        178        
148        178        
149        150        
149        179        
150        179        
151        152        
151        180        
152        180        
153        154        
153        181        
154        181        
155        156        
155        182        
156        182        
157        158        
157        183        
158        183        
159        160        
159        184        
160        184        
161        162        
161        185        
162        185        
163        164        
163        186        
164        186        
165        166        
165        187        
166        187        
167        168        
167        188        
168        188        
169        170        
169        189        
170        189        
171        172        
171        190        
172        190        
173        174        
173        191        
174        191        
176        192        
176        193        
192        193        
177        194        
177        195        
194        195        
178        196        
178        197        
196        197        
179        198        
179        199        
198        199        
180        200        
180        201        
200        201        
181        202        
181        203        
202        203        
182        204        
182        205        
204        205        
183        206        
183        207        
206        207        
184        208        
184        209        
208        209        
185        210        
185        211        
210        211        
186        212        
186        213        
212        213        
187        214        
187        215        
214        215        
188        216        
188        217        
216        217        
189        218        
189        219        
218        219        
190        220        
190        221        
220        221        
191        222        
191        223        
222        223        
192        223        
192        224        
223        224        
193        194        
193        225        
194        225        
195        196        
195        226        
196        226        
197        198        
197        227        
198        227        
199        200        
199        228        
200        228        
201        202        
201        229        
202        229        
203        204        
203        230        
204        230        
205        206        
205        231        
206        231        
207        208        
207        232        
208        232        
209        210        
209        233        
210        233        
211        212        
211        234        
212        234        
213        214        
213        235        
214        235        
215        216        
215        236        
216        236        
217        218        
217        237        
218        237        
219        220        
219        238        
220        238        
221        222        
221        239        
222        239        
225        240        
225        241        
240        241        
226        242        
226        243        
242        243        
227        244        
227        245        
244        245        
228        246        
228        247        
246        247        
229        248        
229        249        
248        249        
230        250        
230        251        
250        251        
231        252        
231        253        
252        253        
232        254        
232        255        
254        255        
233        256        
233        257        
256        257        
234        258        
234        259        
258        259        
235        260        
235        261        
260        261        
236        262        
236        263        
262        263        
237        264        
237        265        
264        265        
238        266        
238        267        
266        267        
239        268        
239        269        
268        269        
224        270        
224        271        
270        271        
240        271        
240        272        
271        272        
241        242        
241        273        
242        273        
243        244        
243        274        
244        274        
245        246        
245        275        
246        275        
247        248        
247        276        
248        276        
249        250        
249        277        
250        277        
251        252        
251        278        
252        278        
253        254        
253        279        
254        279        
255        256        
255        280        
256        280        
257        258        
257        281        
258        281        
259        260        
259        282        
260        282        
261        262        
261        283        
262        283        
263        264        
263        284        
264        284        
265        266        
265        285        
266        285        
267        268        
267        286        
268        286        
269        270        
269        287        
270        287        
272        288        
272        289        
288        289        
273        290        
273        291        
290        291        
274        292        
274        293        
292        293        
275        294        
275        295        
294        295        
276        296        
276        297        
296        297        
277        298        
277        299        
298        299        
278        300        
278        301        
300        301        
279        302        
279        303        
302        303        
280        304        
280        305        
304        305        
281        306        
281        307        
306        307        
282        308        
282        309        
308        309        
283        310        
283        311        
310        311        
284        312        
284        313        
312        313        
285        314        
285        315        
314        315        
286        316        
286        317        
316        317        
287        318        
287        319        
318        319        
288        319        
288        320        
319        320        
289        290        
289        321        
290        321        
291        292        
291        322        
292        322        
293        294        
293        323        
294        323        
295        296        
295        324        
296        324        
297        298        
297        325        
298        325        
299        300        
299        326        
300        326        
301        302        
301        327        
302        327        
303        304        
303        328        
304        328        
305        306        
305        329        
306        329        
307        308        
307        330        
308        330        
309        310        
309        331        
310        331        
311        312        
311        332        
312        332        
313        314        
313        333        
314        333        
315        316        
315        334        
316        334        
317        318        
317        335        
318        335        
321        336        
321        337        
336        337        
322        338        
322        339        
338        339        
323        340        
323        341        
340        341        
324        342        
324        343        
342        343        
325        344        
325        345        
344        345        
326        346        
326        347        
346        347        
327        348        
327        349        
348        349        
328        350        
328        351        
350        351        
329        352        
329        353        
352        353        
330        354        
330        355        
354        355        
331        356        
331        357        
356        357        
332        358        
332        359        
358        359        
333        360        
333        361        
360        361        
334        362        
334        363        
362        363        
335        364        
335        365        
364        365        
320        366        
320        367        
366        367        
336        367        
336        368        
367        368        
337        338        
337        369        
338        369        
339        340        
339        370        
340        370        
341        342        
341        371        
342        371        
343        344        
343        372        
344        372        
345        346        
345        373        
346        373        
347        348        
347        374        
348        374        
349        350        
349        375        
350        375        
351        352        
351        376        
352        376        
353        354        
353        377        
354        377        
355        356        
355        378        
356        378        
357        358        
357        379        
358        379        
359        360        
359        380        
360        380        
361        362        
361        381        
362        381        
363        364        
363        382        
364        382        
365        366        
365        383        
366        383        
368        384        
368        385        
384        385        
369        386        
369        387        
386        387        
370        388        
370        389        
388        389        
371        390        
371        391        
390        391        
372        392        
372        393        
392        393        
373        394        
373        395        
394        395        
374        396        
374        397        
396        397        
375        398        
375        399        
398        399        
376        400        
376        401        
400        401        
377        402        
377        403        
402        403        
378        404        
378        405        
404        405        
379        406        
379        407        
406        407        
380        408        
380        409        
408        409        
381        410        
381        411        
410        411        
382        412        
382        413        
412        413        
383        414        
383        415        
414        415        
384        415        
384        416        
415        416        
385        386        
385        417        
386        417        
387        388        
387        418        
388        418        
389        390        
389        419        
390        419        
391        392        
391        420        
392        420        
393        394        
393        421        
394        421        
395        396        
395        422        
396        422        
397        398        
397        423        
398        423        
399        400        
399        424        
400        424        
401        402        
401        425        
402        425        
403        404        
403        426        
404        426        
405        406        
405        427        
406        427        
407        408        
407        428        
408        428        
409        410        
409        429        
410        429        
411        412        
411        430        
412        430        
413        414        
413        431        
414        431        
417        432        
417        433        
432        433        
418        434        
418        435        
434        435        
419        436        
419        437        
436        437        
420        438        
420        439        
438        439        
421        440        
421        441        
440        441        
422        442        
422        443        
442        443        
423        444        
423        445        
444        445        
424        446        
424        447        
446        447        
425        448        
425        449        
448        449        
426        450        
426        451        
450        451        
427        452        
427        453        
452        453        
428        454        
428        455        
454        455        
429        456        
429        457        
456        457        
430        458        
430        459        
458        459        
431        460        
431        461        
460        461        
416        462        
416        463        
462        463        
432        463        
432        464        
463        464        
433        434        
433        465        
434        465        
435        436        
435        466        
436        466        
437        438        
437        467        
438        467        
439        440        
439        468        
440        468        
441        442        
441        469        
442        469        
443        444        
443        470        
444        470        
445        446        
445        471        
446        471        
447        448        
447        472        
448        472        
449        450        
449        473        
450        473        
451        452        
451        474        
452        474        
453        454        
453        475        
454        475        
455        456        
455        476        
456        476        
457        458        
457        477        
458        477        
459        460        
459        478        
460        478        
461        462        
461        479        
462        479        
464        480        
464        481        
480        481        
465        482        
465        483        
482        483        
466        484        
466        485        
484        485        
467        486        
467        487        
486        487        
468        488        
468        489        
488        489        
469        490        
469        491        
490        491        
470        492        
470        493        
492        493        
471        494        
471        495        
494        495        
472        496        
472        497        
496        497        
473        498        
473        499        
498        499        
474        500        
474        501        
500        501        
475        502        
475        503        
502        503        
476        504        
476        505        
504        505        
477        506        
477        507        
506        507        
478        508        
478        509        
508        509        
479        510        
479        511        
510        511        
480        511        
480        512        
511        512        
481        482        
481        513        
482        513        
483        484        
483        514        
484        514        
485        486        
485        515        
486        515        
487        488        
487        516        
488        516        
489        490        
489        517        
490        517        
491        492        
491        518        
492        518        
493        494        
493        519        
494        519        
495        496        
495        520        
496        520        
497        498        
497        521        
498        521        
499        500        
499        522        
500        522        
501        502        
501        523        
502        523        
503        504        
503        524        
504        524        
505        506        
505        525        
506        525        
507        508        
507        526        
508        526        
509        510        
509        527        
510        527        
513        528        
513        529        
528        529        
514        530        
514        531        
530        531        
515        532        
515        533        
532        533        
516        534        
516        535        
534        535        
517        536        
517        537        
536        537        
518        538        
518        539        
538        539        
519        540        
519        541        
540        541        
520        542        
520        543        
542        543        
521        544        
521        545        
544        545        
522        546        
522        547        
546        547        
523        548        
523        549        
548        549        
524        550        
524        551        
550        551        
525        552        
525        553        
552        553        
526        554        
526        555        
554        555        
527        556        
527        557        
556        557        
512        558        
512        559        
558        559        
528        559        
528        560        
559        560        
529        530        
529        561        
530        561        
531        532        
531        562        
532        562        
533        534        
533        563        
534        563        
535        536        
535        564        
536        564        
537        538        
537        565        
538        565        
539        540        
539        566        
540        566        
541        542        
541        567        
542        567        
543        544        
543        568        
544        568        
545        546        
545        569        
546        569        
547        548        
547        570        
548        570        
549        550        
549        571        
550        571        
551        552        
551        572        
552        572        
553        554        
553        573        
554        573        
555        556        
555        574        
556        574        
557        558        
557        575        
558        575        
560        576        
560        577        
576        577        
561        578        
561        579        
578        579        
562        580        
562        581        
580        581        
563        582        
563        583        
582        583        
564        584        
564        585        
584        585        
565        586        
565        587        
586        587        
566        588        
566        589        
588        589        
567        590        
567        591        
590        591        
568        592        
568        593        
592        593        
569        594        
569        595        
594        595        
570        596        
570        597        
596        597        
571        598        
571        599        
598        599        
572        600        
572        601        
600        601        
573        602        
573        603        
602        603        
574        604        
574        605        
604        605        
575        606        
575        607        
606        607        
576        607        
576        608        
607        608        
577        578        
577        609        
578        609        
579        580        
579        610        
580        610        
581        582        
581        611        
582        611        
583        584        
583        612        
584        612        
585        586        
585        613        
586        613        
587        588        
587        614        
588        614        
589        590        
589        615        
590        615        
591        592        
591        616        
592        616        
593        594        
593        617        
594        617        
595        596        
595        618        
596        618        
597        598        
597        619        
598        619        
599        600        
599        620        
600        620        
601        602        
601        621        
602        621        
603        604        
603        622        
604        622        
605        606        
605        623        
606        623        
609        624        
609        625        
624        625        
610        626        
610        627        
626        627        
611        628        
611        629        
628        629        
612        630        
612        631        
630        631        
613        632        
613        633        
632        633        
614        634        
614        635        
634        635        
615        636        
615        637        
636        637        
616        638        
616        639        
638        639        
617        640        
617        641        
640        641        
618        642        
618        643        
642        643        
619        644        
619        645        
644        645        
620        646        
620        647        
646        647        
621        648        
621        649        
648        649        
622        650        
622        651        
650        651        
623        652        
623        653        
652        653        
608        625        
608        654        
625        654        
624        626        
624        655        
626        655        
627        628        
627        656        
628        656        
629        630        
629        657        
630        657        
631        632        
631        658        
632        658        
633        634        
633        659        
634        659        
635        636        
635        660        
636        660        
637        638        
637        661        
638        661        
639        640        
639        662        
640        662        
641        642        
641        663        
642        663        
643        644        
643        664        
644        664        
645        646        
645        665        
646        665        
647        648        
647        666        
648        666        
649        650        
649        667        
650        667        
651        652        
651        668        
652        668        
653        654        
653        669        
654        669        
656        670        
656        671        
670        671        
657        672        
657        673        
672        673        
658        674        
658        675        
674        675        
659        676        
659        677        
676        677        
660        678        
660        679        
678        679        
661        680        
661        681        
680        681        
662        682        
662        683        
682        683        
663        684        
663        685        
684        685        
664        686        
664        687        
686        687        
665        688        
665        689        
688        689        
666        690        
666        691        
690        691        
667        692        
667        693        
692        693        
668        694        
668        695        
694        695        
655        670        
655        696        
670        696        
671        672        
671        697        
672        697        
673        674        
673        698        
674        698        
675        676        
675        699        
676        699        
677        678        
677        700        
678        700        
679        680        
679        701        
680        701        
681        682        
681        702        
682        702        
683        684        
683        703        
684        703        
685        686        
685        704        
686        704        
687        688        
687        705        
688        705        
689        690        
689        706        
690        706        
691        692        
691        707        
692        707        
693        694        
693        708        
694        708        
669        695        
669        709        
695        709        
41         696        
41         710        
696        710        
697        711        
697        712        
711        712        
698        713        
698        714        
713        714        
699        715        
699        716        
715        716        
700        717        
700        718        
717        718        
701        719        
701        720        
719        720        
702        721        
702        722        
721        722        
703        723        
703        724        
723        724        
704        725        
704        726        
725        726        
705        727        
705        728        
727        728        
706        729        
706        730        
729        730        
707        731        
707        732        
731        732        
708        733        
708        734        
733        734        
55         709        
55         735        
709        735        
3          710        
3          712        
710        712        
6          711        
6          714        
711        714        
9          713        
9          716        
713        716        
12         715        
12         718        
715        718        
15         717        
15         720        
717        720        
18         719        
18         722        
719        722        
21         721        
21         724        
721        724        
24         723        
24         726        
723        726        
27         725        
27         728        
725        728        
30         727        
30         730        
727        730        
33         729        
33         732        
729        732        
36         731        
36         734        
731        734        
39         733        
39         735        
733        735        
