3060
1          766        
1          782        
2          766        
2          783        
3          766        
3          1261       
4          767        
4          783        
5          767        
5          784        
6          767        
6          1262       
7          768        
7          784        
8          768        
8          785        
9          768        
9          1263       
10         769        
10         785        
11         769        
11         786        
12         769        
12         1264       
13         770        
13         786        
14         770        
14         787        
15         770        
15         1265       
16         771        
16         787        
17         771        
17         788        
18         771        
18         1266       
19         772        
19         788        
20         772        
20         789        
21         772        
21         1267       
22         773        
22         789        
23         773        
23         790        
24         773        
24         1268       
25         774        
25         790        
26         774        
26         791        
27         774        
27         1269       
28         775        
28         791        
29         775        
29         792        
30         775        
30         1270       
31         776        
31         792        
32         776        
32         793        
33         776        
33         1271       
34         777        
34         793        
35         777        
35         794        
36         777        
36         1272       
37         778        
37         794        
38         778        
38         795        
39         778        
39         1273       
40         779        
40         795        
41         779        
41         796        
42         779        
42         1274       
43         780        
43         1275       
44         780        
44         796        
45         780        
45         781        
46         781        
46         812        
47         781        
47         782        
48         782        
48         797        
49         783        
49         798        
50         784        
50         799        
51         785        
51         800        
52         786        
52         801        
53         787        
53         802        
54         788        
54         803        
55         789        
55         804        
56         790        
56         805        
57         791        
57         806        
58         792        
58         807        
59         793        
59         808        
60         794        
60         809        
61         795        
61         810        
62         796        
62         811        
63         797        
63         813        
64         797        
64         814        
65         798        
65         814        
66         798        
66         815        
67         799        
67         815        
68         799        
68         816        
69         800        
69         816        
70         800        
70         817        
71         801        
71         817        
72         801        
72         818        
73         802        
73         818        
74         802        
74         819        
75         803        
75         819        
76         803        
76         820        
77         804        
77         820        
78         804        
78         821        
79         805        
79         821        
80         805        
80         822        
81         806        
81         822        
82         806        
82         823        
83         807        
83         823        
84         807        
84         824        
85         808        
85         824        
86         808        
86         825        
87         809        
87         825        
88         809        
88         826        
89         810        
89         826        
90         810        
90         827        
91         811        
91         827        
92         811        
92         828        
93         812        
93         828        
94         812        
94         813        
95         813        
95         829        
96         814        
96         830        
97         815        
97         831        
98         816        
98         832        
99         817        
99         833        
100        818        
100        834        
101        819        
101        835        
102        820        
102        836        
103        821        
103        837        
104        822        
104        838        
105        823        
105        839        
106        824        
106        840        
107        825        
107        841        
108        826        
108        842        
109        827        
109        843        
110        828        
110        844        
111        829        
111        845        
112        829        
112        846        
113        830        
113        846        
114        830        
114        847        
115        831        
115        847        
116        831        
116        848        
117        832        
117        848        
118        832        
118        849        
119        833        
119        849        
120        833        
120        850        
121        834        
121        850        
122        834        
122        851        
123        835        
123        851        
124        835        
124        852        
125        836        
125        852        
126        836        
126        853        
127        837        
127        853        
128        837        
128        854        
129        838        
129        854        
130        838        
130        855        
131        839        
131        855        
132        839        
132        856        
133        840        
133        856        
134        840        
134        857        
135        841        
135        857        
136        841        
136        858        
137        842        
137        858        
138        842        
138        859        
139        843        
139        859        
140        843        
140        860        
141        844        
141        860        
142        844        
142        845        
143        845        
143        876        
144        846        
144        861        
145        847        
145        862        
146        848        
146        863        
147        849        
147        864        
148        850        
148        865        
149        851        
149        866        
150        852        
150        867        
151        853        
151        868        
152        854        
152        869        
153        855        
153        870        
154        856        
154        871        
155        857        
155        872        
156        858        
156        873        
157        859        
157        874        
158        860        
158        875        
159        861        
159        877        
160        861        
160        878        
161        862        
161        878        
162        862        
162        879        
163        863        
163        879        
164        863        
164        880        
165        864        
165        880        
166        864        
166        881        
167        865        
167        881        
168        865        
168        882        
169        866        
169        882        
170        866        
170        883        
171        867        
171        883        
172        867        
172        884        
173        868        
173        884        
174        868        
174        885        
175        869        
175        885        
176        869        
176        886        
177        870        
177        886        
178        870        
178        887        
179        871        
179        887        
180        871        
180        888        
181        872        
181        888        
182        872        
182        889        
183        873        
183        889        
184        873        
184        890        
185        874        
185        890        
186        874        
186        891        
187        875        
187        891        
188        875        
188        892        
189        876        
189        892        
190        876        
190        877        
191        877        
191        893        
192        878        
192        894        
193        879        
193        895        
194        880        
194        896        
195        881        
195        897        
196        882        
196        898        
197        883        
197        899        
198        884        
198        900        
199        885        
199        901        
200        886        
200        902        
201        887        
201        903        
202        888        
202        904        
203        889        
203        905        
204        890        
204        906        
205        891        
205        907        
206        892        
206        908        
207        893        
207        909        
208        893        
208        910        
209        894        
209        910        
210        894        
210        911        
211        895        
211        911        
212        895        
212        912        
213        896        
213        912        
214        896        
214        913        
215        897        
215        913        
216        897        
216        914        
217        898        
217        914        
218        898        
218        915        
219        899        
219        915        
220        899        
220        916        
221        900        
221        916        
222        900        
222        917        
223        901        
223        917        
224        901        
224        918        
225        902        
225        918        
226        902        
226        919        
227        903        
227        919        
228        903        
228        920        
229        904        
229        920        
230        904        
230        921        
231        905        
231        921        
232        905        
232        922        
233        906        
233        922        
234        906        
234        923        
235        907        
235        923        
236        907        
236        924        
237        908        
237        924        
238        908        
238        909        
239        909        
239        940        
240        910        
240        925        
241        911        
241        926        
242        912        
242        927        
243        913        
243        928        
244        914        
244        929        
245        915        
245        930        
246        916        
246        931        
247        917        
247        932        
248        918        
248        933        
249        919        
249        934        
250        920        
250        935        
251        921        
251        936        
252        922        
252        937        
253        923        
253        938        
254        924        
254        939        
255        925        
255        941        
256        925        
256        942        
257        926        
257        942        
258        926        
258        943        
259        927        
259        943        
260        927        
260        944        
261        928        
261        944        
262        928        
262        945        
263        929        
263        945        
264        929        
264        946        
265        930        
265        946        
266        930        
266        947        
267        931        
267        947        
268        931        
268        948        
269        932        
269        948        
270        932        
270        949        
271        933        
271        949        
272        933        
272        950        
273        934        
273        950        
274        934        
274        951        
275        935        
275        951        
276        935        
276        952        
277        936        
277        952        
278        936        
278        953        
279        937        
279        953        
280        937        
280        954        
281        938        
281        954        
282        938        
282        955        
283        939        
283        955        
284        939        
284        956        
285        940        
285        956        
286        940        
286        941        
287        941        
287        957        
288        942        
288        958        
289        943        
289        959        
290        944        
290        960        
291        945        
291        961        
292        946        
292        962        
293        947        
293        963        
294        948        
294        964        
295        949        
295        965        
296        950        
296        966        
297        951        
297        967        
298        952        
298        968        
299        953        
299        969        
300        954        
300        970        
301        955        
301        971        
302        956        
302        972        
303        957        
303        973        
304        957        
304        974        
305        958        
305        974        
306        958        
306        975        
307        959        
307        975        
308        959        
308        976        
309        960        
309        976        
310        960        
310        977        
311        961        
311        977        
312        961        
312        978        
313        962        
313        978        
314        962        
314        979        
315        963        
315        979        
316        963        
316        980        
317        964        
317        980        
318        964        
318        981        
319        965        
319        981        
320        965        
320        982        
321        966        
321        982        
322        966        
322        983        
323        967        
323        983        
324        967        
324        984        
325        968        
325        984        
326        968        
326        985        
327        969        
327        985        
328        969        
328        986        
329        970        
329        986        
330        970        
330        987        
331        971        
331        987        
332        971        
332        988        
333        972        
333        988        
334        972        
334        973        
335        973        
335        1004       
336        974        
336        989        
337        975        
337        990        
338        976        
338        991        
339        977        
339        992        
340        978        
340        993        
341        979        
341        994        
342        980        
342        995        
343        981        
343        996        
344        982        
344        997        
345        983        
345        998        
346        984        
346        999        
347        985        
347        1000       
348        986        
348        1001       
349        987        
349        1002       
350        988        
350        1003       
351        989        
351        1005       
352        989        
352        1006       
353        990        
353        1006       
354        990        
354        1007       
355        991        
355        1007       
356        991        
356        1008       
357        992        
357        1008       
358        992        
358        1009       
359        993        
359        1009       
360        993        
360        1010       
361        994        
361        1010       
362        994        
362        1011       
363        995        
363        1011       
364        995        
364        1012       
365        996        
365        1012       
366        996        
366        1013       
367        997        
367        1013       
368        997        
368        1014       
369        998        
369        1014       
370        998        
370        1015       
371        999        
371        1015       
372        999        
372        1016       
373        1000       
373        1016       
374        1000       
374        1017       
375        1001       
375        1017       
376        1001       
376        1018       
377        1002       
377        1018       
378        1002       
378        1019       
379        1003       
379        1019       
380        1003       
380        1020       
381        1004       
381        1020       
382        1004       
382        1005       
383        1005       
383        1021       
384        1006       
384        1022       
385        1007       
385        1023       
386        1008       
386        1024       
387        1009       
387        1025       
388        1010       
388        1026       
389        1011       
389        1027       
390        1012       
390        1028       
391        1013       
391        1029       
392        1014       
392        1030       
393        1015       
393        1031       
394        1016       
394        1032       
395        1017       
395        1033       
396        1018       
396        1034       
397        1019       
397        1035       
398        1020       
398        1036       
399        1021       
399        1037       
400        1021       
400        1038       
401        1022       
401        1038       
402        1022       
402        1039       
403        1023       
403        1039       
404        1023       
404        1040       
405        1024       
405        1040       
406        1024       
406        1041       
407        1025       
407        1041       
408        1025       
408        1042       
409        1026       
409        1042       
410        1026       
410        1043       
411        1027       
411        1043       
412        1027       
412        1044       
413        1028       
413        1044       
414        1028       
414        1045       
415        1029       
415        1045       
416        1029       
416        1046       
417        1030       
417        1046       
418        1030       
418        1047       
419        1031       
419        1047       
420        1031       
420        1048       
421        1032       
421        1048       
422        1032       
422        1049       
423        1033       
423        1049       
424        1033       
424        1050       
425        1034       
425        1050       
426        1034       
426        1051       
427        1035       
427        1051       
428        1035       
428        1052       
429        1036       
429        1052       
430        1036       
430        1037       
431        1037       
431        1068       
432        1038       
432        1053       
433        1039       
433        1054       
434        1040       
434        1055       
435        1041       
435        1056       
436        1042       
436        1057       
437        1043       
437        1058       
438        1044       
438        1059       
439        1045       
439        1060       
440        1046       
440        1061       
441        1047       
441        1062       
442        1048       
442        1063       
443        1049       
443        1064       
444        1050       
444        1065       
445        1051       
445        1066       
446        1052       
446        1067       
447        1053       
447        1069       
448        1053       
448        1070       
449        1054       
449        1070       
450        1054       
450        1071       
451        1055       
451        1071       
452        1055       
452        1072       
453        1056       
453        1072       
454        1056       
454        1073       
455        1057       
455        1073       
456        1057       
456        1074       
457        1058       
457        1074       
458        1058       
458        1075       
459        1059       
459        1075       
460        1059       
460        1076       
461        1060       
461        1076       
462        1060       
462        1077       
463        1061       
463        1077       
464        1061       
464        1078       
465        1062       
465        1078       
466        1062       
466        1079       
467        1063       
467        1079       
468        1063       
468        1080       
469        1064       
469        1080       
470        1064       
470        1081       
471        1065       
471        1081       
472        1065       
472        1082       
473        1066       
473        1082       
474        1066       
474        1083       
475        1067       
475        1083       
476        1067       
476        1084       
477        1068       
477        1084       
478        1068       
478        1069       
479        1069       
479        1085       
480        1070       
480        1086       
481        1071       
481        1087       
482        1072       
482        1088       
483        1073       
483        1089       
484        1074       
484        1090       
485        1075       
485        1091       
486        1076       
486        1092       
487        1077       
487        1093       
488        1078       
488        1094       
489        1079       
489        1095       
490        1080       
490        1096       
491        1081       
491        1097       
492        1082       
492        1098       
493        1083       
493        1099       
494        1084       
494        1100       
495        1085       
495        1101       
496        1085       
496        1102       
497        1086       
497        1102       
498        1086       
498        1103       
499        1087       
499        1103       
500        1087       
500        1104       
501        1088       
501        1104       
502        1088       
502        1105       
503        1089       
503        1105       
504        1089       
504        1106       
505        1090       
505        1106       
506        1090       
506        1107       
507        1091       
507        1107       
508        1091       
508        1108       
509        1092       
509        1108       
510        1092       
510        1109       
511        1093       
511        1109       
512        1093       
512        1110       
513        1094       
513        1110       
514        1094       
514        1111       
515        1095       
515        1111       
516        1095       
516        1112       
517        1096       
517        1112       
518        1096       
518        1113       
519        1097       
519        1113       
520        1097       
520        1114       
521        1098       
521        1114       
522        1098       
522        1115       
523        1099       
523        1115       
524        1099       
524        1116       
525        1100       
525        1116       
526        1100       
526        1101       
527        1101       
527        1132       
528        1102       
528        1117       
529        1103       
529        1118       
530        1104       
530        1119       
531        1105       
531        1120       
532        1106       
532        1121       
533        1107       
533        1122       
534        1108       
534        1123       
535        1109       
535        1124       
536        1110       
536        1125       
537        1111       
537        1126       
538        1112       
538        1127       
539        1113       
539        1128       
540        1114       
540        1129       
541        1115       
541        1130       
542        1116       
542        1131       
543        1117       
543        1133       
544        1117       
544        1134       
545        1118       
545        1134       
546        1118       
546        1135       
547        1119       
547        1135       
548        1119       
548        1136       
549        1120       
549        1136       
550        1120       
550        1137       
551        1121       
551        1137       
552        1121       
552        1138       
553        1122       
553        1138       
554        1122       
554        1139       
555        1123       
555        1139       
556        1123       
556        1140       
557        1124       
557        1140       
558        1124       
558        1141       
559        1125       
559        1141       
560        1125       
560        1142       
561        1126       
561        1142       
562        1126       
562        1143       
563        1127       
563        1143       
564        1127       
564        1144       
565        1128       
565        1144       
566        1128       
566        1145       
567        1129       
567        1145       
568        1129       
568        1146       
569        1130       
569        1146       
570        1130       
570        1147       
571        1131       
571        1147       
572        1131       
572        1148       
573        1132       
573        1148       
574        1132       
574        1133       
575        1133       
575        1149       
576        1134       
576        1150       
577        1135       
577        1151       
578        1136       
578        1152       
579        1137       
579        1153       
580        1138       
580        1154       
581        1139       
581        1155       
582        1140       
582        1156       
583        1141       
583        1157       
584        1142       
584        1158       
585        1143       
585        1159       
586        1144       
586        1160       
587        1145       
587        1161       
588        1146       
588        1162       
589        1147       
589        1163       
590        1148       
590        1164       
591        1149       
591        1165       
592        1149       
592        1166       
593        1150       
593        1166       
594        1150       
594        1167       
595        1151       
595        1167       
596        1151       
596        1168       
597        1152       
597        1168       
598        1152       
598        1169       
599        1153       
599        1169       
600        1153       
600        1170       
601        1154       
601        1170       
602        1154       
602        1171       
603        1155       
603        1171       
604        1155       
604        1172       
605        1156       
605        1172       
606        1156       
606        1173       
607        1157       
607        1173       
608        1157       
608        1174       
609        1158       
609        1174       
610        1158       
610        1175       
611        1159       
611        1175       
612        1159       
612        1176       
613        1160       
613        1176       
614        1160       
614        1177       
615        1161       
615        1177       
616        1161       
616        1178       
617        1162       
617        1178       
618        1162       
618        1179       
619        1163       
619        1179       
620        1163       
620        1180       
621        1164       
621        1180       
622        1164       
622        1165       
623        1165       
623        1196       
624        1166       
624        1181       
625        1167       
625        1182       
626        1168       
626        1183       
627        1169       
627        1184       
628        1170       
628        1185       
629        1171       
629        1186       
630        1172       
630        1187       
631        1173       
631        1188       
632        1174       
632        1189       
633        1175       
633        1190       
634        1176       
634        1191       
635        1177       
635        1192       
636        1178       
636        1193       
637        1179       
637        1194       
638        1180       
638        1195       
639        1181       
639        1197       
640        1181       
640        1198       
641        1182       
641        1198       
642        1182       
642        1199       
643        1183       
643        1199       
644        1183       
644        1200       
645        1184       
645        1200       
646        1184       
646        1201       
647        1185       
647        1201       
648        1185       
648        1202       
649        1186       
649        1202       
650        1186       
650        1203       
651        1187       
651        1203       
652        1187       
652        1204       
653        1188       
653        1204       
654        1188       
654        1205       
655        1189       
655        1205       
656        1189       
656        1206       
657        1190       
657        1206       
658        1190       
658        1207       
659        1191       
659        1207       
660        1191       
660        1208       
661        1192       
661        1208       
662        1192       
662        1209       
663        1193       
663        1209       
664        1193       
664        1210       
665        1194       
665        1210       
666        1194       
666        1211       
667        1195       
667        1211       
668        1195       
668        1212       
669        1196       
669        1212       
670        1196       
670        1197       
671        1197       
671        1213       
672        1198       
672        1214       
673        1199       
673        1215       
674        1200       
674        1216       
675        1201       
675        1217       
676        1202       
676        1218       
677        1203       
677        1219       
678        1204       
678        1220       
679        1205       
679        1221       
680        1206       
680        1222       
681        1207       
681        1223       
682        1208       
682        1224       
683        1209       
683        1225       
684        1210       
684        1226       
685        1211       
685        1227       
686        1212       
686        1228       
687        1213       
687        1229       
688        1213       
688        1230       
689        1214       
689        1230       
690        1214       
690        1231       
691        1215       
691        1231       
692        1215       
692        1232       
693        1216       
693        1232       
694        1216       
694        1233       
695        1217       
695        1233       
696        1217       
696        1234       
697        1218       
697        1234       
698        1218       
698        1235       
699        1219       
699        1235       
700        1219       
700        1236       
701        1220       
701        1236       
702        1220       
702        1237       
703        1221       
703        1237       
704        1221       
704        1238       
705        1222       
705        1238       
706        1222       
706        1239       
707        1223       
707        1239       
708        1223       
708        1240       
709        1224       
709        1240       
710        1224       
710        1241       
711        1225       
711        1241       
712        1225       
712        1242       
713        1226       
713        1242       
714        1226       
714        1243       
715        1227       
715        1243       
716        1227       
716        1244       
717        1228       
717        1244       
718        1228       
718        1229       
719        1229       
719        1260       
720        1230       
720        1245       
721        1231       
721        1246       
722        1232       
722        1247       
723        1233       
723        1248       
724        1234       
724        1249       
725        1235       
725        1250       
726        1236       
726        1251       
727        1237       
727        1252       
728        1238       
728        1253       
729        1239       
729        1254       
730        1240       
730        1255       
731        1241       
731        1256       
732        1242       
732        1257       
733        1243       
733        1258       
734        1244       
734        1259       
735        1245       
735        1261       
736        1245       
736        1260       
737        1246       
737        1262       
738        1246       
738        1261       
739        1247       
739        1263       
740        1247       
740        1262       
741        1248       
741        1264       
742        1248       
742        1263       
743        1249       
743        1265       
744        1249       
744        1264       
745        1250       
745        1266       
746        1250       
746        1265       
747        1251       
747        1267       
748        1251       
748        1266       
749        1252       
749        1268       
750        1252       
750        1267       
751        1253       
751        1269       
752        1253       
752        1268       
753        1254       
753        1270       
754        1254       
754        1269       
755        1255       
755        1271       
756        1255       
756        1270       
757        1256       
757        1272       
758        1256       
758        1271       
759        1257       
759        1273       
760        1257       
760        1272       
761        1258       
761        1274       
762        1258       
762        1273       
763        1259       
763        1275       
764        1259       
764        1274       
765        1260       
765        1275       
1          2          
1          3          
2          3          
4          5          
4          6          
5          6          
7          8          
7          9          
8          9          
10         11         
10         12         
11         12         
13         14         
13         15         
14         15         
16         17         
16         18         
17         18         
19         20         
19         21         
20         21         
22         23         
22         24         
23         24         
25         26         
25         27         
26         27         
28         29         
28         30         
29         30         
31         32         
31         33         
32         33         
34         35         
34         36         
35         36         
37         38         
37         39         
38         39         
40         41         
40         42         
41         42         
43         44         
43         45         
44         45         
45         46         
45         47         
46         47         
1          47         
1          48         
47         48         
2          4          
2          49         
4          49         
5          7          
5          50         
7          50         
8          10         
8          51         
10         51         
11         13         
11         52         
13         52         
14         16         
14         53         
16         53         
17         19         
17         54         
19         54         
20         22         
20         55         
22         55         
23         25         
23         56         
25         56         
26         28         
26         57         
28         57         
29         31         
29         58         
31         58         
32         34         
32         59         
34         59         
35         37         
35         60         
37         60         
38         40         
38         61         
40         61         
41         44         
41         62         
44         62         
48         63         
48         64         
63         64         
49         65         
49         66         
65         66         
50         67         
50         68         
67         68         
51         69         
51         70         
69         70         
52         71         
52         72         
71         72         
53         73         
53         74         
73         74         
54         75         
54         76         
75         76         
55         77         
55         78         
77         78         
56         79         
56         80         
79         80         
57         81         
57         82         
81         82         
58         83         
58         84         
83         84         
59         85         
59         86         
85         86         
60         87         
60         88         
87         88         
61         89         
61         90         
89         90         
62         91         
62         92         
91         92         
46         93         
46         94         
93         94         
63         94         
63         95         
94         95         
64         65         
64         96         
65         96         
66         67         
66         97         
67         97         
68         69         
68         98         
69         98         
70         71         
70         99         
71         99         
72         73         
72         100        
73         100        
74         75         
74         101        
75         101        
76         77         
76         102        
77         102        
78         79         
78         103        
79         103        
80         81         
80         104        
81         104        
82         83         
82         105        
83         105        
84         85         
84         106        
85         106        
86         87         
86         107        
87         107        
88         89         
88         108        
89         108        
90         91         
90         109        
91         109        
92         93         
92         110        
93         110        
95         111        
95         112        
111        112        
96         113        
96         114        
113        114        
97         115        
97         116        
115        116        
98         117        
98         118        
117        118        
99         119        
99         120        
119        120        
100        121        
100        122        
121        122        
101        123        
101        124        
123        124        
102        125        
102        126        
125        126        
103        127        
103        128        
127        128        
104        129        
104        130        
129        130        
105        131        
105        132        
131        132        
106        133        
106        134        
133        134        
107        135        
107        136        
135        136        
108        137        
108        138        
137        138        
109        139        
109        140        
139        140        
110        141        
110        142        
141        142        
111        142        
111        143        
142        143        
112        113        
112        144        
113        144        
114        115        
114        145        
115        145        
116        117        
116        146        
117        146        
118        119        
118        147        
119        147        
120        121        
120        148        
121        148        
122        123        
122        149        
123        149        
124        125        
124        150        
125        150        
126        127        
126        151        
127        151        
128        129        
128        152        
129        152        
130        131        
130        153        
131        153        
132        133        
132        154        
133        154        
134        135        
134        155        
135        155        
136        137        
136        156        
137        156        
138        139        
138        157        
139        157        
140        141        
140        158        
141        158        
144        159        
144        160        
159        160        
145        161        
145        162        
161        162        
146        163        
146        164        
163        164        
147        165        
147        166        
165        166        
148        167        
148        168        
167        168        
149        169        
149        170        
169        170        
150        171        
150        172        
171        172        
151        173        
151        174        
173        174        
152        175        
152        176        
175        176        
153        177        
153        178        
177        178        
154        179        
154        180        
179        180        
155        181        
155        182        
181        182        
156        183        
156        184        
183        184        
157        185        
157        186        
185        186        
158        187        
158        188        
187        188        
143        189        
143        190        
189        190        
159        190        
159        191        
190        191        
160        161        
160        192        
161        192        
162        163        
162        193        
163        193        
164        165        
164        194        
165        194        
166        167        
166        195        
167        195        
168        169        
168        196        
169        196        
170        171        
170        197        
171        197        
172        173        
172        198        
173        198        
174        175        
174        199        
175        199        
176        177        
176        200        
177        200        
178        179        
178        201        
179        201        
180        181        
180        202        
181        202        
182        183        
182        203        
183        203        
184        185        
184        204        
185        204        
186        187        
186        205        
187        205        
188        189        
188        206        
189        206        
191        207        
191        208        
207        208        
192        209        
192        210        
209        210        
193        211        
193        212        
211        212        
194        213        
194        214        
213        214        
195        215        
195        216        
215        216        
196        217        
196        218        
217        218        
197        219        
197        220        
219        220        
198        221        
198        222        
221        222        
199        223        
199        224        
223        224        
200        225        
200        226        
225        226        
201        227        
201        228        
227        228        
202        229        
202        230        
229        230        
203        231        
203        232        
231        232        
204        233        
204        234        
233        234        
205        235        
205        236        
235        236        
206        237        
206        238        
237        238        
207        238        
207        239        
238        239        
208        209        
208        240        
209        240        
210        211        
210        241        
211        241        
212        213        
212        242        
213        242        
214        215        
214        243        
215        243        
216        217        
216        244        
217        244        
218        219        
218        245        
219        245        
220        221        
220        246        
221        246        
222        223        
222        247        
223        247        
224        225        
224        248        
225        248        
226        227        
226        249        
227        249        
228        229        
228        250        
229        250        
230        231        
230        251        
231        251        
232        233        
232        252        
233        252        
234        235        
234        253        
235        253        
236        237        
236        254        
237        254        
240        255        
240        256        
255        256        
241        257        
241        258        
257        258        
242        259        
242        260        
259        260        
243        261        
243        262        
261        262        
244        263        
244        264        
263        264        
245        265        
245        266        
265        266        
246        267        
246        268        
267        268        
247        269        
247        270        
269        270        
248        271        
248        272        
271        272        
249        273        
249        274        
273        274        
250        275        
250        276        
275        276        
251        277        
251        278        
277        278        
252        279        
252        280        
279        280        
253        281        
253        282        
281        282        
254        283        
254        284        
283        284        
239        285        
239        286        
285        286        
255        286        
255        287        
286        287        
256        257        
256        288        
257        288        
258        259        
258        289        
259        289        
260        261        
260        290        
261        290        
262        263        
262        291        
263        291        
264        265        
264        292        
265        292        
266        267        
266        293        
267        293        
268        269        
268        294        
269        294        
270        271        
270        295        
271        295        
272        273        
272        296        
273        296        
274        275        
274        297        
275        297        
276        277        
276        298        
277        298        
278        279        
278        299        
279        299        
280        281        
280        300        
281        300        
282        283        
282        301        
283        301        
284        285        
284        302        
285        302        
287        303        
287        304        
303        304        
288        305        
288        306        
305        306        
289        307        
289        308        
307        308        
290        309        
290        310        
309        310        
291        311        
291        312        
311        312        
292        313        
292        314        
313        314        
293        315        
293        316        
315        316        
294        317        
294        318        
317        318        
295        319        
295        320        
319        320        
296        321        
296        322        
321        322        
297        323        
297        324        
323        324        
298        325        
298        326        
325        326        
299        327        
299        328        
327        328        
300        329        
300        330        
329        330        
301        331        
301        332        
331        332        
302        333        
302        334        
333        334        
303        334        
303        335        
334        335        
304        305        
304        336        
305        336        
306        307        
306        337        
307        337        
308        309        
308        338        
309        338        
310        311        
310        339        
311        339        
312        313        
312        340        
313        340        
314        315        
314        341        
315        341        
316        317        
316        342        
317        342        
318        319        
318        343        
319        343        
320        321        
320        344        
321        344        
322        323        
322        345        
323        345        
324        325        
324        346        
325        346        
326        327        
326        347        
327        347        
328        329        
328        348        
329        348        
330        331        
330        349        
331        349        
332        333        
332        350        
333        350        
336        351        
336        352        
351        352        
337        353        
337        354        
353        354        
338        355        
338        356        
355        356        
339        357        
339        358        
357        358        
340        359        
340        360        
359        360        
341        361        
341        362        
361        362        
342        363        
342        364        
363        364        
343        365        
343        366        
365        366        
344        367        
344        368        
367        368        
345        369        
345        370        
369        370        
346        371        
346        372        
371        372        
347        373        
347        374        
373        374        
348        375        
348        376        
375        376        
349        377        
349        378        
377        378        
350        379        
350        380        
379        380        
335        381        
335        382        
381        382        
351        382        
351        383        
382        383        
352        353        
352        384        
353        384        
354        355        
354        385        
355        385        
356        357        
356        386        
357        386        
358        359        
358        387        
359        387        
360        361        
360        388        
361        388        
362        363        
362        389        
363        389        
364        365        
364        390        
365        390        
366        367        
366        391        
367        391        
368        369        
368        392        
369        392        
370        371        
370        393        
371        393        
372        373        
372        394        
373        394        
374        375        
374        395        
375        395        
376        377        
376        396        
377        396        
378        379        
378        397        
379        397        
380        381        
380        398        
381        398        
383        399        
383        400        
399        400        
384        401        
384        402        
401        402        
385        403        
385        404        
403        404        
386        405        
386        406        
405        406        
387        407        
387        408        
407        408        
388        409        
388        410        
409        410        
389        411        
389        412        
411        412        
390        413        
390        414        
413        414        
391        415        
391        416        
415        416        
392        417        
392        418        
417        418        
393        419        
393        420        
419        420        
394        421        
394        422        
421        422        
395        423        
395        424        
423        424        
396        425        
396        426        
425        426        
397        427        
397        428        
427        428        
398        429        
398        430        
429        430        
399        430        
399        431        
430        431        
400        401        
400        432        
401        432        
402        403        
402        433        
403        433        
404        405        
404        434        
405        434        
406        407        
406        435        
407        435        
408        409        
408        436        
409        436        
410        411        
410        437        
411        437        
412        413        
412        438        
413        438        
414        415        
414        439        
415        439        
416        417        
416        440        
417        440        
418        419        
418        441        
419        441        
420        421        
420        442        
421        442        
422        423        
422        443        
423        443        
424        425        
424        444        
425        444        
426        427        
426        445        
427        445        
428        429        
428        446        
429        446        
432        447        
432        448        
447        448        
433        449        
433        450        
449        450        
434        451        
434        452        
451        452        
435        453        
435        454        
453        454        
436        455        
436        456        
455        456        
437        457        
437        458        
457        458        
438        459        
438        460        
459        460        
439        461        
439        462        
461        462        
440        463        
440        464        
463        464        
441        465        
441        466        
465        466        
442        467        
442        468        
467        468        
443        469        
443        470        
469        470        
444        471        
444        472        
471        472        
445        473        
445        474        
473        474        
446        475        
446        476        
475        476        
431        477        
431        478        
477        478        
447        478        
447        479        
478        479        
448        449        
448        480        
449        480        
450        451        
450        481        
451        481        
452        453        
452        482        
453        482        
454        455        
454        483        
455        483        
456        457        
456        484        
457        484        
458        459        
458        485        
459        485        
460        461        
460        486        
461        486        
462        463        
462        487        
463        487        
464        465        
464        488        
465        488        
466        467        
466        489        
467        489        
468        469        
468        490        
469        490        
470        471        
470        491        
471        491        
472        473        
472        492        
473        492        
474        475        
474        493        
475        493        
476        477        
476        494        
477        494        
479        495        
479        496        
495        496        
480        497        
480        498        
497        498        
481        499        
481        500        
499        500        
482        501        
482        502        
501        502        
483        503        
483        504        
503        504        
484        505        
484        506        
505        506        
485        507        
485        508        
507        508        
486        509        
486        510        
509        510        
487        511        
487        512        
511        512        
488        513        
488        514        
513        514        
489        515        
489        516        
515        516        
490        517        
490        518        
517        518        
491        519        
491        520        
519        520        
492        521        
492        522        
521        522        
493        523        
493        524        
523        524        
494        525        
494        526        
525        526        
495        526        
495        527        
526        527        
496        497        
496        528        
497        528        
498        499        
498        529        
499        529        
500        501        
500        530        
501        530        
502        503        
502        531        
503        531        
504        505        
504        532        
505        532        
506        507        
506        533        
507        533        
508        509        
508        534        
509        534        
510        511        
510        535        
511        535        
512        513        
512        536        
513        536        
514        515        
514        537        
515        537        
516        517        
516        538        
517        538        
518        519        
518        539        
519        539        
520        521        
520        540        
521        540        
522        523        
522        541        
523        541        
524        525        
524        542        
525        542        
528        543        
528        544        
543        544        
529        545        
529        546        
545        546        
530        547        
530        548        
547        548        
531        549        
531        550        
549        550        
532        551        
532        552        
551        552        
533        553        
533        554        
553        554        
534        555        
534        556        
555        556        
535        557        
535        558        
557        558        
536        559        
536        560        
559        560        
537        561        
537        562        
561        562        
538        563        
538        564        
563        564        
539        565        
539        566        
565        566        
540        567        
540        568        
567        568        
541        569        
541        570        
569        570        
542        571        
542        572        
571        572        
527        573        
527        574        
573        574        
543        574        
543        575        
574        575        
544        545        
544        576        
545        576        
546        547        
546        577        
547        577        
548        549        
548        578        
549        578        
550        551        
550        579        
551        579        
552        553        
552        580        
553        580        
554        555        
554        581        
555        581        
556        557        
556        582        
557        582        
558        559        
558        583        
559        583        
560        561        
560        584        
561        584        
562        563        
562        585        
563        585        
564        565        
564        586        
565        586        
566        567        
566        587        
567        587        
568        569        
568        588        
569        588        
570        571        
570        589        
571        589        
572        573        
572        590        
573        590        
575        591        
575        592        
591        592        
576        593        
576        594        
593        594        
577        595        
577        596        
595        596        
578        597        
578        598        
597        598        
579        599        
579        600        
599        600        
580        601        
580        602        
601        602        
581        603        
581        604        
603        604        
582        605        
582        606        
605        606        
583        607        
583        608        
607        608        
584        609        
584        610        
609        610        
585        611        
585        612        
611        612        
586        613        
586        614        
613        614        
587        615        
587        616        
615        616        
588        617        
588        618        
617        618        
589        619        
589        620        
619        620        
590        621        
590        622        
621        622        
591        622        
591        623        
622        623        
592        593        
592        624        
593        624        
594        595        
594        625        
595        625        
596        597        
596        626        
597        626        
598        599        
598        627        
599        627        
600        601        
600        628        
601        628        
602        603        
602        629        
603        629        
604        605        
604        630        
605        630        
606        607        
606        631        
607        631        
608        609        
608        632        
609        632        
610        611        
610        633        
611        633        
612        613        
612        634        
613        634        
614        615        
614        635        
615        635        
616        617        
616        636        
617        636        
618        619        
618        637        
619        637        
620        621        
620        638        
621        638        
624        639        
624        640        
639        640        
625        641        
625        642        
641        642        
626        643        
626        644        
643        644        
627        645        
627        646        
645        646        
628        647        
628        648        
647        648        
629        649        
629        650        
649        650        
630        651        
630        652        
651        652        
631        653        
631        654        
653        654        
632        655        
632        656        
655        656        
633        657        
633        658        
657        658        
634        659        
634        660        
659        660        
635        661        
635        662        
661        662        
636        663        
636        664        
663        664        
637        665        
637        666        
665        666        
638        667        
638        668        
667        668        
623        669        
623        670        
669        670        
639        670        
639        671        
670        671        
640        641        
640        672        
641        672        
642        643        
642        673        
643        673        
644        645        
644        674        
645        674        
646        647        
646        675        
647        675        
648        649        
648        676        
649        676        
650        651        
650        677        
651        677        
652        653        
652        678        
653        678        
654        655        
654        679        
655        679        
656        657        
656        680        
657        680        
658        659        
658        681        
659        681        
660        661        
660        682        
661        682        
662        663        
662        683        
663        683        
664        665        
664        684        
665        684        
666        667        
666        685        
667        685        
668        669        
668        686        
669        686        
671        687        
671        688        
687        688        
672        689        
672        690        
689        690        
673        691        
673        692        
691        692        
674        693        
674        694        
693        694        
675        695        
675        696        
695        696        
676        697        
676        698        
697        698        
677        699        
677        700        
699        700        
678        701        
678        702        
701        702        
679        703        
679        704        
703        704        
680        705        
680        706        
705        706        
681        707        
681        708        
707        708        
682        709        
682        710        
709        710        
683        711        
683        712        
711        712        
684        713        
684        714        
713        714        
685        715        
685        716        
715        716        
686        717        
686        718        
717        718        
687        718        
687        719        
718        719        
688        689        
688        720        
689        720        
690        691        
690        721        
691        721        
692        693        
692        722        
693        722        
694        695        
694        723        
695        723        
696        697        
696        724        
697        724        
698        699        
698        725        
699        725        
700        701        
700        726        
701        726        
702        703        
702        727        
703        727        
704        705        
704        728        
705        728        
706        707        
706        729        
707        729        
708        709        
708        730        
709        730        
710        711        
710        731        
711        731        
712        713        
712        732        
713        732        
714        715        
714        733        
715        733        
716        717        
716        734        
717        734        
720        735        
720        736        
735        736        
721        737        
721        738        
737        738        
722        739        
722        740        
739        740        
723        741        
723        742        
741        742        
724        743        
724        744        
743        744        
725        745        
725        746        
745        746        
726        747        
726        748        
747        748        
727        749        
727        750        
749        750        
728        751        
728        752        
751        752        
729        753        
729        754        
753        754        
730        755        
730        756        
755        756        
731        757        
731        758        
757        758        
732        759        
732        760        
759        760        
733        761        
733        762        
761        762        
734        763        
734        764        
763        764        
719        736        
719        765        
736        765        
3          735        
3          738        
735        738        
6          737        
6          740        
737        740        
9          739        
9          742        
739        742        
12         741        
12         744        
741        744        
15         743        
15         746        
743        746        
18         745        
18         748        
745        748        
21         747        
21         750        
747        750        
24         749        
24         752        
749        752        
27         751        
27         754        
751        754        
30         753        
30         756        
753        756        
33         755        
33         758        
755        758        
36         757        
36         760        
757        760        
39         759        
39         762        
759        762        
42         761        
42         764        
761        764        
43         763        
43         765        
763        765        
