1620
1          406        
1          417        
2          406        
2          418        
3          406        
3          667        
4          407        
4          418        
5          407        
5          419        
6          407        
6          668        
7          408        
7          419        
8          408        
8          420        
9          408        
9          669        
10         409        
10         420        
11         409        
11         421        
12         409        
12         670        
13         410        
13         421        
14         410        
14         422        
15         410        
15         671        
16         411        
16         422        
17         411        
17         423        
18         411        
18         672        
19         412        
19         423        
20         412        
20         424        
21         412        
21         673        
22         413        
22         424        
23         413        
23         425        
24         413        
24         674        
25         414        
25         425        
26         414        
26         426        
27         414        
27         675        
28         415        
28         438        
29         415        
29         426        
30         415        
30         416        
31         416        
31         427        
32         416        
32         417        
33         417        
33         428        
34         418        
34         429        
35         419        
35         430        
36         420        
36         431        
37         421        
37         432        
38         422        
38         433        
39         423        
39         434        
40         424        
40         435        
41         425        
41         436        
42         426        
42         437        
43         427        
43         439        
44         427        
44         440        
45         428        
45         440        
46         428        
46         441        
47         429        
47         441        
48         429        
48         442        
49         430        
49         442        
50         430        
50         443        
51         431        
51         443        
52         431        
52         444        
53         432        
53         444        
54         432        
54         445        
55         433        
55         445        
56         433        
56         446        
57         434        
57         446        
58         434        
58         447        
59         435        
59         447        
60         435        
60         448        
61         436        
61         448        
62         436        
62         449        
63         437        
63         449        
64         437        
64         450        
65         438        
65         450        
66         438        
66         439        
67         439        
67         451        
68         440        
68         452        
69         441        
69         453        
70         442        
70         454        
71         443        
71         455        
72         444        
72         456        
73         445        
73         457        
74         446        
74         458        
75         447        
75         459        
76         448        
76         460        
77         449        
77         461        
78         450        
78         462        
79         451        
79         463        
80         451        
80         464        
81         452        
81         464        
82         452        
82         465        
83         453        
83         465        
84         453        
84         466        
85         454        
85         466        
86         454        
86         467        
87         455        
87         467        
88         455        
88         468        
89         456        
89         468        
90         456        
90         469        
91         457        
91         469        
92         457        
92         470        
93         458        
93         470        
94         458        
94         471        
95         459        
95         471        
96         459        
96         472        
97         460        
97         472        
98         460        
98         473        
99         461        
99         473        
100        461        
100        474        
101        462        
101        474        
102        462        
102        463        
103        463        
103        486        
104        464        
104        475        
105        465        
105        476        
106        466        
106        477        
107        467        
107        478        
108        468        
108        479        
109        469        
109        480        
110        470        
110        481        
111        471        
111        482        
112        472        
112        483        
113        473        
113        484        
114        474        
114        485        
115        475        
115        487        
116        475        
116        488        
117        476        
117        488        
118        476        
118        489        
119        477        
119        489        
120        477        
120        490        
121        478        
121        490        
122        478        
122        491        
123        479        
123        491        
124        479        
124        492        
125        480        
125        492        
126        480        
126        493        
127        481        
127        493        
128        481        
128        494        
129        482        
129        494        
130        482        
130        495        
131        483        
131        495        
132        483        
132        496        
133        484        
133        496        
134        484        
134        497        
135        485        
135        497        
136        485        
136        498        
137        486        
137        498        
138        486        
138        487        
139        487        
139        499        
140        488        
140        500        
141        489        
141        501        
142        490        
142        502        
143        491        
143        503        
144        492        
144        504        
145        493        
145        505        
146        494        
146        506        
147        495        
147        507        
148        496        
148        508        
149        497        
149        509        
150        498        
150        510        
151        499        
151        511        
152        499        
152        512        
153        500        
153        512        
154        500        
154        513        
155        501        
155        513        
156        501        
156        514        
157        502        
157        514        
158        502        
158        515        
159        503        
159        515        
160        503        
160        516        
161        504        
161        516        
162        504        
162        517        
163        505        
163        517        
164        505        
164        518        
165        506        
165        518        
166        506        
166        519        
167        507        
167        519        
168        507        
168        520        
169        508        
169        520        
170        508        
170        521        
171        509        
171        521        
172        509        
172        522        
173        510        
173        522        
174        510        
174        511        
175        511        
175        534        
176        512        
176        523        
177        513        
177        524        
178        514        
178        525        
179        515        
179        526        
180        516        
180        527        
181        517        
181        528        
182        518        
182        529        
183        519        
183        530        
184        520        
184        531        
185        521        
185        532        
186        522        
186        533        
187        523        
187        535        
188        523        
188        536        
189        524        
189        536        
190        524        
190        537        
191        525        
191        537        
192        525        
192        538        
193        526        
193        538        
194        526        
194        539        
195        527        
195        539        
196        527        
196        540        
197        528        
197        540        
198        528        
198        541        
199        529        
199        541        
200        529        
200        542        
201        530        
201        542        
202        530        
202        543        
203        531        
203        543        
204        531        
204        544        
205        532        
205        544        
206        532        
206        545        
207        533        
207        545        
208        533        
208        546        
209        534        
209        546        
210        534        
210        535        
211        535        
211        547        
212        536        
212        548        
213        537        
213        549        
214        538        
214        550        
215        539        
215        551        
216        540        
216        552        
217        541        
217        553        
218        542        
218        554        
219        543        
219        555        
220        544        
220        556        
221        545        
221        557        
222        546        
222        558        
223        547        
223        559        
224        547        
224        560        
225        548        
225        560        
226        548        
226        561        
227        549        
227        561        
228        549        
228        562        
229        550        
229        562        
230        550        
230        563        
231        551        
231        563        
232        551        
232        564        
233        552        
233        564        
234        552        
234        565        
235        553        
235        565        
236        553        
236        566        
237        554        
237        566        
238        554        
238        567        
239        555        
239        567        
240        555        
240        568        
241        556        
241        568        
242        556        
242        569        
243        557        
243        569        
244        557        
244        570        
245        558        
245        570        
246        558        
246        559        
247        559        
247        582        
248        560        
248        571        
249        561        
249        572        
250        562        
250        573        
251        563        
251        574        
252        564        
252        575        
253        565        
253        576        
254        566        
254        577        
255        567        
255        578        
256        568        
256        579        
257        569        
257        580        
258        570        
258        581        
259        571        
259        583        
260        571        
260        584        
261        572        
261        584        
262        572        
262        585        
263        573        
263        585        
264        573        
264        586        
265        574        
265        586        
266        574        
266        587        
267        575        
267        587        
268        575        
268        588        
269        576        
269        588        
270        576        
270        589        
271        577        
271        589        
272        577        
272        590        
273        578        
273        590        
274        578        
274        591        
275        579        
275        591        
276        579        
276        592        
277        580        
277        592        
278        580        
278        593        
279        581        
279        593        
280        581        
280        594        
281        582        
281        594        
282        582        
282        583        
283        583        
283        595        
284        584        
284        596        
285        585        
285        597        
286        586        
286        598        
287        587        
287        599        
288        588        
288        600        
289        589        
289        601        
290        590        
290        602        
291        591        
291        603        
292        592        
292        604        
293        593        
293        605        
294        594        
294        606        
295        595        
295        607        
296        595        
296        608        
297        596        
297        608        
298        596        
298        609        
299        597        
299        609        
300        597        
300        610        
301        598        
301        610        
302        598        
302        611        
303        599        
303        611        
304        599        
304        612        
305        600        
305        612        
306        600        
306        613        
307        601        
307        613        
308        601        
308        614        
309        602        
309        614        
310        602        
310        615        
311        603        
311        615        
312        603        
312        616        
313        604        
313        616        
314        604        
314        617        
315        605        
315        617        
316        605        
316        618        
317        606        
317        618        
318        606        
318        607        
319        607        
319        639        
320        608        
320        629        
321        609        
321        619        
322        610        
322        620        
323        611        
323        621        
324        612        
324        622        
325        613        
325        623        
326        614        
326        624        
327        615        
327        625        
328        616        
328        626        
329        617        
329        627        
330        618        
330        628        
331        619        
331        629        
332        619        
332        630        
333        620        
333        630        
334        620        
334        631        
335        621        
335        631        
336        621        
336        632        
337        622        
337        632        
338        622        
338        633        
339        623        
339        633        
340        623        
340        634        
341        624        
341        634        
342        624        
342        635        
343        625        
343        635        
344        625        
344        636        
345        626        
345        636        
346        626        
346        637        
347        627        
347        637        
348        627        
348        638        
349        628        
349        638        
350        628        
350        639        
351        629        
351        649        
352        630        
352        640        
353        631        
353        641        
354        632        
354        642        
355        633        
355        643        
356        634        
356        644        
357        635        
357        645        
358        636        
358        646        
359        637        
359        647        
360        638        
360        648        
361        639        
361        658        
362        640        
362        649        
363        640        
363        650        
364        641        
364        650        
365        641        
365        651        
366        642        
366        651        
367        642        
367        652        
368        643        
368        652        
369        643        
369        653        
370        644        
370        653        
371        644        
371        654        
372        645        
372        654        
373        645        
373        655        
374        646        
374        655        
375        646        
375        656        
376        647        
376        656        
377        647        
377        657        
378        648        
378        657        
379        648        
379        658        
380        649        
380        667        
381        650        
381        659        
382        651        
382        660        
383        652        
383        661        
384        653        
384        662        
385        654        
385        663        
386        655        
386        664        
387        656        
387        665        
388        657        
388        666        
389        658        
389        675        
390        659        
390        668        
391        659        
391        667        
392        660        
392        669        
393        660        
393        668        
394        661        
394        670        
395        661        
395        669        
396        662        
396        671        
397        662        
397        670        
398        663        
398        672        
399        663        
399        671        
400        664        
400        673        
401        664        
401        672        
402        665        
402        674        
403        665        
403        673        
404        666        
404        675        
405        666        
405        674        
1          2          
1          3          
2          3          
4          5          
4          6          
5          6          
7          8          
7          9          
8          9          
10         11         
10         12         
11         12         
13         14         
13         15         
14         15         
16         17         
16         18         
17         18         
19         20         
19         21         
20         21         
22         23         
22         24         
23         24         
25         26         
25         27         
26         27         
28         29         
28         30         
29         30         
30         31         
30         32         
31         32         
1          32         
1          33         
32         33         
2          4          
2          34         
4          34         
5          7          
5          35         
7          35         
8          10         
8          36         
10         36         
11         13         
11         37         
13         37         
14         16         
14         38         
16         38         
17         19         
17         39         
19         39         
20         22         
20         40         
22         40         
23         25         
23         41         
25         41         
26         29         
26         42         
29         42         
31         43         
31         44         
43         44         
33         45         
33         46         
45         46         
34         47         
34         48         
47         48         
35         49         
35         50         
49         50         
36         51         
36         52         
51         52         
37         53         
37         54         
53         54         
38         55         
38         56         
55         56         
39         57         
39         58         
57         58         
40         59         
40         60         
59         60         
41         61         
41         62         
61         62         
42         63         
42         64         
63         64         
28         65         
28         66         
65         66         
43         66         
43         67         
66         67         
44         45         
44         68         
45         68         
46         47         
46         69         
47         69         
48         49         
48         70         
49         70         
50         51         
50         71         
51         71         
52         53         
52         72         
53         72         
54         55         
54         73         
55         73         
56         57         
56         74         
57         74         
58         59         
58         75         
59         75         
60         61         
60         76         
61         76         
62         63         
62         77         
63         77         
64         65         
64         78         
65         78         
67         79         
67         80         
79         80         
68         81         
68         82         
81         82         
69         83         
69         84         
83         84         
70         85         
70         86         
85         86         
71         87         
71         88         
87         88         
72         89         
72         90         
89         90         
73         91         
73         92         
91         92         
74         93         
74         94         
93         94         
75         95         
75         96         
95         96         
76         97         
76         98         
97         98         
77         99         
77         100        
99         100        
78         101        
78         102        
101        102        
79         102        
79         103        
102        103        
80         81         
80         104        
81         104        
82         83         
82         105        
83         105        
84         85         
84         106        
85         106        
86         87         
86         107        
87         107        
88         89         
88         108        
89         108        
90         91         
90         109        
91         109        
92         93         
92         110        
93         110        
94         95         
94         111        
95         111        
96         97         
96         112        
97         112        
98         99         
98         113        
99         113        
100        101        
100        114        
101        114        
104        115        
104        116        
115        116        
105        117        
105        118        
117        118        
106        119        
106        120        
119        120        
107        121        
107        122        
121        122        
108        123        
108        124        
123        124        
109        125        
109        126        
125        126        
110        127        
110        128        
127        128        
111        129        
111        130        
129        130        
112        131        
112        132        
131        132        
113        133        
113        134        
133        134        
114        135        
114        136        
135        136        
103        137        
103        138        
137        138        
115        138        
115        139        
138        139        
116        117        
116        140        
117        140        
118        119        
118        141        
119        141        
120        121        
120        142        
121        142        
122        123        
122        143        
123        143        
124        125        
124        144        
125        144        
126        127        
126        145        
127        145        
128        129        
128        146        
129        146        
130        131        
130        147        
131        147        
132        133        
132        148        
133        148        
134        135        
134        149        
135        149        
136        137        
136        150        
137        150        
139        151        
139        152        
151        152        
140        153        
140        154        
153        154        
141        155        
141        156        
155        156        
142        157        
142        158        
157        158        
143        159        
143        160        
159        160        
144        161        
144        162        
161        162        
145        163        
145        164        
163        164        
146        165        
146        166        
165        166        
147        167        
147        168        
167        168        
148        169        
148        170        
169        170        
149        171        
149        172        
171        172        
150        173        
150        174        
173        174        
151        174        
151        175        
174        175        
152        153        
152        176        
153        176        
154        155        
154        177        
155        177        
156        157        
156        178        
157        178        
158        159        
158        179        
159        179        
160        161        
160        180        
161        180        
162        163        
162        181        
163        181        
164        165        
164        182        
165        182        
166        167        
166        183        
167        183        
168        169        
168        184        
169        184        
170        171        
170        185        
171        185        
172        173        
172        186        
173        186        
176        187        
176        188        
187        188        
177        189        
177        190        
189        190        
178        191        
178        192        
191        192        
179        193        
179        194        
193        194        
180        195        
180        196        
195        196        
181        197        
181        198        
197        198        
182        199        
182        200        
199        200        
183        201        
183        202        
201        202        
184        203        
184        204        
203        204        
185        205        
185        206        
205        206        
186        207        
186        208        
207        208        
175        209        
175        210        
209        210        
187        210        
187        211        
210        211        
188        189        
188        212        
189        212        
190        191        
190        213        
191        213        
192        193        
192        214        
193        214        
194        195        
194        215        
195        215        
196        197        
196        216        
197        216        
198        199        
198        217        
199        217        
200        201        
200        218        
201        218        
202        203        
202        219        
203        219        
204        205        
204        220        
205        220        
206        207        
206        221        
207        221        
208        209        
208        222        
209        222        
211        223        
211        224        
223        224        
212        225        
212        226        
225        226        
213        227        
213        228        
227        228        
214        229        
214        230        
229        230        
215        231        
215        232        
231        232        
216        233        
216        234        
233        234        
217        235        
217        236        
235        236        
218        237        
218        238        
237        238        
219        239        
219        240        
239        240        
220        241        
220        242        
241        242        
221        243        
221        244        
243        244        
222        245        
222        246        
245        246        
223        246        
223        247        
246        247        
224        225        
224        248        
225        248        
226        227        
226        249        
227        249        
228        229        
228        250        
229        250        
230        231        
230        251        
231        251        
232        233        
232        252        
233        252        
234        235        
234        253        
235        253        
236        237        
236        254        
237        254        
238        239        
238        255        
239        255        
240        241        
240        256        
241        256        
242        243        
242        257        
243        257        
244        245        
244        258        
245        258        
248        259        
248        260        
259        260        
249        261        
249        262        
261        262        
250        263        
250        264        
263        264        
251        265        
251        266        
265        266        
252        267        
252        268        
267        268        
253        269        
253        270        
269        270        
254        271        
254        272        
271        272        
255        273        
255        274        
273        274        
256        275        
256        276        
275        276        
257        277        
257        278        
277        278        
258        279        
258        280        
279        280        
247        281        
247        282        
281        282        
259        282        
259        283        
282        283        
260        261        
260        284        
261        284        
262        263        
262        285        
263        285        
264        265        
264        286        
265        286        
266        267        
266        287        
267        287        
268        269        
268        288        
269        288        
270        271        
270        289        
271        289        
272        273        
272        290        
273        290        
274        275        
274        291        
275        291        
276        277        
276        292        
277        292        
278        279        
278        293        
279        293        
280        281        
280        294        
281        294        
283        295        
283        296        
295        296        
284        297        
284        298        
297        298        
285        299        
285        300        
299        300        
286        301        
286        302        
301        302        
287        303        
287        304        
303        304        
288        305        
288        306        
305        306        
289        307        
289        308        
307        308        
290        309        
290        310        
309        310        
291        311        
291        312        
311        312        
292        313        
292        314        
313        314        
293        315        
293        316        
315        316        
294        317        
294        318        
317        318        
295        318        
295        319        
318        319        
296        297        
296        320        
297        320        
298        299        
298        321        
299        321        
300        301        
300        322        
301        322        
302        303        
302        323        
303        323        
304        305        
304        324        
305        324        
306        307        
306        325        
307        325        
308        309        
308        326        
309        326        
310        311        
310        327        
311        327        
312        313        
312        328        
313        328        
314        315        
314        329        
315        329        
316        317        
316        330        
317        330        
321        331        
321        332        
331        332        
322        333        
322        334        
333        334        
323        335        
323        336        
335        336        
324        337        
324        338        
337        338        
325        339        
325        340        
339        340        
326        341        
326        342        
341        342        
327        343        
327        344        
343        344        
328        345        
328        346        
345        346        
329        347        
329        348        
347        348        
330        349        
330        350        
349        350        
320        331        
320        351        
331        351        
332        333        
332        352        
333        352        
334        335        
334        353        
335        353        
336        337        
336        354        
337        354        
338        339        
338        355        
339        355        
340        341        
340        356        
341        356        
342        343        
342        357        
343        357        
344        345        
344        358        
345        358        
346        347        
346        359        
347        359        
348        349        
348        360        
349        360        
319        350        
319        361        
350        361        
352        362        
352        363        
362        363        
353        364        
353        365        
364        365        
354        366        
354        367        
366        367        
355        368        
355        369        
368        369        
356        370        
356        371        
370        371        
357        372        
357        373        
372        373        
358        374        
358        375        
374        375        
359        376        
359        377        
376        377        
360        378        
360        379        
378        379        
351        362        
351        380        
362        380        
363        364        
363        381        
364        381        
365        366        
365        382        
366        382        
367        368        
367        383        
368        383        
369        370        
369        384        
370        384        
371        372        
371        385        
372        385        
373        374        
373        386        
374        386        
375        376        
375        387        
376        387        
377        378        
377        388        
378        388        
361        379        
361        389        
379        389        
381        390        
381        391        
390        391        
382        392        
382        393        
392        393        
383        394        
383        395        
394        395        
384        396        
384        397        
396        397        
385        398        
385        399        
398        399        
386        400        
386        401        
400        401        
387        402        
387        403        
402        403        
388        404        
388        405        
404        405        
3          380        
3          391        
380        391        
6          390        
6          393        
390        393        
9          392        
9          395        
392        395        
12         394        
12         397        
394        397        
15         396        
15         399        
396        399        
18         398        
18         401        
398        401        
21         400        
21         403        
400        403        
24         402        
24         405        
402        405        
27         389        
27         404        
389        404        
