3024
1          757        
1          773        
2          757        
2          774        
3          757        
3          1245       
4          758        
4          774        
5          758        
5          775        
6          758        
6          1246       
7          759        
7          775        
8          759        
8          776        
9          759        
9          1247       
10         760        
10         776        
11         760        
11         777        
12         760        
12         1248       
13         761        
13         777        
14         761        
14         778        
15         761        
15         1249       
16         762        
16         778        
17         762        
17         779        
18         762        
18         1250       
19         763        
19         779        
20         763        
20         780        
21         763        
21         1251       
22         764        
22         780        
23         764        
23         781        
24         764        
24         1252       
25         765        
25         781        
26         765        
26         782        
27         765        
27         1253       
28         766        
28         782        
29         766        
29         783        
30         766        
30         1254       
31         767        
31         783        
32         767        
32         784        
33         767        
33         1255       
34         768        
34         784        
35         768        
35         785        
36         768        
36         1256       
37         769        
37         785        
38         769        
38         786        
39         769        
39         1257       
40         770        
40         786        
41         770        
41         787        
42         770        
42         1258       
43         771        
43         787        
44         771        
44         788        
45         771        
45         1259       
46         772        
46         1260       
47         772        
47         788        
48         772        
48         773        
49         773        
49         804        
50         774        
50         789        
51         775        
51         790        
52         776        
52         791        
53         777        
53         792        
54         778        
54         793        
55         779        
55         794        
56         780        
56         795        
57         781        
57         796        
58         782        
58         797        
59         783        
59         798        
60         784        
60         799        
61         785        
61         800        
62         786        
62         801        
63         787        
63         802        
64         788        
64         803        
65         789        
65         805        
66         789        
66         806        
67         790        
67         806        
68         790        
68         807        
69         791        
69         807        
70         791        
70         808        
71         792        
71         808        
72         792        
72         809        
73         793        
73         809        
74         793        
74         810        
75         794        
75         810        
76         794        
76         811        
77         795        
77         811        
78         795        
78         812        
79         796        
79         812        
80         796        
80         813        
81         797        
81         813        
82         797        
82         814        
83         798        
83         814        
84         798        
84         815        
85         799        
85         815        
86         799        
86         816        
87         800        
87         816        
88         800        
88         817        
89         801        
89         817        
90         801        
90         818        
91         802        
91         818        
92         802        
92         819        
93         803        
93         819        
94         803        
94         820        
95         804        
95         820        
96         804        
96         805        
97         805        
97         821        
98         806        
98         822        
99         807        
99         823        
100        808        
100        824        
101        809        
101        825        
102        810        
102        826        
103        811        
103        827        
104        812        
104        828        
105        813        
105        829        
106        814        
106        830        
107        815        
107        831        
108        816        
108        832        
109        817        
109        833        
110        818        
110        834        
111        819        
111        835        
112        820        
112        836        
113        821        
113        837        
114        821        
114        838        
115        822        
115        838        
116        822        
116        839        
117        823        
117        839        
118        823        
118        840        
119        824        
119        840        
120        824        
120        841        
121        825        
121        841        
122        825        
122        842        
123        826        
123        842        
124        826        
124        843        
125        827        
125        843        
126        827        
126        844        
127        828        
127        844        
128        828        
128        845        
129        829        
129        845        
130        829        
130        846        
131        830        
131        846        
132        830        
132        847        
133        831        
133        847        
134        831        
134        848        
135        832        
135        848        
136        832        
136        849        
137        833        
137        849        
138        833        
138        850        
139        834        
139        850        
140        834        
140        851        
141        835        
141        851        
142        835        
142        852        
143        836        
143        852        
144        836        
144        837        
145        837        
145        868        
146        838        
146        853        
147        839        
147        854        
148        840        
148        855        
149        841        
149        856        
150        842        
150        857        
151        843        
151        858        
152        844        
152        859        
153        845        
153        860        
154        846        
154        861        
155        847        
155        862        
156        848        
156        863        
157        849        
157        864        
158        850        
158        865        
159        851        
159        866        
160        852        
160        867        
161        853        
161        869        
162        853        
162        870        
163        854        
163        870        
164        854        
164        871        
165        855        
165        871        
166        855        
166        872        
167        856        
167        872        
168        856        
168        873        
169        857        
169        873        
170        857        
170        874        
171        858        
171        874        
172        858        
172        875        
173        859        
173        875        
174        859        
174        876        
175        860        
175        876        
176        860        
176        877        
177        861        
177        877        
178        861        
178        878        
179        862        
179        878        
180        862        
180        879        
181        863        
181        879        
182        863        
182        880        
183        864        
183        880        
184        864        
184        881        
185        865        
185        881        
186        865        
186        882        
187        866        
187        882        
188        866        
188        883        
189        867        
189        883        
190        867        
190        884        
191        868        
191        884        
192        868        
192        869        
193        869        
193        885        
194        870        
194        886        
195        871        
195        887        
196        872        
196        888        
197        873        
197        889        
198        874        
198        890        
199        875        
199        891        
200        876        
200        892        
201        877        
201        893        
202        878        
202        894        
203        879        
203        895        
204        880        
204        896        
205        881        
205        897        
206        882        
206        898        
207        883        
207        899        
208        884        
208        900        
209        885        
209        901        
210        885        
210        902        
211        886        
211        902        
212        886        
212        903        
213        887        
213        903        
214        887        
214        904        
215        888        
215        904        
216        888        
216        905        
217        889        
217        905        
218        889        
218        906        
219        890        
219        906        
220        890        
220        907        
221        891        
221        907        
222        891        
222        908        
223        892        
223        908        
224        892        
224        909        
225        893        
225        909        
226        893        
226        910        
227        894        
227        910        
228        894        
228        911        
229        895        
229        911        
230        895        
230        912        
231        896        
231        912        
232        896        
232        913        
233        897        
233        913        
234        897        
234        914        
235        898        
235        914        
236        898        
236        915        
237        899        
237        915        
238        899        
238        916        
239        900        
239        916        
240        900        
240        901        
241        901        
241        932        
242        902        
242        917        
243        903        
243        918        
244        904        
244        919        
245        905        
245        920        
246        906        
246        921        
247        907        
247        922        
248        908        
248        923        
249        909        
249        924        
250        910        
250        925        
251        911        
251        926        
252        912        
252        927        
253        913        
253        928        
254        914        
254        929        
255        915        
255        930        
256        916        
256        931        
257        917        
257        933        
258        917        
258        934        
259        918        
259        934        
260        918        
260        935        
261        919        
261        935        
262        919        
262        936        
263        920        
263        936        
264        920        
264        937        
265        921        
265        937        
266        921        
266        938        
267        922        
267        938        
268        922        
268        939        
269        923        
269        939        
270        923        
270        940        
271        924        
271        940        
272        924        
272        941        
273        925        
273        941        
274        925        
274        942        
275        926        
275        942        
276        926        
276        943        
277        927        
277        943        
278        927        
278        944        
279        928        
279        944        
280        928        
280        945        
281        929        
281        945        
282        929        
282        946        
283        930        
283        946        
284        930        
284        947        
285        931        
285        947        
286        931        
286        948        
287        932        
287        948        
288        932        
288        933        
289        933        
289        949        
290        934        
290        950        
291        935        
291        951        
292        936        
292        952        
293        937        
293        953        
294        938        
294        954        
295        939        
295        955        
296        940        
296        956        
297        941        
297        957        
298        942        
298        958        
299        943        
299        959        
300        944        
300        960        
301        945        
301        961        
302        946        
302        962        
303        947        
303        963        
304        948        
304        964        
305        949        
305        965        
306        949        
306        966        
307        950        
307        966        
308        950        
308        967        
309        951        
309        967        
310        951        
310        968        
311        952        
311        968        
312        952        
312        969        
313        953        
313        969        
314        953        
314        970        
315        954        
315        970        
316        954        
316        971        
317        955        
317        971        
318        955        
318        972        
319        956        
319        972        
320        956        
320        973        
321        957        
321        973        
322        957        
322        974        
323        958        
323        974        
324        958        
324        975        
325        959        
325        975        
326        959        
326        976        
327        960        
327        976        
328        960        
328        977        
329        961        
329        977        
330        961        
330        978        
331        962        
331        978        
332        962        
332        979        
333        963        
333        979        
334        963        
334        980        
335        964        
335        980        
336        964        
336        965        
337        965        
337        996        
338        966        
338        981        
339        967        
339        982        
340        968        
340        983        
341        969        
341        984        
342        970        
342        985        
343        971        
343        986        
344        972        
344        987        
345        973        
345        988        
346        974        
346        989        
347        975        
347        990        
348        976        
348        991        
349        977        
349        992        
350        978        
350        993        
351        979        
351        994        
352        980        
352        995        
353        981        
353        997        
354        981        
354        998        
355        982        
355        998        
356        982        
356        999        
357        983        
357        999        
358        983        
358        1000       
359        984        
359        1000       
360        984        
360        1001       
361        985        
361        1001       
362        985        
362        1002       
363        986        
363        1002       
364        986        
364        1003       
365        987        
365        1003       
366        987        
366        1004       
367        988        
367        1004       
368        988        
368        1005       
369        989        
369        1005       
370        989        
370        1006       
371        990        
371        1006       
372        990        
372        1007       
373        991        
373        1007       
374        991        
374        1008       
375        992        
375        1008       
376        992        
376        1009       
377        993        
377        1009       
378        993        
378        1010       
379        994        
379        1010       
380        994        
380        1011       
381        995        
381        1011       
382        995        
382        1012       
383        996        
383        1012       
384        996        
384        997        
385        997        
385        1013       
386        998        
386        1014       
387        999        
387        1015       
388        1000       
388        1016       
389        1001       
389        1017       
390        1002       
390        1018       
391        1003       
391        1019       
392        1004       
392        1020       
393        1005       
393        1021       
394        1006       
394        1022       
395        1007       
395        1023       
396        1008       
396        1024       
397        1009       
397        1025       
398        1010       
398        1026       
399        1011       
399        1027       
400        1012       
400        1028       
401        1013       
401        1029       
402        1013       
402        1030       
403        1014       
403        1030       
404        1014       
404        1031       
405        1015       
405        1031       
406        1015       
406        1032       
407        1016       
407        1032       
408        1016       
408        1033       
409        1017       
409        1033       
410        1017       
410        1034       
411        1018       
411        1034       
412        1018       
412        1035       
413        1019       
413        1035       
414        1019       
414        1036       
415        1020       
415        1036       
416        1020       
416        1037       
417        1021       
417        1037       
418        1021       
418        1038       
419        1022       
419        1038       
420        1022       
420        1039       
421        1023       
421        1039       
422        1023       
422        1040       
423        1024       
423        1040       
424        1024       
424        1041       
425        1025       
425        1041       
426        1025       
426        1042       
427        1026       
427        1042       
428        1026       
428        1043       
429        1027       
429        1043       
430        1027       
430        1044       
431        1028       
431        1044       
432        1028       
432        1029       
433        1029       
433        1060       
434        1030       
434        1045       
435        1031       
435        1046       
436        1032       
436        1047       
437        1033       
437        1048       
438        1034       
438        1049       
439        1035       
439        1050       
440        1036       
440        1051       
441        1037       
441        1052       
442        1038       
442        1053       
443        1039       
443        1054       
444        1040       
444        1055       
445        1041       
445        1056       
446        1042       
446        1057       
447        1043       
447        1058       
448        1044       
448        1059       
449        1045       
449        1061       
450        1045       
450        1062       
451        1046       
451        1062       
452        1046       
452        1063       
453        1047       
453        1063       
454        1047       
454        1064       
455        1048       
455        1064       
456        1048       
456        1065       
457        1049       
457        1065       
458        1049       
458        1066       
459        1050       
459        1066       
460        1050       
460        1067       
461        1051       
461        1067       
462        1051       
462        1068       
463        1052       
463        1068       
464        1052       
464        1069       
465        1053       
465        1069       
466        1053       
466        1070       
467        1054       
467        1070       
468        1054       
468        1071       
469        1055       
469        1071       
470        1055       
470        1072       
471        1056       
471        1072       
472        1056       
472        1073       
473        1057       
473        1073       
474        1057       
474        1074       
475        1058       
475        1074       
476        1058       
476        1075       
477        1059       
477        1075       
478        1059       
478        1076       
479        1060       
479        1076       
480        1060       
480        1061       
481        1061       
481        1077       
482        1062       
482        1078       
483        1063       
483        1079       
484        1064       
484        1080       
485        1065       
485        1081       
486        1066       
486        1082       
487        1067       
487        1083       
488        1068       
488        1084       
489        1069       
489        1085       
490        1070       
490        1086       
491        1071       
491        1087       
492        1072       
492        1088       
493        1073       
493        1089       
494        1074       
494        1090       
495        1075       
495        1091       
496        1076       
496        1092       
497        1077       
497        1093       
498        1077       
498        1094       
499        1078       
499        1094       
500        1078       
500        1095       
501        1079       
501        1095       
502        1079       
502        1096       
503        1080       
503        1096       
504        1080       
504        1097       
505        1081       
505        1097       
506        1081       
506        1098       
507        1082       
507        1098       
508        1082       
508        1099       
509        1083       
509        1099       
510        1083       
510        1100       
511        1084       
511        1100       
512        1084       
512        1101       
513        1085       
513        1101       
514        1085       
514        1102       
515        1086       
515        1102       
516        1086       
516        1103       
517        1087       
517        1103       
518        1087       
518        1104       
519        1088       
519        1104       
520        1088       
520        1105       
521        1089       
521        1105       
522        1089       
522        1106       
523        1090       
523        1106       
524        1090       
524        1107       
525        1091       
525        1107       
526        1091       
526        1108       
527        1092       
527        1108       
528        1092       
528        1093       
529        1093       
529        1124       
530        1094       
530        1109       
531        1095       
531        1110       
532        1096       
532        1111       
533        1097       
533        1112       
534        1098       
534        1113       
535        1099       
535        1114       
536        1100       
536        1115       
537        1101       
537        1116       
538        1102       
538        1117       
539        1103       
539        1118       
540        1104       
540        1119       
541        1105       
541        1120       
542        1106       
542        1121       
543        1107       
543        1122       
544        1108       
544        1123       
545        1109       
545        1125       
546        1109       
546        1126       
547        1110       
547        1126       
548        1110       
548        1127       
549        1111       
549        1127       
550        1111       
550        1128       
551        1112       
551        1128       
552        1112       
552        1129       
553        1113       
553        1129       
554        1113       
554        1130       
555        1114       
555        1130       
556        1114       
556        1131       
557        1115       
557        1131       
558        1115       
558        1132       
559        1116       
559        1132       
560        1116       
560        1133       
561        1117       
561        1133       
562        1117       
562        1134       
563        1118       
563        1134       
564        1118       
564        1135       
565        1119       
565        1135       
566        1119       
566        1136       
567        1120       
567        1136       
568        1120       
568        1137       
569        1121       
569        1137       
570        1121       
570        1138       
571        1122       
571        1138       
572        1122       
572        1139       
573        1123       
573        1139       
574        1123       
574        1140       
575        1124       
575        1140       
576        1124       
576        1125       
577        1125       
577        1141       
578        1126       
578        1142       
579        1127       
579        1143       
580        1128       
580        1144       
581        1129       
581        1145       
582        1130       
582        1146       
583        1131       
583        1147       
584        1132       
584        1148       
585        1133       
585        1149       
586        1134       
586        1150       
587        1135       
587        1151       
588        1136       
588        1152       
589        1137       
589        1153       
590        1138       
590        1154       
591        1139       
591        1155       
592        1140       
592        1156       
593        1141       
593        1157       
594        1141       
594        1158       
595        1142       
595        1158       
596        1142       
596        1159       
597        1143       
597        1159       
598        1143       
598        1160       
599        1144       
599        1160       
600        1144       
600        1161       
601        1145       
601        1161       
602        1145       
602        1162       
603        1146       
603        1162       
604        1146       
604        1163       
605        1147       
605        1163       
606        1147       
606        1164       
607        1148       
607        1164       
608        1148       
608        1165       
609        1149       
609        1165       
610        1149       
610        1166       
611        1150       
611        1166       
612        1150       
612        1167       
613        1151       
613        1167       
614        1151       
614        1168       
615        1152       
615        1168       
616        1152       
616        1169       
617        1153       
617        1169       
618        1153       
618        1170       
619        1154       
619        1170       
620        1154       
620        1171       
621        1155       
621        1171       
622        1155       
622        1172       
623        1156       
623        1172       
624        1156       
624        1157       
625        1157       
625        1188       
626        1158       
626        1173       
627        1159       
627        1174       
628        1160       
628        1175       
629        1161       
629        1176       
630        1162       
630        1177       
631        1163       
631        1178       
632        1164       
632        1179       
633        1165       
633        1180       
634        1166       
634        1181       
635        1167       
635        1182       
636        1168       
636        1183       
637        1169       
637        1184       
638        1170       
638        1185       
639        1171       
639        1186       
640        1172       
640        1187       
641        1173       
641        1189       
642        1173       
642        1188       
643        1174       
643        1189       
644        1174       
644        1190       
645        1175       
645        1190       
646        1175       
646        1191       
647        1176       
647        1191       
648        1176       
648        1192       
649        1177       
649        1192       
650        1177       
650        1193       
651        1178       
651        1193       
652        1178       
652        1194       
653        1179       
653        1194       
654        1179       
654        1195       
655        1180       
655        1195       
656        1180       
656        1196       
657        1181       
657        1196       
658        1181       
658        1197       
659        1182       
659        1197       
660        1182       
660        1198       
661        1183       
661        1198       
662        1183       
662        1199       
663        1184       
663        1199       
664        1184       
664        1200       
665        1185       
665        1200       
666        1185       
666        1201       
667        1186       
667        1201       
668        1186       
668        1202       
669        1187       
669        1202       
670        1187       
670        1203       
671        1188       
671        1203       
672        1189       
672        1217       
673        1190       
673        1204       
674        1191       
674        1205       
675        1192       
675        1206       
676        1193       
676        1207       
677        1194       
677        1208       
678        1195       
678        1209       
679        1196       
679        1210       
680        1197       
680        1211       
681        1198       
681        1212       
682        1199       
682        1213       
683        1200       
683        1214       
684        1201       
684        1215       
685        1202       
685        1216       
686        1203       
686        1230       
687        1204       
687        1217       
688        1204       
688        1218       
689        1205       
689        1218       
690        1205       
690        1219       
691        1206       
691        1219       
692        1206       
692        1220       
693        1207       
693        1220       
694        1207       
694        1221       
695        1208       
695        1221       
696        1208       
696        1222       
697        1209       
697        1222       
698        1209       
698        1223       
699        1210       
699        1223       
700        1210       
700        1224       
701        1211       
701        1224       
702        1211       
702        1225       
703        1212       
703        1225       
704        1212       
704        1226       
705        1213       
705        1226       
706        1213       
706        1227       
707        1214       
707        1227       
708        1214       
708        1228       
709        1215       
709        1228       
710        1215       
710        1229       
711        1216       
711        1229       
712        1216       
712        1230       
713        1217       
713        1231       
714        1218       
714        1232       
715        1219       
715        1233       
716        1220       
716        1234       
717        1221       
717        1235       
718        1222       
718        1236       
719        1223       
719        1237       
720        1224       
720        1238       
721        1225       
721        1239       
722        1226       
722        1240       
723        1227       
723        1241       
724        1228       
724        1242       
725        1229       
725        1243       
726        1230       
726        1244       
727        1231       
727        1247       
728        1231       
728        1246       
729        1232       
729        1248       
730        1232       
730        1247       
731        1233       
731        1249       
732        1233       
732        1248       
733        1234       
733        1250       
734        1234       
734        1249       
735        1235       
735        1251       
736        1235       
736        1250       
737        1236       
737        1252       
738        1236       
738        1251       
739        1237       
739        1253       
740        1237       
740        1252       
741        1238       
741        1254       
742        1238       
742        1253       
743        1239       
743        1255       
744        1239       
744        1254       
745        1240       
745        1256       
746        1240       
746        1255       
747        1241       
747        1257       
748        1241       
748        1256       
749        1242       
749        1258       
750        1242       
750        1257       
751        1243       
751        1259       
752        1243       
752        1258       
753        1244       
753        1260       
754        1244       
754        1259       
755        1245       
755        1246       
756        1245       
756        1260       
1          2          
1          3          
2          3          
4          5          
4          6          
5          6          
7          8          
7          9          
8          9          
10         11         
10         12         
11         12         
13         14         
13         15         
14         15         
16         17         
16         18         
17         18         
19         20         
19         21         
20         21         
22         23         
22         24         
23         24         
25         26         
25         27         
26         27         
28         29         
28         30         
29         30         
31         32         
31         33         
32         33         
34         35         
34         36         
35         36         
37         38         
37         39         
38         39         
40         41         
40         42         
41         42         
43         44         
43         45         
44         45         
46         47         
46         48         
47         48         
1          48         
1          49         
48         49         
2          4          
2          50         
4          50         
5          7          
5          51         
7          51         
8          10         
8          52         
10         52         
11         13         
11         53         
13         53         
14         16         
14         54         
16         54         
17         19         
17         55         
19         55         
20         22         
20         56         
22         56         
23         25         
23         57         
25         57         
26         28         
26         58         
28         58         
29         31         
29         59         
31         59         
32         34         
32         60         
34         60         
35         37         
35         61         
37         61         
38         40         
38         62         
40         62         
41         43         
41         63         
43         63         
44         47         
44         64         
47         64         
50         65         
50         66         
65         66         
51         67         
51         68         
67         68         
52         69         
52         70         
69         70         
53         71         
53         72         
71         72         
54         73         
54         74         
73         74         
55         75         
55         76         
75         76         
56         77         
56         78         
77         78         
57         79         
57         80         
79         80         
58         81         
58         82         
81         82         
59         83         
59         84         
83         84         
60         85         
60         86         
85         86         
61         87         
61         88         
87         88         
62         89         
62         90         
89         90         
63         91         
63         92         
91         92         
64         93         
64         94         
93         94         
49         95         
49         96         
95         96         
65         96         
65         97         
96         97         
66         67         
66         98         
67         98         
68         69         
68         99         
69         99         
70         71         
70         100        
71         100        
72         73         
72         101        
73         101        
74         75         
74         102        
75         102        
76         77         
76         103        
77         103        
78         79         
78         104        
79         104        
80         81         
80         105        
81         105        
82         83         
82         106        
83         106        
84         85         
84         107        
85         107        
86         87         
86         108        
87         108        
88         89         
88         109        
89         109        
90         91         
90         110        
91         110        
92         93         
92         111        
93         111        
94         95         
94         112        
95         112        
97         113        
97         114        
113        114        
98         115        
98         116        
115        116        
99         117        
99         118        
117        118        
100        119        
100        120        
119        120        
101        121        
101        122        
121        122        
102        123        
102        124        
123        124        
103        125        
103        126        
125        126        
104        127        
104        128        
127        128        
105        129        
105        130        
129        130        
106        131        
106        132        
131        132        
107        133        
107        134        
133        134        
108        135        
108        136        
135        136        
109        137        
109        138        
137        138        
110        139        
110        140        
139        140        
111        141        
111        142        
141        142        
112        143        
112        144        
143        144        
113        144        
113        145        
144        145        
114        115        
114        146        
115        146        
116        117        
116        147        
117        147        
118        119        
118        148        
119        148        
120        121        
120        149        
121        149        
122        123        
122        150        
123        150        
124        125        
124        151        
125        151        
126        127        
126        152        
127        152        
128        129        
128        153        
129        153        
130        131        
130        154        
131        154        
132        133        
132        155        
133        155        
134        135        
134        156        
135        156        
136        137        
136        157        
137        157        
138        139        
138        158        
139        158        
140        141        
140        159        
141        159        
142        143        
142        160        
143        160        
146        161        
146        162        
161        162        
147        163        
147        164        
163        164        
148        165        
148        166        
165        166        
149        167        
149        168        
167        168        
150        169        
150        170        
169        170        
151        171        
151        172        
171        172        
152        173        
152        174        
173        174        
153        175        
153        176        
175        176        
154        177        
154        178        
177        178        
155        179        
155        180        
179        180        
156        181        
156        182        
181        182        
157        183        
157        184        
183        184        
158        185        
158        186        
185        186        
159        187        
159        188        
187        188        
160        189        
160        190        
189        190        
145        191        
145        192        
191        192        
161        192        
161        193        
192        193        
162        163        
162        194        
163        194        
164        165        
164        195        
165        195        
166        167        
166        196        
167        196        
168        169        
168        197        
169        197        
170        171        
170        198        
171        198        
172        173        
172        199        
173        199        
174        175        
174        200        
175        200        
176        177        
176        201        
177        201        
178        179        
178        202        
179        202        
180        181        
180        203        
181        203        
182        183        
182        204        
183        204        
184        185        
184        205        
185        205        
186        187        
186        206        
187        206        
188        189        
188        207        
189        207        
190        191        
190        208        
191        208        
193        209        
193        210        
209        210        
194        211        
194        212        
211        212        
195        213        
195        214        
213        214        
196        215        
196        216        
215        216        
197        217        
197        218        
217        218        
198        219        
198        220        
219        220        
199        221        
199        222        
221        222        
200        223        
200        224        
223        224        
201        225        
201        226        
225        226        
202        227        
202        228        
227        228        
203        229        
203        230        
229        230        
204        231        
204        232        
231        232        
205        233        
205        234        
233        234        
206        235        
206        236        
235        236        
207        237        
207        238        
237        238        
208        239        
208        240        
239        240        
209        240        
209        241        
240        241        
210        211        
210        242        
211        242        
212        213        
212        243        
213        243        
214        215        
214        244        
215        244        
216        217        
216        245        
217        245        
218        219        
218        246        
219        246        
220        221        
220        247        
221        247        
222        223        
222        248        
223        248        
224        225        
224        249        
225        249        
226        227        
226        250        
227        250        
228        229        
228        251        
229        251        
230        231        
230        252        
231        252        
232        233        
232        253        
233        253        
234        235        
234        254        
235        254        
236        237        
236        255        
237        255        
238        239        
238        256        
239        256        
242        257        
242        258        
257        258        
243        259        
243        260        
259        260        
244        261        
244        262        
261        262        
245        263        
245        264        
263        264        
246        265        
246        266        
265        266        
247        267        
247        268        
267        268        
248        269        
248        270        
269        270        
249        271        
249        272        
271        272        
250        273        
250        274        
273        274        
251        275        
251        276        
275        276        
252        277        
252        278        
277        278        
253        279        
253        280        
279        280        
254        281        
254        282        
281        282        
255        283        
255        284        
283        284        
256        285        
256        286        
285        286        
241        287        
241        288        
287        288        
257        288        
257        289        
288        289        
258        259        
258        290        
259        290        
260        261        
260        291        
261        291        
262        263        
262        292        
263        292        
264        265        
264        293        
265        293        
266        267        
266        294        
267        294        
268        269        
268        295        
269        295        
270        271        
270        296        
271        296        
272        273        
272        297        
273        297        
274        275        
274        298        
275        298        
276        277        
276        299        
277        299        
278        279        
278        300        
279        300        
280        281        
280        301        
281        301        
282        283        
282        302        
283        302        
284        285        
284        303        
285        303        
286        287        
286        304        
287        304        
289        305        
289        306        
305        306        
290        307        
290        308        
307        308        
291        309        
291        310        
309        310        
292        311        
292        312        
311        312        
293        313        
293        314        
313        314        
294        315        
294        316        
315        316        
295        317        
295        318        
317        318        
296        319        
296        320        
319        320        
297        321        
297        322        
321        322        
298        323        
298        324        
323        324        
299        325        
299        326        
325        326        
300        327        
300        328        
327        328        
301        329        
301        330        
329        330        
302        331        
302        332        
331        332        
303        333        
303        334        
333        334        
304        335        
304        336        
335        336        
305        336        
305        337        
336        337        
306        307        
306        338        
307        338        
308        309        
308        339        
309        339        
310        311        
310        340        
311        340        
312        313        
312        341        
313        341        
314        315        
314        342        
315        342        
316        317        
316        343        
317        343        
318        319        
318        344        
319        344        
320        321        
320        345        
321        345        
322        323        
322        346        
323        346        
324        325        
324        347        
325        347        
326        327        
326        348        
327        348        
328        329        
328        349        
329        349        
330        331        
330        350        
331        350        
332        333        
332        351        
333        351        
334        335        
334        352        
335        352        
338        353        
338        354        
353        354        
339        355        
339        356        
355        356        
340        357        
340        358        
357        358        
341        359        
341        360        
359        360        
342        361        
342        362        
361        362        
343        363        
343        364        
363        364        
344        365        
344        366        
365        366        
345        367        
345        368        
367        368        
346        369        
346        370        
369        370        
347        371        
347        372        
371        372        
348        373        
348        374        
373        374        
349        375        
349        376        
375        376        
350        377        
350        378        
377        378        
351        379        
351        380        
379        380        
352        381        
352        382        
381        382        
337        383        
337        384        
383        384        
353        384        
353        385        
384        385        
354        355        
354        386        
355        386        
356        357        
356        387        
357        387        
358        359        
358        388        
359        388        
360        361        
360        389        
361        389        
362        363        
362        390        
363        390        
364        365        
364        391        
365        391        
366        367        
366        392        
367        392        
368        369        
368        393        
369        393        
370        371        
370        394        
371        394        
372        373        
372        395        
373        395        
374        375        
374        396        
375        396        
376        377        
376        397        
377        397        
378        379        
378        398        
379        398        
380        381        
380        399        
381        399        
382        383        
382        400        
383        400        
385        401        
385        402        
401        402        
386        403        
386        404        
403        404        
387        405        
387        406        
405        406        
388        407        
388        408        
407        408        
389        409        
389        410        
409        410        
390        411        
390        412        
411        412        
391        413        
391        414        
413        414        
392        415        
392        416        
415        416        
393        417        
393        418        
417        418        
394        419        
394        420        
419        420        
395        421        
395        422        
421        422        
396        423        
396        424        
423        424        
397        425        
397        426        
425        426        
398        427        
398        428        
427        428        
399        429        
399        430        
429        430        
400        431        
400        432        
431        432        
401        432        
401        433        
432        433        
402        403        
402        434        
403        434        
404        405        
404        435        
405        435        
406        407        
406        436        
407        436        
408        409        
408        437        
409        437        
410        411        
410        438        
411        438        
412        413        
412        439        
413        439        
414        415        
414        440        
415        440        
416        417        
416        441        
417        441        
418        419        
418        442        
419        442        
420        421        
420        443        
421        443        
422        423        
422        444        
423        444        
424        425        
424        445        
425        445        
426        427        
426        446        
427        446        
428        429        
428        447        
429        447        
430        431        
430        448        
431        448        
434        449        
434        450        
449        450        
435        451        
435        452        
451        452        
436        453        
436        454        
453        454        
437        455        
437        456        
455        456        
438        457        
438        458        
457        458        
439        459        
439        460        
459        460        
440        461        
440        462        
461        462        
441        463        
441        464        
463        464        
442        465        
442        466        
465        466        
443        467        
443        468        
467        468        
444        469        
444        470        
469        470        
445        471        
445        472        
471        472        
446        473        
446        474        
473        474        
447        475        
447        476        
475        476        
448        477        
448        478        
477        478        
433        479        
433        480        
479        480        
449        480        
449        481        
480        481        
450        451        
450        482        
451        482        
452        453        
452        483        
453        483        
454        455        
454        484        
455        484        
456        457        
456        485        
457        485        
458        459        
458        486        
459        486        
460        461        
460        487        
461        487        
462        463        
462        488        
463        488        
464        465        
464        489        
465        489        
466        467        
466        490        
467        490        
468        469        
468        491        
469        491        
470        471        
470        492        
471        492        
472        473        
472        493        
473        493        
474        475        
474        494        
475        494        
476        477        
476        495        
477        495        
478        479        
478        496        
479        496        
481        497        
481        498        
497        498        
482        499        
482        500        
499        500        
483        501        
483        502        
501        502        
484        503        
484        504        
503        504        
485        505        
485        506        
505        506        
486        507        
486        508        
507        508        
487        509        
487        510        
509        510        
488        511        
488        512        
511        512        
489        513        
489        514        
513        514        
490        515        
490        516        
515        516        
491        517        
491        518        
517        518        
492        519        
492        520        
519        520        
493        521        
493        522        
521        522        
494        523        
494        524        
523        524        
495        525        
495        526        
525        526        
496        527        
496        528        
527        528        
497        528        
497        529        
528        529        
498        499        
498        530        
499        530        
500        501        
500        531        
501        531        
502        503        
502        532        
503        532        
504        505        
504        533        
505        533        
506        507        
506        534        
507        534        
508        509        
508        535        
509        535        
510        511        
510        536        
511        536        
512        513        
512        537        
513        537        
514        515        
514        538        
515        538        
516        517        
516        539        
517        539        
518        519        
518        540        
519        540        
520        521        
520        541        
521        541        
522        523        
522        542        
523        542        
524        525        
524        543        
525        543        
526        527        
526        544        
527        544        
530        545        
530        546        
545        546        
531        547        
531        548        
547        548        
532        549        
532        550        
549        550        
533        551        
533        552        
551        552        
534        553        
534        554        
553        554        
535        555        
535        556        
555        556        
536        557        
536        558        
557        558        
537        559        
537        560        
559        560        
538        561        
538        562        
561        562        
539        563        
539        564        
563        564        
540        565        
540        566        
565        566        
541        567        
541        568        
567        568        
542        569        
542        570        
569        570        
543        571        
543        572        
571        572        
544        573        
544        574        
573        574        
529        575        
529        576        
575        576        
545        576        
545        577        
576        577        
546        547        
546        578        
547        578        
548        549        
548        579        
549        579        
550        551        
550        580        
551        580        
552        553        
552        581        
553        581        
554        555        
554        582        
555        582        
556        557        
556        583        
557        583        
558        559        
558        584        
559        584        
560        561        
560        585        
561        585        
562        563        
562        586        
563        586        
564        565        
564        587        
565        587        
566        567        
566        588        
567        588        
568        569        
568        589        
569        589        
570        571        
570        590        
571        590        
572        573        
572        591        
573        591        
574        575        
574        592        
575        592        
577        593        
577        594        
593        594        
578        595        
578        596        
595        596        
579        597        
579        598        
597        598        
580        599        
580        600        
599        600        
581        601        
581        602        
601        602        
582        603        
582        604        
603        604        
583        605        
583        606        
605        606        
584        607        
584        608        
607        608        
585        609        
585        610        
609        610        
586        611        
586        612        
611        612        
587        613        
587        614        
613        614        
588        615        
588        616        
615        616        
589        617        
589        618        
617        618        
590        619        
590        620        
619        620        
591        621        
591        622        
621        622        
592        623        
592        624        
623        624        
593        624        
593        625        
624        625        
594        595        
594        626        
595        626        
596        597        
596        627        
597        627        
598        599        
598        628        
599        628        
600        601        
600        629        
601        629        
602        603        
602        630        
603        630        
604        605        
604        631        
605        631        
606        607        
606        632        
607        632        
608        609        
608        633        
609        633        
610        611        
610        634        
611        634        
612        613        
612        635        
613        635        
614        615        
614        636        
615        636        
616        617        
616        637        
617        637        
618        619        
618        638        
619        638        
620        621        
620        639        
621        639        
622        623        
622        640        
623        640        
626        641        
626        642        
641        642        
627        643        
627        644        
643        644        
628        645        
628        646        
645        646        
629        647        
629        648        
647        648        
630        649        
630        650        
649        650        
631        651        
631        652        
651        652        
632        653        
632        654        
653        654        
633        655        
633        656        
655        656        
634        657        
634        658        
657        658        
635        659        
635        660        
659        660        
636        661        
636        662        
661        662        
637        663        
637        664        
663        664        
638        665        
638        666        
665        666        
639        667        
639        668        
667        668        
640        669        
640        670        
669        670        
625        642        
625        671        
642        671        
641        643        
641        672        
643        672        
644        645        
644        673        
645        673        
646        647        
646        674        
647        674        
648        649        
648        675        
649        675        
650        651        
650        676        
651        676        
652        653        
652        677        
653        677        
654        655        
654        678        
655        678        
656        657        
656        679        
657        679        
658        659        
658        680        
659        680        
660        661        
660        681        
661        681        
662        663        
662        682        
663        682        
664        665        
664        683        
665        683        
666        667        
666        684        
667        684        
668        669        
668        685        
669        685        
670        671        
670        686        
671        686        
673        687        
673        688        
687        688        
674        689        
674        690        
689        690        
675        691        
675        692        
691        692        
676        693        
676        694        
693        694        
677        695        
677        696        
695        696        
678        697        
678        698        
697        698        
679        699        
679        700        
699        700        
680        701        
680        702        
701        702        
681        703        
681        704        
703        704        
682        705        
682        706        
705        706        
683        707        
683        708        
707        708        
684        709        
684        710        
709        710        
685        711        
685        712        
711        712        
672        687        
672        713        
687        713        
688        689        
688        714        
689        714        
690        691        
690        715        
691        715        
692        693        
692        716        
693        716        
694        695        
694        717        
695        717        
696        697        
696        718        
697        718        
698        699        
698        719        
699        719        
700        701        
700        720        
701        720        
702        703        
702        721        
703        721        
704        705        
704        722        
705        722        
706        707        
706        723        
707        723        
708        709        
708        724        
709        724        
710        711        
710        725        
711        725        
686        712        
686        726        
712        726        
713        727        
713        728        
727        728        
714        729        
714        730        
729        730        
715        731        
715        732        
731        732        
716        733        
716        734        
733        734        
717        735        
717        736        
735        736        
718        737        
718        738        
737        738        
719        739        
719        740        
739        740        
720        741        
720        742        
741        742        
721        743        
721        744        
743        744        
722        745        
722        746        
745        746        
723        747        
723        748        
747        748        
724        749        
724        750        
749        750        
725        751        
725        752        
751        752        
726        753        
726        754        
753        754        
3          755        
3          756        
755        756        
6          728        
6          755        
728        755        
9          727        
9          730        
727        730        
12         729        
12         732        
729        732        
15         731        
15         734        
731        734        
18         733        
18         736        
733        736        
21         735        
21         738        
735        738        
24         737        
24         740        
737        740        
27         739        
27         742        
739        742        
30         741        
30         744        
741        744        
33         743        
33         746        
743        746        
36         745        
36         748        
745        748        
39         747        
39         750        
747        750        
42         749        
42         752        
749        752        
45         751        
45         754        
751        754        
46         753        
46         756        
753        756        
