2712
1          679        
1          691        
2          679        
2          692        
3          679        
3          1110       
4          680        
4          692        
5          680        
5          693        
6          680        
6          1121       
7          681        
7          693        
8          681        
8          694        
9          681        
9          1122       
10         682        
10         694        
11         682        
11         695        
12         682        
12         1123       
13         683        
13         695        
14         683        
14         696        
15         683        
15         1124       
16         684        
16         696        
17         684        
17         697        
18         684        
18         1125       
19         685        
19         697        
20         685        
20         698        
21         685        
21         1126       
22         686        
22         698        
23         686        
23         699        
24         686        
24         1127       
25         687        
25         699        
26         687        
26         700        
27         687        
27         1128       
28         688        
28         700        
29         688        
29         701        
30         688        
30         1129       
31         689        
31         701        
32         689        
32         702        
33         689        
33         1130       
34         690        
34         702        
35         690        
35         703        
36         690        
36         1120       
37         691        
37         705        
38         691        
38         704        
39         692        
39         706        
40         693        
40         707        
41         694        
41         708        
42         695        
42         709        
43         696        
43         710        
44         697        
44         711        
45         698        
45         712        
46         699        
46         713        
47         700        
47         714        
48         701        
48         715        
49         702        
49         716        
50         703        
50         717        
51         703        
51         718        
52         704        
52         720        
53         704        
53         721        
54         705        
54         721        
55         705        
55         722        
56         706        
56         722        
57         706        
57         723        
58         707        
58         723        
59         707        
59         724        
60         708        
60         724        
61         708        
61         725        
62         709        
62         725        
63         709        
63         726        
64         710        
64         726        
65         710        
65         727        
66         711        
66         727        
67         711        
67         728        
68         712        
68         728        
69         712        
69         729        
70         713        
70         729        
71         713        
71         730        
72         714        
72         730        
73         714        
73         731        
74         715        
74         731        
75         715        
75         732        
76         716        
76         732        
77         716        
77         733        
78         717        
78         733        
79         717        
79         734        
80         718        
80         734        
81         718        
81         719        
82         719        
82         735        
83         719        
83         720        
84         720        
84         736        
85         721        
85         737        
86         722        
86         738        
87         723        
87         739        
88         724        
88         740        
89         725        
89         741        
90         726        
90         742        
91         727        
91         743        
92         728        
92         744        
93         729        
93         745        
94         730        
94         746        
95         731        
95         747        
96         732        
96         748        
97         733        
97         749        
98         734        
98         750        
99         735        
99         751        
100        735        
100        752        
101        736        
101        752        
102        736        
102        753        
103        737        
103        753        
104        737        
104        754        
105        738        
105        754        
106        738        
106        755        
107        739        
107        755        
108        739        
108        756        
109        740        
109        756        
110        740        
110        757        
111        741        
111        757        
112        741        
112        758        
113        742        
113        758        
114        742        
114        759        
115        743        
115        759        
116        743        
116        760        
117        744        
117        760        
118        744        
118        761        
119        745        
119        761        
120        745        
120        762        
121        746        
121        762        
122        746        
122        763        
123        747        
123        763        
124        747        
124        764        
125        748        
125        764        
126        748        
126        765        
127        749        
127        765        
128        749        
128        766        
129        750        
129        766        
130        750        
130        751        
131        751        
131        782        
132        752        
132        767        
133        753        
133        768        
134        754        
134        769        
135        755        
135        770        
136        756        
136        771        
137        757        
137        772        
138        758        
138        773        
139        759        
139        774        
140        760        
140        775        
141        761        
141        776        
142        762        
142        777        
143        763        
143        778        
144        764        
144        779        
145        765        
145        780        
146        766        
146        781        
147        767        
147        783        
148        767        
148        784        
149        768        
149        784        
150        768        
150        785        
151        769        
151        785        
152        769        
152        786        
153        770        
153        786        
154        770        
154        787        
155        771        
155        787        
156        771        
156        788        
157        772        
157        788        
158        772        
158        789        
159        773        
159        789        
160        773        
160        790        
161        774        
161        790        
162        774        
162        791        
163        775        
163        791        
164        775        
164        792        
165        776        
165        792        
166        776        
166        793        
167        777        
167        793        
168        777        
168        794        
169        778        
169        794        
170        778        
170        795        
171        779        
171        795        
172        779        
172        796        
173        780        
173        796        
174        780        
174        797        
175        781        
175        797        
176        781        
176        798        
177        782        
177        798        
178        782        
178        783        
179        783        
179        799        
180        784        
180        800        
181        785        
181        801        
182        786        
182        802        
183        787        
183        803        
184        788        
184        804        
185        789        
185        805        
186        790        
186        806        
187        791        
187        807        
188        792        
188        808        
189        793        
189        809        
190        794        
190        810        
191        795        
191        811        
192        796        
192        812        
193        797        
193        813        
194        798        
194        814        
195        799        
195        815        
196        799        
196        816        
197        800        
197        816        
198        800        
198        817        
199        801        
199        817        
200        801        
200        818        
201        802        
201        818        
202        802        
202        819        
203        803        
203        819        
204        803        
204        820        
205        804        
205        820        
206        804        
206        821        
207        805        
207        821        
208        805        
208        822        
209        806        
209        822        
210        806        
210        823        
211        807        
211        823        
212        807        
212        824        
213        808        
213        824        
214        808        
214        825        
215        809        
215        825        
216        809        
216        826        
217        810        
217        826        
218        810        
218        827        
219        811        
219        827        
220        811        
220        828        
221        812        
221        828        
222        812        
222        829        
223        813        
223        829        
224        813        
224        830        
225        814        
225        830        
226        814        
226        815        
227        815        
227        846        
228        816        
228        831        
229        817        
229        832        
230        818        
230        833        
231        819        
231        834        
232        820        
232        835        
233        821        
233        836        
234        822        
234        837        
235        823        
235        838        
236        824        
236        839        
237        825        
237        840        
238        826        
238        841        
239        827        
239        842        
240        828        
240        843        
241        829        
241        844        
242        830        
242        845        
243        831        
243        847        
244        831        
244        848        
245        832        
245        848        
246        832        
246        849        
247        833        
247        849        
248        833        
248        850        
249        834        
249        850        
250        834        
250        851        
251        835        
251        851        
252        835        
252        852        
253        836        
253        852        
254        836        
254        853        
255        837        
255        853        
256        837        
256        854        
257        838        
257        854        
258        838        
258        855        
259        839        
259        855        
260        839        
260        856        
261        840        
261        856        
262        840        
262        857        
263        841        
263        857        
264        841        
264        858        
265        842        
265        858        
266        842        
266        859        
267        843        
267        859        
268        843        
268        860        
269        844        
269        860        
270        844        
270        861        
271        845        
271        861        
272        845        
272        862        
273        846        
273        862        
274        846        
274        847        
275        847        
275        863        
276        848        
276        864        
277        849        
277        865        
278        850        
278        866        
279        851        
279        867        
280        852        
280        868        
281        853        
281        869        
282        854        
282        870        
283        855        
283        871        
284        856        
284        872        
285        857        
285        873        
286        858        
286        874        
287        859        
287        875        
288        860        
288        876        
289        861        
289        877        
290        862        
290        878        
291        863        
291        879        
292        863        
292        880        
293        864        
293        880        
294        864        
294        881        
295        865        
295        881        
296        865        
296        882        
297        866        
297        882        
298        866        
298        883        
299        867        
299        883        
300        867        
300        884        
301        868        
301        884        
302        868        
302        885        
303        869        
303        885        
304        869        
304        886        
305        870        
305        886        
306        870        
306        887        
307        871        
307        887        
308        871        
308        888        
309        872        
309        888        
310        872        
310        889        
311        873        
311        889        
312        873        
312        890        
313        874        
313        890        
314        874        
314        891        
315        875        
315        891        
316        875        
316        892        
317        876        
317        892        
318        876        
318        893        
319        877        
319        893        
320        877        
320        894        
321        878        
321        894        
322        878        
322        879        
323        879        
323        910        
324        880        
324        895        
325        881        
325        896        
326        882        
326        897        
327        883        
327        898        
328        884        
328        899        
329        885        
329        900        
330        886        
330        901        
331        887        
331        902        
332        888        
332        903        
333        889        
333        904        
334        890        
334        905        
335        891        
335        906        
336        892        
336        907        
337        893        
337        908        
338        894        
338        909        
339        895        
339        911        
340        895        
340        912        
341        896        
341        912        
342        896        
342        913        
343        897        
343        913        
344        897        
344        914        
345        898        
345        914        
346        898        
346        915        
347        899        
347        915        
348        899        
348        916        
349        900        
349        916        
350        900        
350        917        
351        901        
351        917        
352        901        
352        918        
353        902        
353        918        
354        902        
354        919        
355        903        
355        919        
356        903        
356        920        
357        904        
357        920        
358        904        
358        921        
359        905        
359        921        
360        905        
360        922        
361        906        
361        922        
362        906        
362        923        
363        907        
363        923        
364        907        
364        924        
365        908        
365        924        
366        908        
366        925        
367        909        
367        925        
368        909        
368        926        
369        910        
369        926        
370        910        
370        911        
371        911        
371        927        
372        912        
372        928        
373        913        
373        929        
374        914        
374        930        
375        915        
375        931        
376        916        
376        932        
377        917        
377        933        
378        918        
378        934        
379        919        
379        935        
380        920        
380        936        
381        921        
381        937        
382        922        
382        938        
383        923        
383        939        
384        924        
384        940        
385        925        
385        941        
386        926        
386        942        
387        927        
387        943        
388        927        
388        944        
389        928        
389        944        
390        928        
390        945        
391        929        
391        945        
392        929        
392        946        
393        930        
393        946        
394        930        
394        947        
395        931        
395        947        
396        931        
396        948        
397        932        
397        948        
398        932        
398        949        
399        933        
399        949        
400        933        
400        950        
401        934        
401        950        
402        934        
402        951        
403        935        
403        951        
404        935        
404        952        
405        936        
405        952        
406        936        
406        953        
407        937        
407        953        
408        937        
408        954        
409        938        
409        954        
410        938        
410        955        
411        939        
411        955        
412        939        
412        956        
413        940        
413        956        
414        940        
414        957        
415        941        
415        957        
416        941        
416        958        
417        942        
417        958        
418        942        
418        943        
419        943        
419        974        
420        944        
420        959        
421        945        
421        960        
422        946        
422        961        
423        947        
423        962        
424        948        
424        963        
425        949        
425        964        
426        950        
426        965        
427        951        
427        966        
428        952        
428        967        
429        953        
429        968        
430        954        
430        969        
431        955        
431        970        
432        956        
432        971        
433        957        
433        972        
434        958        
434        973        
435        959        
435        975        
436        959        
436        976        
437        960        
437        976        
438        960        
438        977        
439        961        
439        977        
440        961        
440        978        
441        962        
441        978        
442        962        
442        979        
443        963        
443        979        
444        963        
444        980        
445        964        
445        980        
446        964        
446        981        
447        965        
447        981        
448        965        
448        982        
449        966        
449        982        
450        966        
450        983        
451        967        
451        983        
452        967        
452        984        
453        968        
453        984        
454        968        
454        985        
455        969        
455        985        
456        969        
456        986        
457        970        
457        986        
458        970        
458        987        
459        971        
459        987        
460        971        
460        988        
461        972        
461        988        
462        972        
462        989        
463        973        
463        989        
464        973        
464        990        
465        974        
465        990        
466        974        
466        975        
467        975        
467        991        
468        976        
468        992        
469        977        
469        993        
470        978        
470        994        
471        979        
471        995        
472        980        
472        996        
473        981        
473        997        
474        982        
474        998        
475        983        
475        999        
476        984        
476        1000       
477        985        
477        1001       
478        986        
478        1002       
479        987        
479        1003       
480        988        
480        1004       
481        989        
481        1005       
482        990        
482        1006       
483        991        
483        1007       
484        991        
484        992        
485        992        
485        1008       
486        993        
486        1008       
487        993        
487        1009       
488        994        
488        1009       
489        994        
489        1010       
490        995        
490        1010       
491        995        
491        1011       
492        996        
492        1011       
493        996        
493        1012       
494        997        
494        1012       
495        997        
495        1013       
496        998        
496        1013       
497        998        
497        1014       
498        999        
498        1014       
499        999        
499        1015       
500        1000       
500        1015       
501        1000       
501        1016       
502        1001       
502        1016       
503        1001       
503        1017       
504        1002       
504        1017       
505        1002       
505        1018       
506        1003       
506        1018       
507        1003       
507        1019       
508        1004       
508        1019       
509        1004       
509        1020       
510        1005       
510        1020       
511        1005       
511        1021       
512        1006       
512        1021       
513        1006       
513        1007       
514        1007       
514        1034       
515        1008       
515        1022       
516        1009       
516        1022       
517        1010       
517        1023       
518        1011       
518        1024       
519        1012       
519        1025       
520        1013       
520        1026       
521        1014       
521        1027       
522        1015       
522        1028       
523        1016       
523        1029       
524        1017       
524        1030       
525        1018       
525        1031       
526        1019       
526        1032       
527        1020       
527        1033       
528        1021       
528        1034       
529        1022       
529        1035       
530        1023       
530        1035       
531        1023       
531        1036       
532        1024       
532        1036       
533        1024       
533        1037       
534        1025       
534        1037       
535        1025       
535        1038       
536        1026       
536        1038       
537        1026       
537        1039       
538        1027       
538        1039       
539        1027       
539        1040       
540        1028       
540        1040       
541        1028       
541        1041       
542        1029       
542        1041       
543        1029       
543        1042       
544        1030       
544        1042       
545        1030       
545        1043       
546        1031       
546        1043       
547        1031       
547        1044       
548        1032       
548        1044       
549        1032       
549        1045       
550        1033       
550        1045       
551        1033       
551        1046       
552        1034       
552        1046       
553        1035       
553        1057       
554        1036       
554        1047       
555        1037       
555        1048       
556        1038       
556        1049       
557        1039       
557        1050       
558        1040       
558        1051       
559        1041       
559        1052       
560        1042       
560        1053       
561        1043       
561        1054       
562        1044       
562        1055       
563        1045       
563        1056       
564        1046       
564        1067       
565        1047       
565        1057       
566        1047       
566        1058       
567        1048       
567        1058       
568        1048       
568        1059       
569        1049       
569        1059       
570        1049       
570        1060       
571        1050       
571        1060       
572        1050       
572        1061       
573        1051       
573        1061       
574        1051       
574        1062       
575        1052       
575        1062       
576        1052       
576        1063       
577        1053       
577        1063       
578        1053       
578        1064       
579        1054       
579        1064       
580        1054       
580        1065       
581        1055       
581        1065       
582        1055       
582        1066       
583        1056       
583        1066       
584        1056       
584        1067       
585        1057       
585        1068       
586        1058       
586        1069       
587        1059       
587        1070       
588        1060       
588        1071       
589        1061       
589        1072       
590        1062       
590        1073       
591        1063       
591        1074       
592        1064       
592        1075       
593        1065       
593        1076       
594        1066       
594        1077       
595        1067       
595        1078       
596        1068       
596        1079       
597        1068       
597        1099       
598        1069       
598        1079       
599        1069       
599        1080       
600        1070       
600        1080       
601        1070       
601        1081       
602        1071       
602        1081       
603        1071       
603        1082       
604        1072       
604        1082       
605        1072       
605        1083       
606        1073       
606        1083       
607        1073       
607        1084       
608        1074       
608        1084       
609        1074       
609        1085       
610        1075       
610        1085       
611        1075       
611        1086       
612        1076       
612        1086       
613        1076       
613        1087       
614        1077       
614        1087       
615        1077       
615        1088       
616        1078       
616        1088       
617        1078       
617        1109       
618        1079       
618        1089       
619        1080       
619        1090       
620        1081       
620        1091       
621        1082       
621        1092       
622        1083       
622        1093       
623        1084       
623        1094       
624        1085       
624        1095       
625        1086       
625        1096       
626        1087       
626        1097       
627        1088       
627        1098       
628        1089       
628        1099       
629        1089       
629        1100       
630        1090       
630        1100       
631        1090       
631        1101       
632        1091       
632        1101       
633        1091       
633        1102       
634        1092       
634        1102       
635        1092       
635        1103       
636        1093       
636        1103       
637        1093       
637        1104       
638        1094       
638        1104       
639        1094       
639        1105       
640        1095       
640        1105       
641        1095       
641        1106       
642        1096       
642        1106       
643        1096       
643        1107       
644        1097       
644        1107       
645        1097       
645        1108       
646        1098       
646        1108       
647        1098       
647        1109       
648        1099       
648        1110       
649        1100       
649        1111       
650        1101       
650        1112       
651        1102       
651        1113       
652        1103       
652        1114       
653        1104       
653        1115       
654        1105       
654        1116       
655        1106       
655        1117       
656        1107       
656        1118       
657        1108       
657        1119       
658        1109       
658        1120       
659        1110       
659        1121       
660        1111       
660        1122       
661        1111       
661        1121       
662        1112       
662        1123       
663        1112       
663        1122       
664        1113       
664        1124       
665        1113       
665        1123       
666        1114       
666        1125       
667        1114       
667        1124       
668        1115       
668        1126       
669        1115       
669        1125       
670        1116       
670        1127       
671        1116       
671        1126       
672        1117       
672        1128       
673        1117       
673        1127       
674        1118       
674        1129       
675        1118       
675        1128       
676        1119       
676        1130       
677        1119       
677        1129       
678        1120       
678        1130       
1          2          
1          3          
2          3          
4          5          
4          6          
5          6          
7          8          
7          9          
8          9          
10         11         
10         12         
11         12         
13         14         
13         15         
14         15         
16         17         
16         18         
17         18         
19         20         
19         21         
20         21         
22         23         
22         24         
23         24         
25         26         
25         27         
26         27         
28         29         
28         30         
29         30         
31         32         
31         33         
32         33         
34         35         
34         36         
35         36         
1          37         
1          38         
37         38         
2          4          
2          39         
4          39         
5          7          
5          40         
7          40         
8          10         
8          41         
10         41         
11         13         
11         42         
13         42         
14         16         
14         43         
16         43         
17         19         
17         44         
19         44         
20         22         
20         45         
22         45         
23         25         
23         46         
25         46         
26         28         
26         47         
28         47         
29         31         
29         48         
31         48         
32         34         
32         49         
34         49         
35         50         
35         51         
50         51         
38         52         
38         53         
52         53         
37         54         
37         55         
54         55         
39         56         
39         57         
56         57         
40         58         
40         59         
58         59         
41         60         
41         61         
60         61         
42         62         
42         63         
62         63         
43         64         
43         65         
64         65         
44         66         
44         67         
66         67         
45         68         
45         69         
68         69         
46         70         
46         71         
70         71         
47         72         
47         73         
72         73         
48         74         
48         75         
74         75         
49         76         
49         77         
76         77         
50         78         
50         79         
78         79         
51         80         
51         81         
80         81         
81         82         
81         83         
82         83         
52         83         
52         84         
83         84         
53         54         
53         85         
54         85         
55         56         
55         86         
56         86         
57         58         
57         87         
58         87         
59         60         
59         88         
60         88         
61         62         
61         89         
62         89         
63         64         
63         90         
64         90         
65         66         
65         91         
66         91         
67         68         
67         92         
68         92         
69         70         
69         93         
70         93         
71         72         
71         94         
72         94         
73         74         
73         95         
74         95         
75         76         
75         96         
76         96         
77         78         
77         97         
78         97         
79         80         
79         98         
80         98         
82         99         
82         100        
99         100        
84         101        
84         102        
101        102        
85         103        
85         104        
103        104        
86         105        
86         106        
105        106        
87         107        
87         108        
107        108        
88         109        
88         110        
109        110        
89         111        
89         112        
111        112        
90         113        
90         114        
113        114        
91         115        
91         116        
115        116        
92         117        
92         118        
117        118        
93         119        
93         120        
119        120        
94         121        
94         122        
121        122        
95         123        
95         124        
123        124        
96         125        
96         126        
125        126        
97         127        
97         128        
127        128        
98         129        
98         130        
129        130        
99         130        
99         131        
130        131        
100        101        
100        132        
101        132        
102        103        
102        133        
103        133        
104        105        
104        134        
105        134        
106        107        
106        135        
107        135        
108        109        
108        136        
109        136        
110        111        
110        137        
111        137        
112        113        
112        138        
113        138        
114        115        
114        139        
115        139        
116        117        
116        140        
117        140        
118        119        
118        141        
119        141        
120        121        
120        142        
121        142        
122        123        
122        143        
123        143        
124        125        
124        144        
125        144        
126        127        
126        145        
127        145        
128        129        
128        146        
129        146        
132        147        
132        148        
147        148        
133        149        
133        150        
149        150        
134        151        
134        152        
151        152        
135        153        
135        154        
153        154        
136        155        
136        156        
155        156        
137        157        
137        158        
157        158        
138        159        
138        160        
159        160        
139        161        
139        162        
161        162        
140        163        
140        164        
163        164        
141        165        
141        166        
165        166        
142        167        
142        168        
167        168        
143        169        
143        170        
169        170        
144        171        
144        172        
171        172        
145        173        
145        174        
173        174        
146        175        
146        176        
175        176        
131        177        
131        178        
177        178        
147        178        
147        179        
178        179        
148        149        
148        180        
149        180        
150        151        
150        181        
151        181        
152        153        
152        182        
153        182        
154        155        
154        183        
155        183        
156        157        
156        184        
157        184        
158        159        
158        185        
159        185        
160        161        
160        186        
161        186        
162        163        
162        187        
163        187        
164        165        
164        188        
165        188        
166        167        
166        189        
167        189        
168        169        
168        190        
169        190        
170        171        
170        191        
171        191        
172        173        
172        192        
173        192        
174        175        
174        193        
175        193        
176        177        
176        194        
177        194        
179        195        
179        196        
195        196        
180        197        
180        198        
197        198        
181        199        
181        200        
199        200        
182        201        
182        202        
201        202        
183        203        
183        204        
203        204        
184        205        
184        206        
205        206        
185        207        
185        208        
207        208        
186        209        
186        210        
209        210        
187        211        
187        212        
211        212        
188        213        
188        214        
213        214        
189        215        
189        216        
215        216        
190        217        
190        218        
217        218        
191        219        
191        220        
219        220        
192        221        
192        222        
221        222        
193        223        
193        224        
223        224        
194        225        
194        226        
225        226        
195        226        
195        227        
226        227        
196        197        
196        228        
197        228        
198        199        
198        229        
199        229        
200        201        
200        230        
201        230        
202        203        
202        231        
203        231        
204        205        
204        232        
205        232        
206        207        
206        233        
207        233        
208        209        
208        234        
209        234        
210        211        
210        235        
211        235        
212        213        
212        236        
213        236        
214        215        
214        237        
215        237        
216        217        
216        238        
217        238        
218        219        
218        239        
219        239        
220        221        
220        240        
221        240        
222        223        
222        241        
223        241        
224        225        
224        242        
225        242        
228        243        
228        244        
243        244        
229        245        
229        246        
245        246        
230        247        
230        248        
247        248        
231        249        
231        250        
249        250        
232        251        
232        252        
251        252        
233        253        
233        254        
253        254        
234        255        
234        256        
255        256        
235        257        
235        258        
257        258        
236        259        
236        260        
259        260        
237        261        
237        262        
261        262        
238        263        
238        264        
263        264        
239        265        
239        266        
265        266        
240        267        
240        268        
267        268        
241        269        
241        270        
269        270        
242        271        
242        272        
271        272        
227        273        
227        274        
273        274        
243        274        
243        275        
274        275        
244        245        
244        276        
245        276        
246        247        
246        277        
247        277        
248        249        
248        278        
249        278        
250        251        
250        279        
251        279        
252        253        
252        280        
253        280        
254        255        
254        281        
255        281        
256        257        
256        282        
257        282        
258        259        
258        283        
259        283        
260        261        
260        284        
261        284        
262        263        
262        285        
263        285        
264        265        
264        286        
265        286        
266        267        
266        287        
267        287        
268        269        
268        288        
269        288        
270        271        
270        289        
271        289        
272        273        
272        290        
273        290        
275        291        
275        292        
291        292        
276        293        
276        294        
293        294        
277        295        
277        296        
295        296        
278        297        
278        298        
297        298        
279        299        
279        300        
299        300        
280        301        
280        302        
301        302        
281        303        
281        304        
303        304        
282        305        
282        306        
305        306        
283        307        
283        308        
307        308        
284        309        
284        310        
309        310        
285        311        
285        312        
311        312        
286        313        
286        314        
313        314        
287        315        
287        316        
315        316        
288        317        
288        318        
317        318        
289        319        
289        320        
319        320        
290        321        
290        322        
321        322        
291        322        
291        323        
322        323        
292        293        
292        324        
293        324        
294        295        
294        325        
295        325        
296        297        
296        326        
297        326        
298        299        
298        327        
299        327        
300        301        
300        328        
301        328        
302        303        
302        329        
303        329        
304        305        
304        330        
305        330        
306        307        
306        331        
307        331        
308        309        
308        332        
309        332        
310        311        
310        333        
311        333        
312        313        
312        334        
313        334        
314        315        
314        335        
315        335        
316        317        
316        336        
317        336        
318        319        
318        337        
319        337        
320        321        
320        338        
321        338        
324        339        
324        340        
339        340        
325        341        
325        342        
341        342        
326        343        
326        344        
343        344        
327        345        
327        346        
345        346        
328        347        
328        348        
347        348        
329        349        
329        350        
349        350        
330        351        
330        352        
351        352        
331        353        
331        354        
353        354        
332        355        
332        356        
355        356        
333        357        
333        358        
357        358        
334        359        
334        360        
359        360        
335        361        
335        362        
361        362        
336        363        
336        364        
363        364        
337        365        
337        366        
365        366        
338        367        
338        368        
367        368        
323        369        
323        370        
369        370        
339        370        
339        371        
370        371        
340        341        
340        372        
341        372        
342        343        
342        373        
343        373        
344        345        
344        374        
345        374        
346        347        
346        375        
347        375        
348        349        
348        376        
349        376        
350        351        
350        377        
351        377        
352        353        
352        378        
353        378        
354        355        
354        379        
355        379        
356        357        
356        380        
357        380        
358        359        
358        381        
359        381        
360        361        
360        382        
361        382        
362        363        
362        383        
363        383        
364        365        
364        384        
365        384        
366        367        
366        385        
367        385        
368        369        
368        386        
369        386        
371        387        
371        388        
387        388        
372        389        
372        390        
389        390        
373        391        
373        392        
391        392        
374        393        
374        394        
393        394        
375        395        
375        396        
395        396        
376        397        
376        398        
397        398        
377        399        
377        400        
399        400        
378        401        
378        402        
401        402        
379        403        
379        404        
403        404        
380        405        
380        406        
405        406        
381        407        
381        408        
407        408        
382        409        
382        410        
409        410        
383        411        
383        412        
411        412        
384        413        
384        414        
413        414        
385        415        
385        416        
415        416        
386        417        
386        418        
417        418        
387        418        
387        419        
418        419        
388        389        
388        420        
389        420        
390        391        
390        421        
391        421        
392        393        
392        422        
393        422        
394        395        
394        423        
395        423        
396        397        
396        424        
397        424        
398        399        
398        425        
399        425        
400        401        
400        426        
401        426        
402        403        
402        427        
403        427        
404        405        
404        428        
405        428        
406        407        
406        429        
407        429        
408        409        
408        430        
409        430        
410        411        
410        431        
411        431        
412        413        
412        432        
413        432        
414        415        
414        433        
415        433        
416        417        
416        434        
417        434        
420        435        
420        436        
435        436        
421        437        
421        438        
437        438        
422        439        
422        440        
439        440        
423        441        
423        442        
441        442        
424        443        
424        444        
443        444        
425        445        
425        446        
445        446        
426        447        
426        448        
447        448        
427        449        
427        450        
449        450        
428        451        
428        452        
451        452        
429        453        
429        454        
453        454        
430        455        
430        456        
455        456        
431        457        
431        458        
457        458        
432        459        
432        460        
459        460        
433        461        
433        462        
461        462        
434        463        
434        464        
463        464        
419        465        
419        466        
465        466        
435        466        
435        467        
466        467        
436        437        
436        468        
437        468        
438        439        
438        469        
439        469        
440        441        
440        470        
441        470        
442        443        
442        471        
443        471        
444        445        
444        472        
445        472        
446        447        
446        473        
447        473        
448        449        
448        474        
449        474        
450        451        
450        475        
451        475        
452        453        
452        476        
453        476        
454        455        
454        477        
455        477        
456        457        
456        478        
457        478        
458        459        
458        479        
459        479        
460        461        
460        480        
461        480        
462        463        
462        481        
463        481        
464        465        
464        482        
465        482        
467        483        
467        484        
483        484        
468        484        
468        485        
484        485        
469        486        
469        487        
486        487        
470        488        
470        489        
488        489        
471        490        
471        491        
490        491        
472        492        
472        493        
492        493        
473        494        
473        495        
494        495        
474        496        
474        497        
496        497        
475        498        
475        499        
498        499        
476        500        
476        501        
500        501        
477        502        
477        503        
502        503        
478        504        
478        505        
504        505        
479        506        
479        507        
506        507        
480        508        
480        509        
508        509        
481        510        
481        511        
510        511        
482        512        
482        513        
512        513        
483        513        
483        514        
513        514        
485        486        
485        515        
486        515        
487        488        
487        516        
488        516        
489        490        
489        517        
490        517        
491        492        
491        518        
492        518        
493        494        
493        519        
494        519        
495        496        
495        520        
496        520        
497        498        
497        521        
498        521        
499        500        
499        522        
500        522        
501        502        
501        523        
502        523        
503        504        
503        524        
504        524        
505        506        
505        525        
506        525        
507        508        
507        526        
508        526        
509        510        
509        527        
510        527        
511        512        
511        528        
512        528        
515        516        
515        529        
516        529        
517        530        
517        531        
530        531        
518        532        
518        533        
532        533        
519        534        
519        535        
534        535        
520        536        
520        537        
536        537        
521        538        
521        539        
538        539        
522        540        
522        541        
540        541        
523        542        
523        543        
542        543        
524        544        
524        545        
544        545        
525        546        
525        547        
546        547        
526        548        
526        549        
548        549        
527        550        
527        551        
550        551        
514        528        
514        552        
528        552        
529        530        
529        553        
530        553        
531        532        
531        554        
532        554        
533        534        
533        555        
534        555        
535        536        
535        556        
536        556        
537        538        
537        557        
538        557        
539        540        
539        558        
540        558        
541        542        
541        559        
542        559        
543        544        
543        560        
544        560        
545        546        
545        561        
546        561        
547        548        
547        562        
548        562        
549        550        
549        563        
550        563        
551        552        
551        564        
552        564        
554        565        
554        566        
565        566        
555        567        
555        568        
567        568        
556        569        
556        570        
569        570        
557        571        
557        572        
571        572        
558        573        
558        574        
573        574        
559        575        
559        576        
575        576        
560        577        
560        578        
577        578        
561        579        
561        580        
579        580        
562        581        
562        582        
581        582        
563        583        
563        584        
583        584        
553        565        
553        585        
565        585        
566        567        
566        586        
567        586        
568        569        
568        587        
569        587        
570        571        
570        588        
571        588        
572        573        
572        589        
573        589        
574        575        
574        590        
575        590        
576        577        
576        591        
577        591        
578        579        
578        592        
579        592        
580        581        
580        593        
581        593        
582        583        
582        594        
583        594        
564        584        
564        595        
584        595        
585        596        
585        597        
596        597        
586        598        
586        599        
598        599        
587        600        
587        601        
600        601        
588        602        
588        603        
602        603        
589        604        
589        605        
604        605        
590        606        
590        607        
606        607        
591        608        
591        609        
608        609        
592        610        
592        611        
610        611        
593        612        
593        613        
612        613        
594        614        
594        615        
614        615        
595        616        
595        617        
616        617        
596        598        
596        618        
598        618        
599        600        
599        619        
600        619        
601        602        
601        620        
602        620        
603        604        
603        621        
604        621        
605        606        
605        622        
606        622        
607        608        
607        623        
608        623        
609        610        
609        624        
610        624        
611        612        
611        625        
612        625        
613        614        
613        626        
614        626        
615        616        
615        627        
616        627        
618        628        
618        629        
628        629        
619        630        
619        631        
630        631        
620        632        
620        633        
632        633        
621        634        
621        635        
634        635        
622        636        
622        637        
636        637        
623        638        
623        639        
638        639        
624        640        
624        641        
640        641        
625        642        
625        643        
642        643        
626        644        
626        645        
644        645        
627        646        
627        647        
646        647        
597        628        
597        648        
628        648        
629        630        
629        649        
630        649        
631        632        
631        650        
632        650        
633        634        
633        651        
634        651        
635        636        
635        652        
636        652        
637        638        
637        653        
638        653        
639        640        
639        654        
640        654        
641        642        
641        655        
642        655        
643        644        
643        656        
644        656        
645        646        
645        657        
646        657        
617        647        
617        658        
647        658        
3          648        
3          659        
648        659        
649        660        
649        661        
660        661        
650        662        
650        663        
662        663        
651        664        
651        665        
664        665        
652        666        
652        667        
666        667        
653        668        
653        669        
668        669        
654        670        
654        671        
670        671        
655        672        
655        673        
672        673        
656        674        
656        675        
674        675        
657        676        
657        677        
676        677        
36         658        
36         678        
658        678        
6          659        
6          661        
659        661        
9          660        
9          663        
660        663        
12         662        
12         665        
662        665        
15         664        
15         667        
664        667        
18         666        
18         669        
666        669        
21         668        
21         671        
668        671        
24         670        
24         673        
670        673        
27         672        
27         675        
672        675        
30         674        
30         677        
674        677        
33         676        
33         678        
676        678        
