3012
1          754        
1          769        
2          754        
2          770        
3          754        
3          1242       
4          755        
4          770        
5          755        
5          771        
6          755        
6          1243       
7          756        
7          771        
8          756        
8          772        
9          756        
9          1244       
10         757        
10         772        
11         757        
11         773        
12         757        
12         1245       
13         758        
13         773        
14         758        
14         774        
15         758        
15         1246       
16         759        
16         774        
17         759        
17         775        
18         759        
18         1247       
19         760        
19         775        
20         760        
20         776        
21         760        
21         1248       
22         761        
22         776        
23         761        
23         777        
24         761        
24         1249       
25         762        
25         777        
26         762        
26         778        
27         762        
27         1250       
28         763        
28         778        
29         763        
29         779        
30         763        
30         1251       
31         764        
31         779        
32         764        
32         780        
33         764        
33         1252       
34         765        
34         780        
35         765        
35         781        
36         765        
36         1253       
37         766        
37         781        
38         766        
38         782        
39         766        
39         1254       
40         767        
40         1255       
41         767        
41         782        
42         767        
42         768        
43         768        
43         798        
44         768        
44         1241       
45         769        
45         784        
46         769        
46         783        
47         770        
47         785        
48         771        
48         786        
49         772        
49         787        
50         773        
50         788        
51         774        
51         789        
52         775        
52         790        
53         776        
53         791        
54         777        
54         792        
55         778        
55         793        
56         779        
56         794        
57         780        
57         795        
58         781        
58         796        
59         782        
59         797        
60         783        
60         799        
61         783        
61         800        
62         784        
62         800        
63         784        
63         801        
64         785        
64         801        
65         785        
65         802        
66         786        
66         802        
67         786        
67         803        
68         787        
68         803        
69         787        
69         804        
70         788        
70         804        
71         788        
71         805        
72         789        
72         805        
73         789        
73         806        
74         790        
74         806        
75         790        
75         807        
76         791        
76         807        
77         791        
77         808        
78         792        
78         808        
79         792        
79         809        
80         793        
80         809        
81         793        
81         810        
82         794        
82         810        
83         794        
83         811        
84         795        
84         811        
85         795        
85         812        
86         796        
86         812        
87         796        
87         813        
88         797        
88         813        
89         797        
89         814        
90         798        
90         814        
91         798        
91         799        
92         799        
92         815        
93         800        
93         816        
94         801        
94         817        
95         802        
95         818        
96         803        
96         819        
97         804        
97         820        
98         805        
98         821        
99         806        
99         822        
100        807        
100        823        
101        808        
101        824        
102        809        
102        825        
103        810        
103        826        
104        811        
104        827        
105        812        
105        828        
106        813        
106        829        
107        814        
107        830        
108        815        
108        831        
109        815        
109        832        
110        816        
110        832        
111        816        
111        833        
112        817        
112        833        
113        817        
113        834        
114        818        
114        834        
115        818        
115        835        
116        819        
116        835        
117        819        
117        836        
118        820        
118        836        
119        820        
119        837        
120        821        
120        837        
121        821        
121        838        
122        822        
122        838        
123        822        
123        839        
124        823        
124        839        
125        823        
125        840        
126        824        
126        840        
127        824        
127        841        
128        825        
128        841        
129        825        
129        842        
130        826        
130        842        
131        826        
131        843        
132        827        
132        843        
133        827        
133        844        
134        828        
134        844        
135        828        
135        845        
136        829        
136        845        
137        829        
137        846        
138        830        
138        846        
139        830        
139        831        
140        831        
140        862        
141        832        
141        847        
142        833        
142        848        
143        834        
143        849        
144        835        
144        850        
145        836        
145        851        
146        837        
146        852        
147        838        
147        853        
148        839        
148        854        
149        840        
149        855        
150        841        
150        856        
151        842        
151        857        
152        843        
152        858        
153        844        
153        859        
154        845        
154        860        
155        846        
155        861        
156        847        
156        863        
157        847        
157        864        
158        848        
158        864        
159        848        
159        865        
160        849        
160        865        
161        849        
161        866        
162        850        
162        866        
163        850        
163        867        
164        851        
164        867        
165        851        
165        868        
166        852        
166        868        
167        852        
167        869        
168        853        
168        869        
169        853        
169        870        
170        854        
170        870        
171        854        
171        871        
172        855        
172        871        
173        855        
173        872        
174        856        
174        872        
175        856        
175        873        
176        857        
176        873        
177        857        
177        874        
178        858        
178        874        
179        858        
179        875        
180        859        
180        875        
181        859        
181        876        
182        860        
182        876        
183        860        
183        877        
184        861        
184        877        
185        861        
185        878        
186        862        
186        878        
187        862        
187        863        
188        863        
188        879        
189        864        
189        880        
190        865        
190        881        
191        866        
191        882        
192        867        
192        883        
193        868        
193        884        
194        869        
194        885        
195        870        
195        886        
196        871        
196        887        
197        872        
197        888        
198        873        
198        889        
199        874        
199        890        
200        875        
200        891        
201        876        
201        892        
202        877        
202        893        
203        878        
203        894        
204        879        
204        895        
205        879        
205        896        
206        880        
206        896        
207        880        
207        897        
208        881        
208        897        
209        881        
209        898        
210        882        
210        898        
211        882        
211        899        
212        883        
212        899        
213        883        
213        900        
214        884        
214        900        
215        884        
215        901        
216        885        
216        901        
217        885        
217        902        
218        886        
218        902        
219        886        
219        903        
220        887        
220        903        
221        887        
221        904        
222        888        
222        904        
223        888        
223        905        
224        889        
224        905        
225        889        
225        906        
226        890        
226        906        
227        890        
227        907        
228        891        
228        907        
229        891        
229        908        
230        892        
230        908        
231        892        
231        909        
232        893        
232        909        
233        893        
233        910        
234        894        
234        910        
235        894        
235        895        
236        895        
236        926        
237        896        
237        911        
238        897        
238        912        
239        898        
239        913        
240        899        
240        914        
241        900        
241        915        
242        901        
242        916        
243        902        
243        917        
244        903        
244        918        
245        904        
245        919        
246        905        
246        920        
247        906        
247        921        
248        907        
248        922        
249        908        
249        923        
250        909        
250        924        
251        910        
251        925        
252        911        
252        927        
253        911        
253        928        
254        912        
254        928        
255        912        
255        929        
256        913        
256        929        
257        913        
257        930        
258        914        
258        930        
259        914        
259        931        
260        915        
260        931        
261        915        
261        932        
262        916        
262        932        
263        916        
263        933        
264        917        
264        933        
265        917        
265        934        
266        918        
266        934        
267        918        
267        935        
268        919        
268        935        
269        919        
269        936        
270        920        
270        936        
271        920        
271        937        
272        921        
272        937        
273        921        
273        938        
274        922        
274        938        
275        922        
275        939        
276        923        
276        939        
277        923        
277        940        
278        924        
278        940        
279        924        
279        941        
280        925        
280        941        
281        925        
281        942        
282        926        
282        942        
283        926        
283        927        
284        927        
284        943        
285        928        
285        944        
286        929        
286        945        
287        930        
287        946        
288        931        
288        947        
289        932        
289        948        
290        933        
290        949        
291        934        
291        950        
292        935        
292        951        
293        936        
293        952        
294        937        
294        953        
295        938        
295        954        
296        939        
296        955        
297        940        
297        956        
298        941        
298        957        
299        942        
299        958        
300        943        
300        959        
301        943        
301        960        
302        944        
302        960        
303        944        
303        961        
304        945        
304        961        
305        945        
305        962        
306        946        
306        962        
307        946        
307        963        
308        947        
308        963        
309        947        
309        964        
310        948        
310        964        
311        948        
311        965        
312        949        
312        965        
313        949        
313        966        
314        950        
314        966        
315        950        
315        967        
316        951        
316        967        
317        951        
317        968        
318        952        
318        968        
319        952        
319        969        
320        953        
320        969        
321        953        
321        970        
322        954        
322        970        
323        954        
323        971        
324        955        
324        971        
325        955        
325        972        
326        956        
326        972        
327        956        
327        973        
328        957        
328        973        
329        957        
329        974        
330        958        
330        974        
331        958        
331        959        
332        959        
332        990        
333        960        
333        975        
334        961        
334        976        
335        962        
335        977        
336        963        
336        978        
337        964        
337        979        
338        965        
338        980        
339        966        
339        981        
340        967        
340        982        
341        968        
341        983        
342        969        
342        984        
343        970        
343        985        
344        971        
344        986        
345        972        
345        987        
346        973        
346        988        
347        974        
347        989        
348        975        
348        991        
349        975        
349        992        
350        976        
350        992        
351        976        
351        993        
352        977        
352        993        
353        977        
353        994        
354        978        
354        994        
355        978        
355        995        
356        979        
356        995        
357        979        
357        996        
358        980        
358        996        
359        980        
359        997        
360        981        
360        997        
361        981        
361        998        
362        982        
362        998        
363        982        
363        999        
364        983        
364        999        
365        983        
365        1000       
366        984        
366        1000       
367        984        
367        1001       
368        985        
368        1001       
369        985        
369        1002       
370        986        
370        1002       
371        986        
371        1003       
372        987        
372        1003       
373        987        
373        1004       
374        988        
374        1004       
375        988        
375        1005       
376        989        
376        1005       
377        989        
377        1006       
378        990        
378        1006       
379        990        
379        991        
380        991        
380        1007       
381        992        
381        1008       
382        993        
382        1009       
383        994        
383        1010       
384        995        
384        1011       
385        996        
385        1012       
386        997        
386        1013       
387        998        
387        1014       
388        999        
388        1015       
389        1000       
389        1016       
390        1001       
390        1017       
391        1002       
391        1018       
392        1003       
392        1019       
393        1004       
393        1020       
394        1005       
394        1021       
395        1006       
395        1022       
396        1007       
396        1023       
397        1007       
397        1024       
398        1008       
398        1024       
399        1008       
399        1025       
400        1009       
400        1025       
401        1009       
401        1026       
402        1010       
402        1026       
403        1010       
403        1027       
404        1011       
404        1027       
405        1011       
405        1028       
406        1012       
406        1028       
407        1012       
407        1029       
408        1013       
408        1029       
409        1013       
409        1030       
410        1014       
410        1030       
411        1014       
411        1031       
412        1015       
412        1031       
413        1015       
413        1032       
414        1016       
414        1032       
415        1016       
415        1033       
416        1017       
416        1033       
417        1017       
417        1034       
418        1018       
418        1034       
419        1018       
419        1035       
420        1019       
420        1035       
421        1019       
421        1036       
422        1020       
422        1036       
423        1020       
423        1037       
424        1021       
424        1037       
425        1021       
425        1038       
426        1022       
426        1038       
427        1022       
427        1023       
428        1023       
428        1054       
429        1024       
429        1039       
430        1025       
430        1040       
431        1026       
431        1041       
432        1027       
432        1042       
433        1028       
433        1043       
434        1029       
434        1044       
435        1030       
435        1045       
436        1031       
436        1046       
437        1032       
437        1047       
438        1033       
438        1048       
439        1034       
439        1049       
440        1035       
440        1050       
441        1036       
441        1051       
442        1037       
442        1052       
443        1038       
443        1053       
444        1039       
444        1055       
445        1039       
445        1056       
446        1040       
446        1056       
447        1040       
447        1057       
448        1041       
448        1057       
449        1041       
449        1058       
450        1042       
450        1058       
451        1042       
451        1059       
452        1043       
452        1059       
453        1043       
453        1060       
454        1044       
454        1060       
455        1044       
455        1061       
456        1045       
456        1061       
457        1045       
457        1062       
458        1046       
458        1062       
459        1046       
459        1063       
460        1047       
460        1063       
461        1047       
461        1064       
462        1048       
462        1064       
463        1048       
463        1065       
464        1049       
464        1065       
465        1049       
465        1066       
466        1050       
466        1066       
467        1050       
467        1067       
468        1051       
468        1067       
469        1051       
469        1068       
470        1052       
470        1068       
471        1052       
471        1069       
472        1053       
472        1069       
473        1053       
473        1070       
474        1054       
474        1070       
475        1054       
475        1055       
476        1055       
476        1071       
477        1056       
477        1072       
478        1057       
478        1073       
479        1058       
479        1074       
480        1059       
480        1075       
481        1060       
481        1076       
482        1061       
482        1077       
483        1062       
483        1078       
484        1063       
484        1079       
485        1064       
485        1080       
486        1065       
486        1081       
487        1066       
487        1082       
488        1067       
488        1083       
489        1068       
489        1084       
490        1069       
490        1085       
491        1070       
491        1086       
492        1071       
492        1087       
493        1071       
493        1088       
494        1072       
494        1088       
495        1072       
495        1089       
496        1073       
496        1089       
497        1073       
497        1090       
498        1074       
498        1090       
499        1074       
499        1091       
500        1075       
500        1091       
501        1075       
501        1092       
502        1076       
502        1092       
503        1076       
503        1093       
504        1077       
504        1093       
505        1077       
505        1094       
506        1078       
506        1094       
507        1078       
507        1095       
508        1079       
508        1095       
509        1079       
509        1096       
510        1080       
510        1096       
511        1080       
511        1097       
512        1081       
512        1097       
513        1081       
513        1098       
514        1082       
514        1098       
515        1082       
515        1099       
516        1083       
516        1099       
517        1083       
517        1100       
518        1084       
518        1100       
519        1084       
519        1101       
520        1085       
520        1101       
521        1085       
521        1102       
522        1086       
522        1102       
523        1086       
523        1087       
524        1087       
524        1118       
525        1088       
525        1103       
526        1089       
526        1104       
527        1090       
527        1105       
528        1091       
528        1106       
529        1092       
529        1107       
530        1093       
530        1108       
531        1094       
531        1109       
532        1095       
532        1110       
533        1096       
533        1111       
534        1097       
534        1112       
535        1098       
535        1113       
536        1099       
536        1114       
537        1100       
537        1115       
538        1101       
538        1116       
539        1102       
539        1117       
540        1103       
540        1119       
541        1103       
541        1120       
542        1104       
542        1120       
543        1104       
543        1121       
544        1105       
544        1121       
545        1105       
545        1122       
546        1106       
546        1122       
547        1106       
547        1123       
548        1107       
548        1123       
549        1107       
549        1124       
550        1108       
550        1124       
551        1108       
551        1125       
552        1109       
552        1125       
553        1109       
553        1126       
554        1110       
554        1126       
555        1110       
555        1127       
556        1111       
556        1127       
557        1111       
557        1128       
558        1112       
558        1128       
559        1112       
559        1129       
560        1113       
560        1129       
561        1113       
561        1130       
562        1114       
562        1130       
563        1114       
563        1131       
564        1115       
564        1131       
565        1115       
565        1132       
566        1116       
566        1132       
567        1116       
567        1133       
568        1117       
568        1133       
569        1117       
569        1134       
570        1118       
570        1134       
571        1118       
571        1119       
572        1119       
572        1135       
573        1120       
573        1136       
574        1121       
574        1137       
575        1122       
575        1138       
576        1123       
576        1139       
577        1124       
577        1140       
578        1125       
578        1141       
579        1126       
579        1142       
580        1127       
580        1143       
581        1128       
581        1144       
582        1129       
582        1145       
583        1130       
583        1146       
584        1131       
584        1147       
585        1132       
585        1148       
586        1133       
586        1149       
587        1134       
587        1150       
588        1135       
588        1151       
589        1135       
589        1152       
590        1136       
590        1152       
591        1136       
591        1153       
592        1137       
592        1153       
593        1137       
593        1154       
594        1138       
594        1154       
595        1138       
595        1155       
596        1139       
596        1155       
597        1139       
597        1156       
598        1140       
598        1156       
599        1140       
599        1157       
600        1141       
600        1157       
601        1141       
601        1158       
602        1142       
602        1158       
603        1142       
603        1159       
604        1143       
604        1159       
605        1143       
605        1160       
606        1144       
606        1160       
607        1144       
607        1161       
608        1145       
608        1161       
609        1145       
609        1162       
610        1146       
610        1162       
611        1146       
611        1163       
612        1147       
612        1163       
613        1147       
613        1164       
614        1148       
614        1164       
615        1148       
615        1165       
616        1149       
616        1165       
617        1149       
617        1166       
618        1150       
618        1166       
619        1150       
619        1151       
620        1151       
620        1182       
621        1152       
621        1167       
622        1153       
622        1168       
623        1154       
623        1169       
624        1155       
624        1170       
625        1156       
625        1171       
626        1157       
626        1172       
627        1158       
627        1173       
628        1159       
628        1174       
629        1160       
629        1175       
630        1161       
630        1176       
631        1162       
631        1177       
632        1163       
632        1178       
633        1164       
633        1179       
634        1165       
634        1180       
635        1166       
635        1181       
636        1167       
636        1183       
637        1167       
637        1184       
638        1168       
638        1184       
639        1168       
639        1185       
640        1169       
640        1185       
641        1169       
641        1186       
642        1170       
642        1186       
643        1170       
643        1187       
644        1171       
644        1187       
645        1171       
645        1188       
646        1172       
646        1188       
647        1172       
647        1189       
648        1173       
648        1189       
649        1173       
649        1190       
650        1174       
650        1190       
651        1174       
651        1191       
652        1175       
652        1191       
653        1175       
653        1192       
654        1176       
654        1192       
655        1176       
655        1193       
656        1177       
656        1193       
657        1177       
657        1194       
658        1178       
658        1194       
659        1178       
659        1195       
660        1179       
660        1195       
661        1179       
661        1196       
662        1180       
662        1196       
663        1180       
663        1197       
664        1181       
664        1197       
665        1181       
665        1198       
666        1182       
666        1198       
667        1182       
667        1183       
668        1183       
668        1199       
669        1184       
669        1199       
670        1185       
670        1200       
671        1186       
671        1201       
672        1187       
672        1202       
673        1188       
673        1203       
674        1189       
674        1204       
675        1190       
675        1205       
676        1191       
676        1206       
677        1192       
677        1207       
678        1193       
678        1208       
679        1194       
679        1209       
680        1195       
680        1210       
681        1196       
681        1211       
682        1197       
682        1212       
683        1198       
683        1213       
684        1199       
684        1214       
685        1200       
685        1215       
686        1200       
686        1242       
687        1201       
687        1215       
688        1201       
688        1216       
689        1202       
689        1216       
690        1202       
690        1217       
691        1203       
691        1217       
692        1203       
692        1218       
693        1204       
693        1218       
694        1204       
694        1219       
695        1205       
695        1219       
696        1205       
696        1220       
697        1206       
697        1220       
698        1206       
698        1221       
699        1207       
699        1221       
700        1207       
700        1222       
701        1208       
701        1222       
702        1208       
702        1223       
703        1209       
703        1223       
704        1209       
704        1224       
705        1210       
705        1224       
706        1210       
706        1225       
707        1211       
707        1225       
708        1211       
708        1226       
709        1212       
709        1226       
710        1212       
710        1227       
711        1213       
711        1227       
712        1213       
712        1214       
713        1214       
713        1241       
714        1215       
714        1228       
715        1216       
715        1229       
716        1217       
716        1230       
717        1218       
717        1231       
718        1219       
718        1232       
719        1220       
719        1233       
720        1221       
720        1234       
721        1222       
721        1235       
722        1223       
722        1236       
723        1224       
723        1237       
724        1225       
724        1238       
725        1226       
725        1239       
726        1227       
726        1240       
727        1228       
727        1243       
728        1228       
728        1242       
729        1229       
729        1244       
730        1229       
730        1243       
731        1230       
731        1245       
732        1230       
732        1244       
733        1231       
733        1246       
734        1231       
734        1245       
735        1232       
735        1247       
736        1232       
736        1246       
737        1233       
737        1248       
738        1233       
738        1247       
739        1234       
739        1249       
740        1234       
740        1248       
741        1235       
741        1250       
742        1235       
742        1249       
743        1236       
743        1251       
744        1236       
744        1250       
745        1237       
745        1252       
746        1237       
746        1251       
747        1238       
747        1253       
748        1238       
748        1252       
749        1239       
749        1254       
750        1239       
750        1253       
751        1240       
751        1255       
752        1240       
752        1254       
753        1241       
753        1255       
1          2          
1          3          
2          3          
4          5          
4          6          
5          6          
7          8          
7          9          
8          9          
10         11         
10         12         
11         12         
13         14         
13         15         
14         15         
16         17         
16         18         
17         18         
19         20         
19         21         
20         21         
22         23         
22         24         
23         24         
25         26         
25         27         
26         27         
28         29         
28         30         
29         30         
31         32         
31         33         
32         33         
34         35         
34         36         
35         36         
37         38         
37         39         
38         39         
40         41         
40         42         
41         42         
42         43         
42         44         
43         44         
1          45         
1          46         
45         46         
2          4          
2          47         
4          47         
5          7          
5          48         
7          48         
8          10         
8          49         
10         49         
11         13         
11         50         
13         50         
14         16         
14         51         
16         51         
17         19         
17         52         
19         52         
20         22         
20         53         
22         53         
23         25         
23         54         
25         54         
26         28         
26         55         
28         55         
29         31         
29         56         
31         56         
32         34         
32         57         
34         57         
35         37         
35         58         
37         58         
38         41         
38         59         
41         59         
46         60         
46         61         
60         61         
45         62         
45         63         
62         63         
47         64         
47         65         
64         65         
48         66         
48         67         
66         67         
49         68         
49         69         
68         69         
50         70         
50         71         
70         71         
51         72         
51         73         
72         73         
52         74         
52         75         
74         75         
53         76         
53         77         
76         77         
54         78         
54         79         
78         79         
55         80         
55         81         
80         81         
56         82         
56         83         
82         83         
57         84         
57         85         
84         85         
58         86         
58         87         
86         87         
59         88         
59         89         
88         89         
43         90         
43         91         
90         91         
60         91         
60         92         
91         92         
61         62         
61         93         
62         93         
63         64         
63         94         
64         94         
65         66         
65         95         
66         95         
67         68         
67         96         
68         96         
69         70         
69         97         
70         97         
71         72         
71         98         
72         98         
73         74         
73         99         
74         99         
75         76         
75         100        
76         100        
77         78         
77         101        
78         101        
79         80         
79         102        
80         102        
81         82         
81         103        
82         103        
83         84         
83         104        
84         104        
85         86         
85         105        
86         105        
87         88         
87         106        
88         106        
89         90         
89         107        
90         107        
92         108        
92         109        
108        109        
93         110        
93         111        
110        111        
94         112        
94         113        
112        113        
95         114        
95         115        
114        115        
96         116        
96         117        
116        117        
97         118        
97         119        
118        119        
98         120        
98         121        
120        121        
99         122        
99         123        
122        123        
100        124        
100        125        
124        125        
101        126        
101        127        
126        127        
102        128        
102        129        
128        129        
103        130        
103        131        
130        131        
104        132        
104        133        
132        133        
105        134        
105        135        
134        135        
106        136        
106        137        
136        137        
107        138        
107        139        
138        139        
108        139        
108        140        
139        140        
109        110        
109        141        
110        141        
111        112        
111        142        
112        142        
113        114        
113        143        
114        143        
115        116        
115        144        
116        144        
117        118        
117        145        
118        145        
119        120        
119        146        
120        146        
121        122        
121        147        
122        147        
123        124        
123        148        
124        148        
125        126        
125        149        
126        149        
127        128        
127        150        
128        150        
129        130        
129        151        
130        151        
131        132        
131        152        
132        152        
133        134        
133        153        
134        153        
135        136        
135        154        
136        154        
137        138        
137        155        
138        155        
141        156        
141        157        
156        157        
142        158        
142        159        
158        159        
143        160        
143        161        
160        161        
144        162        
144        163        
162        163        
145        164        
145        165        
164        165        
146        166        
146        167        
166        167        
147        168        
147        169        
168        169        
148        170        
148        171        
170        171        
149        172        
149        173        
172        173        
150        174        
150        175        
174        175        
151        176        
151        177        
176        177        
152        178        
152        179        
178        179        
153        180        
153        181        
180        181        
154        182        
154        183        
182        183        
155        184        
155        185        
184        185        
140        186        
140        187        
186        187        
156        187        
156        188        
187        188        
157        158        
157        189        
158        189        
159        160        
159        190        
160        190        
161        162        
161        191        
162        191        
163        164        
163        192        
164        192        
165        166        
165        193        
166        193        
167        168        
167        194        
168        194        
169        170        
169        195        
170        195        
171        172        
171        196        
172        196        
173        174        
173        197        
174        197        
175        176        
175        198        
176        198        
177        178        
177        199        
178        199        
179        180        
179        200        
180        200        
181        182        
181        201        
182        201        
183        184        
183        202        
184        202        
185        186        
185        203        
186        203        
188        204        
188        205        
204        205        
189        206        
189        207        
206        207        
190        208        
190        209        
208        209        
191        210        
191        211        
210        211        
192        212        
192        213        
212        213        
193        214        
193        215        
214        215        
194        216        
194        217        
216        217        
195        218        
195        219        
218        219        
196        220        
196        221        
220        221        
197        222        
197        223        
222        223        
198        224        
198        225        
224        225        
199        226        
199        227        
226        227        
200        228        
200        229        
228        229        
201        230        
201        231        
230        231        
202        232        
202        233        
232        233        
203        234        
203        235        
234        235        
204        235        
204        236        
235        236        
205        206        
205        237        
206        237        
207        208        
207        238        
208        238        
209        210        
209        239        
210        239        
211        212        
211        240        
212        240        
213        214        
213        241        
214        241        
215        216        
215        242        
216        242        
217        218        
217        243        
218        243        
219        220        
219        244        
220        244        
221        222        
221        245        
222        245        
223        224        
223        246        
224        246        
225        226        
225        247        
226        247        
227        228        
227        248        
228        248        
229        230        
229        249        
230        249        
231        232        
231        250        
232        250        
233        234        
233        251        
234        251        
237        252        
237        253        
252        253        
238        254        
238        255        
254        255        
239        256        
239        257        
256        257        
240        258        
240        259        
258        259        
241        260        
241        261        
260        261        
242        262        
242        263        
262        263        
243        264        
243        265        
264        265        
244        266        
244        267        
266        267        
245        268        
245        269        
268        269        
246        270        
246        271        
270        271        
247        272        
247        273        
272        273        
248        274        
248        275        
274        275        
249        276        
249        277        
276        277        
250        278        
250        279        
278        279        
251        280        
251        281        
280        281        
236        282        
236        283        
282        283        
252        283        
252        284        
283        284        
253        254        
253        285        
254        285        
255        256        
255        286        
256        286        
257        258        
257        287        
258        287        
259        260        
259        288        
260        288        
261        262        
261        289        
262        289        
263        264        
263        290        
264        290        
265        266        
265        291        
266        291        
267        268        
267        292        
268        292        
269        270        
269        293        
270        293        
271        272        
271        294        
272        294        
273        274        
273        295        
274        295        
275        276        
275        296        
276        296        
277        278        
277        297        
278        297        
279        280        
279        298        
280        298        
281        282        
281        299        
282        299        
284        300        
284        301        
300        301        
285        302        
285        303        
302        303        
286        304        
286        305        
304        305        
287        306        
287        307        
306        307        
288        308        
288        309        
308        309        
289        310        
289        311        
310        311        
290        312        
290        313        
312        313        
291        314        
291        315        
314        315        
292        316        
292        317        
316        317        
293        318        
293        319        
318        319        
294        320        
294        321        
320        321        
295        322        
295        323        
322        323        
296        324        
296        325        
324        325        
297        326        
297        327        
326        327        
298        328        
298        329        
328        329        
299        330        
299        331        
330        331        
300        331        
300        332        
331        332        
301        302        
301        333        
302        333        
303        304        
303        334        
304        334        
305        306        
305        335        
306        335        
307        308        
307        336        
308        336        
309        310        
309        337        
310        337        
311        312        
311        338        
312        338        
313        314        
313        339        
314        339        
315        316        
315        340        
316        340        
317        318        
317        341        
318        341        
319        320        
319        342        
320        342        
321        322        
321        343        
322        343        
323        324        
323        344        
324        344        
325        326        
325        345        
326        345        
327        328        
327        346        
328        346        
329        330        
329        347        
330        347        
333        348        
333        349        
348        349        
334        350        
334        351        
350        351        
335        352        
335        353        
352        353        
336        354        
336        355        
354        355        
337        356        
337        357        
356        357        
338        358        
338        359        
358        359        
339        360        
339        361        
360        361        
340        362        
340        363        
362        363        
341        364        
341        365        
364        365        
342        366        
342        367        
366        367        
343        368        
343        369        
368        369        
344        370        
344        371        
370        371        
345        372        
345        373        
372        373        
346        374        
346        375        
374        375        
347        376        
347        377        
376        377        
332        378        
332        379        
378        379        
348        379        
348        380        
379        380        
349        350        
349        381        
350        381        
351        352        
351        382        
352        382        
353        354        
353        383        
354        383        
355        356        
355        384        
356        384        
357        358        
357        385        
358        385        
359        360        
359        386        
360        386        
361        362        
361        387        
362        387        
363        364        
363        388        
364        388        
365        366        
365        389        
366        389        
367        368        
367        390        
368        390        
369        370        
369        391        
370        391        
371        372        
371        392        
372        392        
373        374        
373        393        
374        393        
375        376        
375        394        
376        394        
377        378        
377        395        
378        395        
380        396        
380        397        
396        397        
381        398        
381        399        
398        399        
382        400        
382        401        
400        401        
383        402        
383        403        
402        403        
384        404        
384        405        
404        405        
385        406        
385        407        
406        407        
386        408        
386        409        
408        409        
387        410        
387        411        
410        411        
388        412        
388        413        
412        413        
389        414        
389        415        
414        415        
390        416        
390        417        
416        417        
391        418        
391        419        
418        419        
392        420        
392        421        
420        421        
393        422        
393        423        
422        423        
394        424        
394        425        
424        425        
395        426        
395        427        
426        427        
396        427        
396        428        
427        428        
397        398        
397        429        
398        429        
399        400        
399        430        
400        430        
401        402        
401        431        
402        431        
403        404        
403        432        
404        432        
405        406        
405        433        
406        433        
407        408        
407        434        
408        434        
409        410        
409        435        
410        435        
411        412        
411        436        
412        436        
413        414        
413        437        
414        437        
415        416        
415        438        
416        438        
417        418        
417        439        
418        439        
419        420        
419        440        
420        440        
421        422        
421        441        
422        441        
423        424        
423        442        
424        442        
425        426        
425        443        
426        443        
429        444        
429        445        
444        445        
430        446        
430        447        
446        447        
431        448        
431        449        
448        449        
432        450        
432        451        
450        451        
433        452        
433        453        
452        453        
434        454        
434        455        
454        455        
435        456        
435        457        
456        457        
436        458        
436        459        
458        459        
437        460        
437        461        
460        461        
438        462        
438        463        
462        463        
439        464        
439        465        
464        465        
440        466        
440        467        
466        467        
441        468        
441        469        
468        469        
442        470        
442        471        
470        471        
443        472        
443        473        
472        473        
428        474        
428        475        
474        475        
444        475        
444        476        
475        476        
445        446        
445        477        
446        477        
447        448        
447        478        
448        478        
449        450        
449        479        
450        479        
451        452        
451        480        
452        480        
453        454        
453        481        
454        481        
455        456        
455        482        
456        482        
457        458        
457        483        
458        483        
459        460        
459        484        
460        484        
461        462        
461        485        
462        485        
463        464        
463        486        
464        486        
465        466        
465        487        
466        487        
467        468        
467        488        
468        488        
469        470        
469        489        
470        489        
471        472        
471        490        
472        490        
473        474        
473        491        
474        491        
476        492        
476        493        
492        493        
477        494        
477        495        
494        495        
478        496        
478        497        
496        497        
479        498        
479        499        
498        499        
480        500        
480        501        
500        501        
481        502        
481        503        
502        503        
482        504        
482        505        
504        505        
483        506        
483        507        
506        507        
484        508        
484        509        
508        509        
485        510        
485        511        
510        511        
486        512        
486        513        
512        513        
487        514        
487        515        
514        515        
488        516        
488        517        
516        517        
489        518        
489        519        
518        519        
490        520        
490        521        
520        521        
491        522        
491        523        
522        523        
492        523        
492        524        
523        524        
493        494        
493        525        
494        525        
495        496        
495        526        
496        526        
497        498        
497        527        
498        527        
499        500        
499        528        
500        528        
501        502        
501        529        
502        529        
503        504        
503        530        
504        530        
505        506        
505        531        
506        531        
507        508        
507        532        
508        532        
509        510        
509        533        
510        533        
511        512        
511        534        
512        534        
513        514        
513        535        
514        535        
515        516        
515        536        
516        536        
517        518        
517        537        
518        537        
519        520        
519        538        
520        538        
521        522        
521        539        
522        539        
525        540        
525        541        
540        541        
526        542        
526        543        
542        543        
527        544        
527        545        
544        545        
528        546        
528        547        
546        547        
529        548        
529        549        
548        549        
530        550        
530        551        
550        551        
531        552        
531        553        
552        553        
532        554        
532        555        
554        555        
533        556        
533        557        
556        557        
534        558        
534        559        
558        559        
535        560        
535        561        
560        561        
536        562        
536        563        
562        563        
537        564        
537        565        
564        565        
538        566        
538        567        
566        567        
539        568        
539        569        
568        569        
524        570        
524        571        
570        571        
540        571        
540        572        
571        572        
541        542        
541        573        
542        573        
543        544        
543        574        
544        574        
545        546        
545        575        
546        575        
547        548        
547        576        
548        576        
549        550        
549        577        
550        577        
551        552        
551        578        
552        578        
553        554        
553        579        
554        579        
555        556        
555        580        
556        580        
557        558        
557        581        
558        581        
559        560        
559        582        
560        582        
561        562        
561        583        
562        583        
563        564        
563        584        
564        584        
565        566        
565        585        
566        585        
567        568        
567        586        
568        586        
569        570        
569        587        
570        587        
572        588        
572        589        
588        589        
573        590        
573        591        
590        591        
574        592        
574        593        
592        593        
575        594        
575        595        
594        595        
576        596        
576        597        
596        597        
577        598        
577        599        
598        599        
578        600        
578        601        
600        601        
579        602        
579        603        
602        603        
580        604        
580        605        
604        605        
581        606        
581        607        
606        607        
582        608        
582        609        
608        609        
583        610        
583        611        
610        611        
584        612        
584        613        
612        613        
585        614        
585        615        
614        615        
586        616        
586        617        
616        617        
587        618        
587        619        
618        619        
588        619        
588        620        
619        620        
589        590        
589        621        
590        621        
591        592        
591        622        
592        622        
593        594        
593        623        
594        623        
595        596        
595        624        
596        624        
597        598        
597        625        
598        625        
599        600        
599        626        
600        626        
601        602        
601        627        
602        627        
603        604        
603        628        
604        628        
605        606        
605        629        
606        629        
607        608        
607        630        
608        630        
609        610        
609        631        
610        631        
611        612        
611        632        
612        632        
613        614        
613        633        
614        633        
615        616        
615        634        
616        634        
617        618        
617        635        
618        635        
621        636        
621        637        
636        637        
622        638        
622        639        
638        639        
623        640        
623        641        
640        641        
624        642        
624        643        
642        643        
625        644        
625        645        
644        645        
626        646        
626        647        
646        647        
627        648        
627        649        
648        649        
628        650        
628        651        
650        651        
629        652        
629        653        
652        653        
630        654        
630        655        
654        655        
631        656        
631        657        
656        657        
632        658        
632        659        
658        659        
633        660        
633        661        
660        661        
634        662        
634        663        
662        663        
635        664        
635        665        
664        665        
620        666        
620        667        
666        667        
636        667        
636        668        
667        668        
637        638        
637        669        
638        669        
639        640        
639        670        
640        670        
641        642        
641        671        
642        671        
643        644        
643        672        
644        672        
645        646        
645        673        
646        673        
647        648        
647        674        
648        674        
649        650        
649        675        
650        675        
651        652        
651        676        
652        676        
653        654        
653        677        
654        677        
655        656        
655        678        
656        678        
657        658        
657        679        
658        679        
659        660        
659        680        
660        680        
661        662        
661        681        
662        681        
663        664        
663        682        
664        682        
665        666        
665        683        
666        683        
668        669        
668        684        
669        684        
670        685        
670        686        
685        686        
671        687        
671        688        
687        688        
672        689        
672        690        
689        690        
673        691        
673        692        
691        692        
674        693        
674        694        
693        694        
675        695        
675        696        
695        696        
676        697        
676        698        
697        698        
677        699        
677        700        
699        700        
678        701        
678        702        
701        702        
679        703        
679        704        
703        704        
680        705        
680        706        
705        706        
681        707        
681        708        
707        708        
682        709        
682        710        
709        710        
683        711        
683        712        
711        712        
684        712        
684        713        
712        713        
685        687        
685        714        
687        714        
688        689        
688        715        
689        715        
690        691        
690        716        
691        716        
692        693        
692        717        
693        717        
694        695        
694        718        
695        718        
696        697        
696        719        
697        719        
698        699        
698        720        
699        720        
700        701        
700        721        
701        721        
702        703        
702        722        
703        722        
704        705        
704        723        
705        723        
706        707        
706        724        
707        724        
708        709        
708        725        
709        725        
710        711        
710        726        
711        726        
714        727        
714        728        
727        728        
715        729        
715        730        
729        730        
716        731        
716        732        
731        732        
717        733        
717        734        
733        734        
718        735        
718        736        
735        736        
719        737        
719        738        
737        738        
720        739        
720        740        
739        740        
721        741        
721        742        
741        742        
722        743        
722        744        
743        744        
723        745        
723        746        
745        746        
724        747        
724        748        
747        748        
725        749        
725        750        
749        750        
726        751        
726        752        
751        752        
44         713        
44         753        
713        753        
3          686        
3          728        
686        728        
6          727        
6          730        
727        730        
9          729        
9          732        
729        732        
12         731        
12         734        
731        734        
15         733        
15         736        
733        736        
18         735        
18         738        
735        738        
21         737        
21         740        
737        740        
24         739        
24         742        
739        742        
27         741        
27         744        
741        744        
30         743        
30         746        
743        746        
33         745        
33         748        
745        748        
36         747        
36         750        
747        750        
39         749        
39         752        
749        752        
40         751        
40         753        
751        753        
