284  285  260  261  237  185  134  82   258  205  153  100  4    1303 1251 1198 22   1322 1271 1219 1195 1170 1171 1172 234  233  259  232  206  179  154  127  101  74   49   23   1349 1323 1298 1272 1246 1220 1247 1221 1222 1196 1223 1197 1224 1250 1277 1302 1329 3    30   55   81   54   29   2    1328 1301 1276 1275 1248 1249 1274 1273 1299 1324 1350 24   50   75   102  76   51   25   1351 1325 1326 1300 1327 1    27   0    26   77   103  129  155  128  180  207  181  130  104  78   52   79   131  182  156  235  208  209  236  210  184  157  183  132  105  106  80   53   28   133  107  158  
5         0         
6         1         
7         2         
8         3         
9         4         
10        5         
11        6         
12        7         
13        8         
14        9         
15        10        
16        11        
17        12        
18        13        
19        14        
20        15        
21        16        
31        22        
32        23        
33        23        
34        23        
35        24        
36        25        
37        25        
38        25        
39        26        
40        27        
41        27        
42        28        
43        29        
44        30        
45        31        
46        32        
47        33        
48        34        
56        41        
57        42        
58        43        
59        43        
60        43        
61        43        
62        44        
63        44        
64        45        
65        46        
66        47        
67        48        
68        49        
69        50        
70        50        
71        51        
72        51        
73        52        
83        60        
84        61        
85        62        
86        63        
87        64        
88        65        
89        65        
90        65        
91        66        
92        66        
93        67        
94        68        
95        69        
96        70        
97        71        
98        72        
99        73        
108       77        
109       77        
110       78        
111       79        
112       80        
113       81        
114       82        
115       83        
116       84        
117       85        
118       86        
119       87        
120       87        
121       88        
122       89        
123       90        
124       91        
125       92        
126       93        
135       98        
136       99        
137       100       
138       101       
139       101       
140       102       
141       102       
142       103       
143       104       
144       105       
145       106       
146       106       
147       107       
148       108       
149       109       
150       110       
151       111       
152       112       
159       117       
160       117       
161       117       
162       118       
163       119       
164       119       
165       120       
166       121       
167       122       
168       123       
169       124       
170       124       
171       125       
172       125       
173       126       
174       127       
175       128       
176       129       
177       130       
178       131       
186       136       
187       137       
188       138       
189       139       
190       139       
191       140       
192       141       
193       142       
194       143       
195       144       
196       145       
197       146       
198       147       
199       147       
200       148       
201       148       
202       149       
203       150       
204       151       
211       157       
212       157       
213       158       
214       158       
215       159       
216       160       
217       161       
218       162       
219       162       
220       163       
221       163       
222       164       
223       165       
224       166       
225       167       
226       168       
227       169       
228       170       
229       170       
230       171       
231       172       
238       176       
239       177       
240       178       
241       178       
242       178       
243       178       
244       179       
245       180       
246       181       
247       182       
248       183       
249       184       
250       185       
251       185       
252       186       
253       187       
254       188       
255       189       
256       190       
257       191       
262       194       
263       195       
264       195       
265       195       
266       196       
267       196       
268       197       
269       197       
270       198       
271       199       
272       200       
273       200       
274       201       
275       202       
276       203       
277       204       
278       205       
279       206       
280       207       
281       208       
282       209       
283       210       
286       211       
287       212       
288       213       
289       214       
290       215       
291       216       
292       217       
293       218       
294       219       
295       219       
296       220       
297       221       
298       222       
299       222       
300       223       
301       224       
302       225       
303       226       
304       227       
305       228       
306       229       
307       230       
308       231       
309       232       
310       233       
311       234       
312       235       
313       236       
314       237       
315       238       
316       239       
317       240       
318       241       
319       242       
320       243       
321       244       
322       245       
323       246       
324       247       
325       248       
326       249       
327       250       
328       251       
329       252       
330       253       
331       254       
332       255       
333       256       
334       257       
335       258       
336       259       
337       260       
338       261       
339       262       
340       263       
341       264       
342       265       
343       266       
344       267       
345       268       
346       269       
347       270       
348       271       
349       272       
350       273       
351       274       
352       275       
353       276       
354       277       
355       278       
356       279       
357       280       
358       281       
359       282       
360       283       
361       284       
362       285       
363       286       
364       287       
365       288       
366       289       
367       290       
368       291       
369       292       
370       293       
371       294       
372       295       
373       296       
374       297       
375       298       
376       299       
377       300       
378       301       
379       302       
380       303       
381       304       
382       305       
383       306       
384       307       
385       308       
386       309       
387       310       
388       311       
389       312       
390       313       
391       314       
392       315       
393       316       
394       317       
395       318       
396       319       
397       320       
398       321       
399       322       
400       323       
401       324       
402       325       
403       326       
404       327       
405       328       
406       329       
407       330       
408       331       
409       332       
410       333       
411       334       
412       335       
413       336       
414       337       
415       338       
416       339       
417       340       
418       341       
419       342       
420       343       
421       344       
422       345       
423       346       
424       347       
425       348       
426       349       
427       350       
428       351       
429       352       
430       353       
431       354       
432       355       
433       356       
434       357       
435       358       
436       359       
437       360       
438       361       
439       362       
440       363       
441       364       
442       365       
443       366       
444       367       
445       368       
446       369       
447       370       
448       371       
449       372       
450       373       
451       374       
452       375       
453       376       
454       377       
455       378       
456       379       
457       380       
458       381       
459       382       
460       383       
461       384       
462       385       
463       386       
464       387       
465       388       
466       389       
467       390       
468       391       
469       392       
470       393       
471       394       
472       395       
473       396       
474       397       
475       398       
476       399       
477       400       
478       401       
479       402       
480       403       
481       404       
482       405       
483       406       
484       407       
485       408       
486       409       
487       410       
488       411       
489       412       
490       413       
491       414       
492       415       
493       416       
494       417       
495       418       
496       419       
497       420       
498       421       
499       422       
500       423       
501       424       
502       425       
503       426       
504       427       
505       428       
506       429       
507       430       
508       431       
509       432       
510       433       
511       434       
512       435       
513       436       
514       437       
515       438       
516       439       
517       440       
518       441       
519       442       
520       443       
521       444       
522       445       
523       446       
524       447       
525       448       
526       449       
527       450       
528       451       
529       452       
530       453       
531       454       
532       455       
533       456       
534       457       
535       458       
536       459       
537       460       
538       461       
539       462       
540       463       
541       464       
542       465       
543       466       
544       467       
545       468       
546       469       
547       470       
548       471       
549       472       
550       473       
551       474       
552       475       
553       476       
554       477       
555       478       
556       479       
557       480       
558       481       
559       482       
560       483       
561       484       
562       485       
563       486       
564       487       
565       488       
566       489       
567       490       
568       491       
569       492       
570       493       
571       494       
572       495       
573       496       
574       497       
575       498       
576       499       
577       500       
578       501       
579       502       
580       503       
581       504       
582       505       
583       506       
584       507       
585       508       
586       509       
587       510       
588       511       
589       512       
590       513       
591       514       
592       515       
593       516       
594       517       
595       518       
596       519       
597       520       
598       521       
599       522       
600       523       
601       524       
602       525       
603       526       
604       527       
605       528       
606       529       
607       530       
608       531       
609       532       
610       533       
611       534       
612       535       
613       536       
614       537       
615       538       
616       539       
617       540       
618       541       
619       542       
620       543       
621       544       
622       545       
623       546       
624       547       
625       548       
626       549       
627       550       
628       551       
629       552       
630       553       
631       554       
632       555       
633       556       
634       557       
635       558       
636       559       
637       560       
638       561       
639       562       
640       563       
641       564       
642       565       
643       566       
644       567       
645       568       
646       569       
647       570       
648       571       
649       572       
650       573       
651       574       
652       575       
653       576       
654       577       
655       578       
656       579       
657       580       
658       581       
659       582       
660       583       
661       584       
662       585       
663       586       
664       587       
665       588       
666       589       
667       590       
668       591       
669       592       
670       593       
671       594       
672       595       
673       596       
674       597       
675       598       
676       599       
677       600       
678       601       
679       602       
680       603       
681       604       
682       605       
683       606       
684       607       
685       608       
686       609       
687       610       
688       611       
689       612       
690       613       
691       614       
692       615       
693       616       
694       617       
695       618       
696       619       
697       620       
698       621       
699       622       
700       623       
701       624       
702       625       
703       626       
704       627       
705       628       
706       629       
707       630       
708       631       
709       632       
710       633       
711       634       
712       635       
713       636       
714       637       
715       638       
716       639       
717       640       
718       641       
719       642       
720       643       
721       644       
722       645       
723       646       
724       647       
725       648       
726       649       
727       650       
728       651       
729       652       
730       653       
731       654       
732       655       
733       656       
734       657       
735       658       
736       659       
737       660       
738       661       
739       662       
740       663       
741       664       
742       665       
743       666       
744       667       
745       668       
746       669       
747       670       
748       671       
749       672       
750       673       
751       674       
752       675       
753       676       
754       677       
755       678       
756       679       
757       680       
758       681       
759       682       
760       683       
761       684       
762       685       
763       686       
764       687       
765       688       
766       689       
767       690       
768       691       
769       692       
770       693       
771       694       
772       695       
773       696       
774       697       
775       698       
776       699       
777       700       
778       701       
779       702       
780       703       
781       704       
782       705       
783       706       
784       707       
785       708       
786       709       
787       710       
788       711       
789       712       
790       713       
791       714       
792       715       
793       716       
794       717       
795       718       
796       719       
797       720       
798       721       
799       722       
800       723       
801       724       
802       725       
803       726       
804       727       
805       728       
806       729       
807       730       
808       731       
809       732       
810       733       
811       734       
812       735       
813       736       
814       737       
815       738       
816       739       
817       740       
818       741       
819       742       
820       743       
821       744       
822       745       
823       746       
824       747       
825       748       
826       749       
827       750       
828       751       
829       752       
830       753       
831       754       
832       755       
833       756       
834       757       
835       758       
836       759       
837       760       
838       761       
839       762       
840       763       
841       764       
842       765       
843       766       
844       767       
845       768       
846       769       
847       770       
848       771       
849       772       
850       773       
851       774       
852       775       
853       776       
854       777       
855       778       
856       779       
857       780       
858       781       
859       782       
860       783       
861       784       
862       785       
863       786       
864       787       
865       788       
866       789       
867       790       
868       791       
869       792       
870       793       
871       794       
872       795       
873       796       
874       797       
875       798       
876       799       
877       800       
878       801       
879       802       
880       803       
881       804       
882       805       
883       806       
884       807       
885       808       
886       809       
887       810       
888       811       
889       812       
890       813       
891       814       
892       815       
893       816       
894       817       
895       818       
896       819       
897       820       
898       821       
899       822       
900       823       
901       824       
902       825       
903       826       
904       827       
905       828       
906       829       
907       830       
908       831       
909       832       
910       833       
911       834       
912       835       
913       836       
914       837       
915       838       
916       839       
917       840       
918       841       
919       842       
920       843       
921       844       
922       845       
923       846       
924       847       
925       848       
926       849       
927       850       
928       851       
929       852       
930       853       
931       854       
932       855       
933       856       
934       857       
935       858       
936       859       
937       860       
938       861       
939       862       
940       863       
941       864       
942       865       
943       866       
944       867       
945       868       
946       869       
947       870       
948       871       
949       872       
950       873       
951       874       
952       875       
953       876       
954       877       
955       878       
956       879       
957       880       
958       881       
959       882       
960       883       
961       884       
962       885       
963       886       
964       887       
965       888       
966       889       
967       890       
968       891       
969       892       
970       893       
971       894       
972       895       
973       896       
974       897       
975       898       
976       899       
977       900       
978       901       
979       902       
980       903       
981       904       
982       905       
983       906       
984       907       
985       908       
986       909       
987       910       
988       911       
989       912       
990       913       
991       914       
992       915       
993       916       
994       917       
995       918       
996       919       
997       920       
998       921       
999       922       
1000      923       
1001      924       
1002      925       
1003      926       
1004      927       
1005      928       
1006      929       
1007      930       
1008      931       
1009      932       
1010      933       
1011      934       
1012      935       
1013      936       
1014      937       
1015      938       
1016      939       
1017      940       
1018      941       
1019      942       
1020      943       
1021      944       
1022      945       
1023      946       
1024      947       
1025      948       
1026      949       
1027      950       
1028      951       
1029      952       
1030      953       
1031      954       
1032      955       
1033      956       
1034      957       
1035      958       
1036      959       
1037      960       
1038      961       
1039      962       
1040      963       
1041      964       
1042      965       
1043      966       
1044      967       
1045      968       
1046      969       
1047      970       
1048      971       
1049      972       
1050      973       
1051      974       
1052      975       
1053      976       
1054      977       
1055      978       
1056      979       
1057      980       
1058      981       
1059      982       
1060      983       
1061      984       
1062      985       
1063      986       
1064      987       
1065      988       
1066      989       
1067      990       
1068      991       
1069      992       
1070      993       
1071      994       
1072      995       
1073      996       
1074      997       
1075      998       
1076      999       
1077      1000      
1078      1001      
1079      1002      
1080      1003      
1081      1004      
1082      1005      
1083      1006      
1084      1007      
1085      1008      
1086      1009      
1087      1010      
1088      1011      
1089      1012      
1090      1013      
1091      1014      
1092      1015      
1093      1016      
1094      1017      
1095      1018      
1096      1019      
1097      1020      
1098      1021      
1099      1022      
1100      1023      
1101      1024      
1102      1025      
1103      1026      
1104      1027      
1105      1028      
1106      1029      
1107      1030      
1108      1031      
1109      1032      
1110      1033      
1111      1034      
1112      1035      
1113      1036      
1114      1037      
1115      1038      
1116      1039      
1117      1040      
1118      1041      
1119      1042      
1120      1043      
1121      1044      
1122      1045      
1123      1046      
1124      1047      
1125      1048      
1126      1049      
1127      1050      
1128      1051      
1129      1052      
1130      1053      
1131      1054      
1132      1055      
1133      1056      
1134      1057      
1135      1058      
1136      1059      
1137      1060      
1138      1061      
1139      1062      
1140      1063      
1141      1064      
1142      1065      
1143      1066      
1144      1067      
1145      1068      
1146      1069      
1147      1070      
1148      1071      
1149      1072      
1150      1073      
1151      1074      
1152      1075      
1153      1076      
1154      1077      
1155      1078      
1156      1079      
1157      1080      
1158      1081      
1159      1082      
1160      1083      
1161      1084      
1162      1085      
1163      1086      
1164      1087      
1165      1088      
1166      1089      
1167      1090      
1168      1091      
1169      1092      
1173      1096      
1174      1097      
1175      1098      
1176      1099      
1177      1100      
1178      1101      
1179      1102      
1180      1103      
1181      1104      
1182      1105      
1183      1106      
1184      1106      
1185      1107      
1186      1107      
1187      1108      
1188      1108      
1189      1109      
1190      1110      
1191      1111      
1192      1112      
1193      1113      
1194      1114      
1199      1119      
1200      1120      
1201      1121      
1202      1122      
1203      1123      
1204      1124      
1205      1125      
1206      1126      
1207      1127      
1208      1128      
1209      1128      
1210      1129      
1211      1129      
1212      1130      
1213      1131      
1214      1132      
1215      1133      
1216      1134      
1217      1135      
1218      1136      
1225      1143      
1226      1144      
1227      1144      
1228      1145      
1229      1145      
1230      1146      
1231      1147      
1232      1148      
1233      1149      
1234      1149      
1235      1150      
1236      1151      
1237      1152      
1238      1153      
1239      1154      
1240      1155      
1241      1156      
1242      1157      
1243      1158      
1244      1159      
1245      1160      
1252      1166      
1253      1167      
1254      1167      
1255      1168      
1256      1168      
1257      1169      
1258      1170      
1259      1170      
1260      1171      
1261      1172      
1262      1172      
1263      1173      
1264      1173      
1265      1174      
1266      1175      
1267      1176      
1268      1177      
1269      1178      
1270      1179      
1278      1187      
1279      1187      
1280      1188      
1281      1189      
1282      1189      
1283      1190      
1284      1191      
1285      1192      
1286      1193      
1287      1193      
1288      1194      
1289      1195      
1290      1196      
1291      1197      
1292      1198      
1293      1198      
1294      1199      
1295      1200      
1296      1201      
1297      1202      
1304      1207      
1305      1208      
1306      1208      
1307      1209      
1308      1210      
1309      1211      
1310      1212      
1311      1213      
1312      1214      
1313      1215      
1314      1216      
1315      1217      
1316      1217      
1317      1218      
1318      1219      
1319      1220      
1320      1221      
1321      1222      
1330      1228      
1331      1228      
1332      1228      
1333      1228      
1334      1229      
1335      1230      
1336      1231      
1337      1232      
1338      1233      
1339      1233      
1340      1234      
1341      1235      
1342      1236      
1343      1237      
1344      1238      
1345      1239      
1346      1240      
1347      1241      
1348      1242      
