2640
1          661        
1          670        
2          661        
2          671        
3          661        
3          1091       
4          662        
4          671        
5          662        
5          672        
6          662        
6          1092       
7          663        
7          672        
8          663        
8          673        
9          663        
9          1093       
10         664        
10         673        
11         664        
11         674        
12         664        
12         1094       
13         665        
13         674        
14         665        
14         675        
15         665        
15         1095       
16         666        
16         675        
17         666        
17         676        
18         666        
18         1096       
19         667        
19         676        
20         667        
20         677        
21         667        
21         1097       
22         668        
22         677        
23         668        
23         678        
24         668        
24         1098       
25         669        
25         678        
26         669        
26         679        
27         669        
27         1099       
28         670        
28         680        
29         670        
29         1090       
30         671        
30         681        
31         672        
31         682        
32         673        
32         683        
33         674        
33         684        
34         675        
34         685        
35         676        
35         686        
36         677        
36         687        
37         678        
37         688        
38         679        
38         689        
39         679        
39         1100       
40         680        
40         690        
41         680        
41         699        
42         681        
42         690        
43         681        
43         691        
44         682        
44         691        
45         682        
45         692        
46         683        
46         692        
47         683        
47         693        
48         684        
48         693        
49         684        
49         694        
50         685        
50         694        
51         685        
51         695        
52         686        
52         695        
53         686        
53         696        
54         687        
54         696        
55         687        
55         697        
56         688        
56         697        
57         688        
57         698        
58         689        
58         698        
59         689        
59         709        
60         690        
60         700        
61         691        
61         701        
62         692        
62         702        
63         693        
63         703        
64         694        
64         704        
65         695        
65         705        
66         696        
66         706        
67         697        
67         707        
68         698        
68         708        
69         699        
69         710        
70         699        
70         720        
71         700        
71         710        
72         700        
72         711        
73         701        
73         711        
74         701        
74         712        
75         702        
75         712        
76         702        
76         713        
77         703        
77         713        
78         703        
78         714        
79         704        
79         714        
80         704        
80         715        
81         705        
81         715        
82         705        
82         716        
83         706        
83         716        
84         706        
84         717        
85         707        
85         717        
86         707        
86         718        
87         708        
87         718        
88         708        
88         719        
89         709        
89         719        
90         709        
90         731        
91         710        
91         721        
92         711        
92         722        
93         712        
93         723        
94         713        
94         724        
95         714        
95         725        
96         715        
96         726        
97         716        
97         727        
98         717        
98         728        
99         718        
99         729        
100        719        
100        730        
101        720        
101        732        
102        720        
102        743        
103        721        
103        732        
104        721        
104        733        
105        722        
105        733        
106        722        
106        734        
107        723        
107        734        
108        723        
108        735        
109        724        
109        735        
110        724        
110        736        
111        725        
111        736        
112        725        
112        737        
113        726        
113        737        
114        726        
114        738        
115        727        
115        738        
116        727        
116        739        
117        728        
117        739        
118        728        
118        740        
119        729        
119        740        
120        729        
120        741        
121        730        
121        741        
122        730        
122        742        
123        731        
123        742        
124        731        
124        755        
125        732        
125        744        
126        733        
126        745        
127        734        
127        746        
128        735        
128        747        
129        736        
129        748        
130        737        
130        749        
131        738        
131        750        
132        739        
132        751        
133        740        
133        752        
134        741        
134        753        
135        742        
135        754        
136        743        
136        758        
137        743        
137        759        
138        744        
138        759        
139        744        
139        760        
140        745        
140        760        
141        745        
141        761        
142        746        
142        761        
143        746        
143        762        
144        747        
144        762        
145        747        
145        763        
146        748        
146        763        
147        748        
147        764        
148        749        
148        764        
149        749        
149        765        
150        750        
150        765        
151        750        
151        766        
152        751        
152        766        
153        751        
153        767        
154        752        
154        767        
155        752        
155        768        
156        753        
156        768        
157        753        
157        769        
158        754        
158        769        
159        754        
159        770        
160        755        
160        770        
161        755        
161        771        
162        756        
162        787        
163        756        
163        771        
164        756        
164        757        
165        757        
165        772        
166        757        
166        758        
167        758        
167        773        
168        759        
168        774        
169        760        
169        775        
170        761        
170        776        
171        762        
171        777        
172        763        
172        778        
173        764        
173        779        
174        765        
174        780        
175        766        
175        781        
176        767        
176        782        
177        768        
177        783        
178        769        
178        784        
179        770        
179        785        
180        771        
180        786        
181        772        
181        788        
182        772        
182        789        
183        773        
183        789        
184        773        
184        790        
185        774        
185        790        
186        774        
186        791        
187        775        
187        791        
188        775        
188        792        
189        776        
189        792        
190        776        
190        793        
191        777        
191        793        
192        777        
192        794        
193        778        
193        794        
194        778        
194        795        
195        779        
195        795        
196        779        
196        796        
197        780        
197        796        
198        780        
198        797        
199        781        
199        797        
200        781        
200        798        
201        782        
201        798        
202        782        
202        799        
203        783        
203        799        
204        783        
204        800        
205        784        
205        800        
206        784        
206        801        
207        785        
207        801        
208        785        
208        802        
209        786        
209        802        
210        786        
210        803        
211        787        
211        803        
212        787        
212        788        
213        788        
213        804        
214        789        
214        805        
215        790        
215        806        
216        791        
216        807        
217        792        
217        808        
218        793        
218        809        
219        794        
219        810        
220        795        
220        811        
221        796        
221        812        
222        797        
222        813        
223        798        
223        814        
224        799        
224        815        
225        800        
225        816        
226        801        
226        817        
227        802        
227        818        
228        803        
228        819        
229        804        
229        820        
230        804        
230        821        
231        805        
231        821        
232        805        
232        822        
233        806        
233        822        
234        806        
234        823        
235        807        
235        823        
236        807        
236        824        
237        808        
237        824        
238        808        
238        825        
239        809        
239        825        
240        809        
240        826        
241        810        
241        826        
242        810        
242        827        
243        811        
243        827        
244        811        
244        828        
245        812        
245        828        
246        812        
246        829        
247        813        
247        829        
248        813        
248        830        
249        814        
249        830        
250        814        
250        831        
251        815        
251        831        
252        815        
252        832        
253        816        
253        832        
254        816        
254        833        
255        817        
255        833        
256        817        
256        834        
257        818        
257        834        
258        818        
258        835        
259        819        
259        835        
260        819        
260        820        
261        820        
261        851        
262        821        
262        836        
263        822        
263        837        
264        823        
264        838        
265        824        
265        839        
266        825        
266        840        
267        826        
267        841        
268        827        
268        842        
269        828        
269        843        
270        829        
270        844        
271        830        
271        845        
272        831        
272        846        
273        832        
273        847        
274        833        
274        848        
275        834        
275        849        
276        835        
276        850        
277        836        
277        852        
278        836        
278        853        
279        837        
279        853        
280        837        
280        854        
281        838        
281        854        
282        838        
282        855        
283        839        
283        855        
284        839        
284        856        
285        840        
285        856        
286        840        
286        857        
287        841        
287        857        
288        841        
288        858        
289        842        
289        858        
290        842        
290        859        
291        843        
291        859        
292        843        
292        860        
293        844        
293        860        
294        844        
294        861        
295        845        
295        861        
296        845        
296        862        
297        846        
297        862        
298        846        
298        863        
299        847        
299        863        
300        847        
300        864        
301        848        
301        864        
302        848        
302        865        
303        849        
303        865        
304        849        
304        866        
305        850        
305        866        
306        850        
306        867        
307        851        
307        867        
308        851        
308        852        
309        852        
309        868        
310        853        
310        869        
311        854        
311        870        
312        855        
312        871        
313        856        
313        872        
314        857        
314        873        
315        858        
315        874        
316        859        
316        875        
317        860        
317        876        
318        861        
318        877        
319        862        
319        878        
320        863        
320        879        
321        864        
321        880        
322        865        
322        881        
323        866        
323        882        
324        867        
324        883        
325        868        
325        884        
326        868        
326        885        
327        869        
327        885        
328        869        
328        886        
329        870        
329        886        
330        870        
330        887        
331        871        
331        887        
332        871        
332        888        
333        872        
333        888        
334        872        
334        889        
335        873        
335        889        
336        873        
336        890        
337        874        
337        890        
338        874        
338        891        
339        875        
339        891        
340        875        
340        892        
341        876        
341        892        
342        876        
342        893        
343        877        
343        893        
344        877        
344        894        
345        878        
345        894        
346        878        
346        895        
347        879        
347        895        
348        879        
348        896        
349        880        
349        896        
350        880        
350        897        
351        881        
351        897        
352        881        
352        898        
353        882        
353        898        
354        882        
354        899        
355        883        
355        899        
356        883        
356        884        
357        884        
357        915        
358        885        
358        900        
359        886        
359        901        
360        887        
360        902        
361        888        
361        903        
362        889        
362        904        
363        890        
363        905        
364        891        
364        906        
365        892        
365        907        
366        893        
366        908        
367        894        
367        909        
368        895        
368        910        
369        896        
369        911        
370        897        
370        912        
371        898        
371        913        
372        899        
372        914        
373        900        
373        916        
374        900        
374        917        
375        901        
375        917        
376        901        
376        918        
377        902        
377        918        
378        902        
378        919        
379        903        
379        919        
380        903        
380        920        
381        904        
381        920        
382        904        
382        921        
383        905        
383        921        
384        905        
384        922        
385        906        
385        922        
386        906        
386        923        
387        907        
387        923        
388        907        
388        924        
389        908        
389        924        
390        908        
390        925        
391        909        
391        925        
392        909        
392        926        
393        910        
393        926        
394        910        
394        927        
395        911        
395        927        
396        911        
396        928        
397        912        
397        928        
398        912        
398        929        
399        913        
399        929        
400        913        
400        930        
401        914        
401        930        
402        914        
402        931        
403        915        
403        931        
404        915        
404        916        
405        916        
405        932        
406        917        
406        933        
407        918        
407        934        
408        919        
408        935        
409        920        
409        936        
410        921        
410        937        
411        922        
411        938        
412        923        
412        939        
413        924        
413        940        
414        925        
414        941        
415        926        
415        942        
416        927        
416        943        
417        928        
417        944        
418        929        
418        945        
419        930        
419        946        
420        931        
420        947        
421        932        
421        948        
422        932        
422        949        
423        933        
423        949        
424        933        
424        950        
425        934        
425        950        
426        934        
426        951        
427        935        
427        951        
428        935        
428        952        
429        936        
429        952        
430        936        
430        953        
431        937        
431        953        
432        937        
432        954        
433        938        
433        954        
434        938        
434        955        
435        939        
435        955        
436        939        
436        956        
437        940        
437        956        
438        940        
438        957        
439        941        
439        957        
440        941        
440        958        
441        942        
441        958        
442        942        
442        959        
443        943        
443        959        
444        943        
444        960        
445        944        
445        960        
446        944        
446        961        
447        945        
447        961        
448        945        
448        962        
449        946        
449        962        
450        946        
450        963        
451        947        
451        963        
452        947        
452        948        
453        948        
453        979        
454        949        
454        964        
455        950        
455        965        
456        951        
456        966        
457        952        
457        967        
458        953        
458        968        
459        954        
459        969        
460        955        
460        970        
461        956        
461        971        
462        957        
462        972        
463        958        
463        973        
464        959        
464        974        
465        960        
465        975        
466        961        
466        976        
467        962        
467        977        
468        963        
468        978        
469        964        
469        980        
470        964        
470        981        
471        965        
471        981        
472        965        
472        982        
473        966        
473        982        
474        966        
474        983        
475        967        
475        983        
476        967        
476        984        
477        968        
477        984        
478        968        
478        985        
479        969        
479        985        
480        969        
480        986        
481        970        
481        986        
482        970        
482        987        
483        971        
483        987        
484        971        
484        988        
485        972        
485        988        
486        972        
486        989        
487        973        
487        989        
488        973        
488        990        
489        974        
489        990        
490        974        
490        991        
491        975        
491        991        
492        975        
492        992        
493        976        
493        992        
494        976        
494        993        
495        977        
495        993        
496        977        
496        994        
497        978        
497        994        
498        978        
498        995        
499        979        
499        995        
500        979        
500        980        
501        980        
501        996        
502        981        
502        997        
503        982        
503        998        
504        983        
504        999        
505        984        
505        1000       
506        985        
506        1001       
507        986        
507        1002       
508        987        
508        1003       
509        988        
509        1004       
510        989        
510        1005       
511        990        
511        1006       
512        991        
512        1007       
513        992        
513        1008       
514        993        
514        1009       
515        994        
515        1010       
516        995        
516        1011       
517        996        
517        1012       
518        996        
518        1013       
519        997        
519        1013       
520        997        
520        1014       
521        998        
521        1014       
522        998        
522        1015       
523        999        
523        1015       
524        999        
524        1016       
525        1000       
525        1016       
526        1000       
526        1017       
527        1001       
527        1017       
528        1001       
528        1018       
529        1002       
529        1018       
530        1002       
530        1019       
531        1003       
531        1019       
532        1003       
532        1020       
533        1004       
533        1020       
534        1004       
534        1021       
535        1005       
535        1021       
536        1005       
536        1022       
537        1006       
537        1022       
538        1006       
538        1023       
539        1007       
539        1023       
540        1007       
540        1024       
541        1008       
541        1024       
542        1008       
542        1025       
543        1009       
543        1025       
544        1009       
544        1026       
545        1010       
545        1026       
546        1010       
546        1027       
547        1011       
547        1027       
548        1011       
548        1012       
549        1012       
549        1043       
550        1013       
550        1028       
551        1014       
551        1029       
552        1015       
552        1030       
553        1016       
553        1031       
554        1017       
554        1032       
555        1018       
555        1033       
556        1019       
556        1034       
557        1020       
557        1035       
558        1021       
558        1036       
559        1022       
559        1037       
560        1023       
560        1038       
561        1024       
561        1039       
562        1025       
562        1040       
563        1026       
563        1041       
564        1027       
564        1042       
565        1028       
565        1029       
566        1028       
566        1043       
567        1029       
567        1044       
568        1030       
568        1044       
569        1030       
569        1045       
570        1031       
570        1045       
571        1031       
571        1046       
572        1032       
572        1046       
573        1032       
573        1047       
574        1033       
574        1047       
575        1033       
575        1048       
576        1034       
576        1048       
577        1034       
577        1049       
578        1035       
578        1049       
579        1035       
579        1050       
580        1036       
580        1050       
581        1036       
581        1051       
582        1037       
582        1051       
583        1037       
583        1052       
584        1038       
584        1052       
585        1038       
585        1053       
586        1039       
586        1053       
587        1039       
587        1054       
588        1040       
588        1054       
589        1040       
589        1055       
590        1041       
590        1055       
591        1041       
591        1056       
592        1042       
592        1056       
593        1042       
593        1043       
594        1044       
594        1068       
595        1045       
595        1057       
596        1046       
596        1058       
597        1047       
597        1059       
598        1048       
598        1060       
599        1049       
599        1061       
600        1050       
600        1062       
601        1051       
601        1063       
602        1052       
602        1064       
603        1053       
603        1065       
604        1054       
604        1066       
605        1055       
605        1067       
606        1056       
606        1079       
607        1057       
607        1068       
608        1057       
608        1069       
609        1058       
609        1069       
610        1058       
610        1070       
611        1059       
611        1070       
612        1059       
612        1071       
613        1060       
613        1071       
614        1060       
614        1072       
615        1061       
615        1072       
616        1061       
616        1073       
617        1062       
617        1073       
618        1062       
618        1074       
619        1063       
619        1074       
620        1063       
620        1075       
621        1064       
621        1075       
622        1064       
622        1076       
623        1065       
623        1076       
624        1065       
624        1077       
625        1066       
625        1077       
626        1066       
626        1078       
627        1067       
627        1078       
628        1067       
628        1079       
629        1068       
629        1090       
630        1069       
630        1080       
631        1070       
631        1081       
632        1071       
632        1082       
633        1072       
633        1083       
634        1073       
634        1084       
635        1074       
635        1085       
636        1075       
636        1086       
637        1076       
637        1087       
638        1077       
638        1088       
639        1078       
639        1089       
640        1079       
640        1100       
641        1080       
641        1091       
642        1080       
642        1090       
643        1081       
643        1092       
644        1081       
644        1091       
645        1082       
645        1093       
646        1082       
646        1092       
647        1083       
647        1094       
648        1083       
648        1093       
649        1084       
649        1095       
650        1084       
650        1094       
651        1085       
651        1096       
652        1085       
652        1095       
653        1086       
653        1097       
654        1086       
654        1096       
655        1087       
655        1098       
656        1087       
656        1097       
657        1088       
657        1099       
658        1088       
658        1098       
659        1089       
659        1100       
660        1089       
660        1099       
1          2          
1          3          
2          3          
4          5          
4          6          
5          6          
7          8          
7          9          
8          9          
10         11         
10         12         
11         12         
13         14         
13         15         
14         15         
16         17         
16         18         
17         18         
19         20         
19         21         
20         21         
22         23         
22         24         
23         24         
25         26         
25         27         
26         27         
1          28         
1          29         
28         29         
2          4          
2          30         
4          30         
5          7          
5          31         
7          31         
8          10         
8          32         
10         32         
11         13         
11         33         
13         33         
14         16         
14         34         
16         34         
17         19         
17         35         
19         35         
20         22         
20         36         
22         36         
23         25         
23         37         
25         37         
26         38         
26         39         
38         39         
28         40         
28         41         
40         41         
30         42         
30         43         
42         43         
31         44         
31         45         
44         45         
32         46         
32         47         
46         47         
33         48         
33         49         
48         49         
34         50         
34         51         
50         51         
35         52         
35         53         
52         53         
36         54         
36         55         
54         55         
37         56         
37         57         
56         57         
38         58         
38         59         
58         59         
40         42         
40         60         
42         60         
43         44         
43         61         
44         61         
45         46         
45         62         
46         62         
47         48         
47         63         
48         63         
49         50         
49         64         
50         64         
51         52         
51         65         
52         65         
53         54         
53         66         
54         66         
55         56         
55         67         
56         67         
57         58         
57         68         
58         68         
41         69         
41         70         
69         70         
60         71         
60         72         
71         72         
61         73         
61         74         
73         74         
62         75         
62         76         
75         76         
63         77         
63         78         
77         78         
64         79         
64         80         
79         80         
65         81         
65         82         
81         82         
66         83         
66         84         
83         84         
67         85         
67         86         
85         86         
68         87         
68         88         
87         88         
59         89         
59         90         
89         90         
69         71         
69         91         
71         91         
72         73         
72         92         
73         92         
74         75         
74         93         
75         93         
76         77         
76         94         
77         94         
78         79         
78         95         
79         95         
80         81         
80         96         
81         96         
82         83         
82         97         
83         97         
84         85         
84         98         
85         98         
86         87         
86         99         
87         99         
88         89         
88         100        
89         100        
70         101        
70         102        
101        102        
91         103        
91         104        
103        104        
92         105        
92         106        
105        106        
93         107        
93         108        
107        108        
94         109        
94         110        
109        110        
95         111        
95         112        
111        112        
96         113        
96         114        
113        114        
97         115        
97         116        
115        116        
98         117        
98         118        
117        118        
99         119        
99         120        
119        120        
100        121        
100        122        
121        122        
90         123        
90         124        
123        124        
101        103        
101        125        
103        125        
104        105        
104        126        
105        126        
106        107        
106        127        
107        127        
108        109        
108        128        
109        128        
110        111        
110        129        
111        129        
112        113        
112        130        
113        130        
114        115        
114        131        
115        131        
116        117        
116        132        
117        132        
118        119        
118        133        
119        133        
120        121        
120        134        
121        134        
122        123        
122        135        
123        135        
102        136        
102        137        
136        137        
125        138        
125        139        
138        139        
126        140        
126        141        
140        141        
127        142        
127        143        
142        143        
128        144        
128        145        
144        145        
129        146        
129        147        
146        147        
130        148        
130        149        
148        149        
131        150        
131        151        
150        151        
132        152        
132        153        
152        153        
133        154        
133        155        
154        155        
134        156        
134        157        
156        157        
135        158        
135        159        
158        159        
124        160        
124        161        
160        161        
162        163        
162        164        
163        164        
164        165        
164        166        
165        166        
136        166        
136        167        
166        167        
137        138        
137        168        
138        168        
139        140        
139        169        
140        169        
141        142        
141        170        
142        170        
143        144        
143        171        
144        171        
145        146        
145        172        
146        172        
147        148        
147        173        
148        173        
149        150        
149        174        
150        174        
151        152        
151        175        
152        175        
153        154        
153        176        
154        176        
155        156        
155        177        
156        177        
157        158        
157        178        
158        178        
159        160        
159        179        
160        179        
161        163        
161        180        
163        180        
165        181        
165        182        
181        182        
167        183        
167        184        
183        184        
168        185        
168        186        
185        186        
169        187        
169        188        
187        188        
170        189        
170        190        
189        190        
171        191        
171        192        
191        192        
172        193        
172        194        
193        194        
173        195        
173        196        
195        196        
174        197        
174        198        
197        198        
175        199        
175        200        
199        200        
176        201        
176        202        
201        202        
177        203        
177        204        
203        204        
178        205        
178        206        
205        206        
179        207        
179        208        
207        208        
180        209        
180        210        
209        210        
162        211        
162        212        
211        212        
181        212        
181        213        
212        213        
182        183        
182        214        
183        214        
184        185        
184        215        
185        215        
186        187        
186        216        
187        216        
188        189        
188        217        
189        217        
190        191        
190        218        
191        218        
192        193        
192        219        
193        219        
194        195        
194        220        
195        220        
196        197        
196        221        
197        221        
198        199        
198        222        
199        222        
200        201        
200        223        
201        223        
202        203        
202        224        
203        224        
204        205        
204        225        
205        225        
206        207        
206        226        
207        226        
208        209        
208        227        
209        227        
210        211        
210        228        
211        228        
213        229        
213        230        
229        230        
214        231        
214        232        
231        232        
215        233        
215        234        
233        234        
216        235        
216        236        
235        236        
217        237        
217        238        
237        238        
218        239        
218        240        
239        240        
219        241        
219        242        
241        242        
220        243        
220        244        
243        244        
221        245        
221        246        
245        246        
222        247        
222        248        
247        248        
223        249        
223        250        
249        250        
224        251        
224        252        
251        252        
225        253        
225        254        
253        254        
226        255        
226        256        
255        256        
227        257        
227        258        
257        258        
228        259        
228        260        
259        260        
229        260        
229        261        
260        261        
230        231        
230        262        
231        262        
232        233        
232        263        
233        263        
234        235        
234        264        
235        264        
236        237        
236        265        
237        265        
238        239        
238        266        
239        266        
240        241        
240        267        
241        267        
242        243        
242        268        
243        268        
244        245        
244        269        
245        269        
246        247        
246        270        
247        270        
248        249        
248        271        
249        271        
250        251        
250        272        
251        272        
252        253        
252        273        
253        273        
254        255        
254        274        
255        274        
256        257        
256        275        
257        275        
258        259        
258        276        
259        276        
262        277        
262        278        
277        278        
263        279        
263        280        
279        280        
264        281        
264        282        
281        282        
265        283        
265        284        
283        284        
266        285        
266        286        
285        286        
267        287        
267        288        
287        288        
268        289        
268        290        
289        290        
269        291        
269        292        
291        292        
270        293        
270        294        
293        294        
271        295        
271        296        
295        296        
272        297        
272        298        
297        298        
273        299        
273        300        
299        300        
274        301        
274        302        
301        302        
275        303        
275        304        
303        304        
276        305        
276        306        
305        306        
261        307        
261        308        
307        308        
277        308        
277        309        
308        309        
278        279        
278        310        
279        310        
280        281        
280        311        
281        311        
282        283        
282        312        
283        312        
284        285        
284        313        
285        313        
286        287        
286        314        
287        314        
288        289        
288        315        
289        315        
290        291        
290        316        
291        316        
292        293        
292        317        
293        317        
294        295        
294        318        
295        318        
296        297        
296        319        
297        319        
298        299        
298        320        
299        320        
300        301        
300        321        
301        321        
302        303        
302        322        
303        322        
304        305        
304        323        
305        323        
306        307        
306        324        
307        324        
309        325        
309        326        
325        326        
310        327        
310        328        
327        328        
311        329        
311        330        
329        330        
312        331        
312        332        
331        332        
313        333        
313        334        
333        334        
314        335        
314        336        
335        336        
315        337        
315        338        
337        338        
316        339        
316        340        
339        340        
317        341        
317        342        
341        342        
318        343        
318        344        
343        344        
319        345        
319        346        
345        346        
320        347        
320        348        
347        348        
321        349        
321        350        
349        350        
322        351        
322        352        
351        352        
323        353        
323        354        
353        354        
324        355        
324        356        
355        356        
325        356        
325        357        
356        357        
326        327        
326        358        
327        358        
328        329        
328        359        
329        359        
330        331        
330        360        
331        360        
332        333        
332        361        
333        361        
334        335        
334        362        
335        362        
336        337        
336        363        
337        363        
338        339        
338        364        
339        364        
340        341        
340        365        
341        365        
342        343        
342        366        
343        366        
344        345        
344        367        
345        367        
346        347        
346        368        
347        368        
348        349        
348        369        
349        369        
350        351        
350        370        
351        370        
352        353        
352        371        
353        371        
354        355        
354        372        
355        372        
358        373        
358        374        
373        374        
359        375        
359        376        
375        376        
360        377        
360        378        
377        378        
361        379        
361        380        
379        380        
362        381        
362        382        
381        382        
363        383        
363        384        
383        384        
364        385        
364        386        
385        386        
365        387        
365        388        
387        388        
366        389        
366        390        
389        390        
367        391        
367        392        
391        392        
368        393        
368        394        
393        394        
369        395        
369        396        
395        396        
370        397        
370        398        
397        398        
371        399        
371        400        
399        400        
372        401        
372        402        
401        402        
357        403        
357        404        
403        404        
373        404        
373        405        
404        405        
374        375        
374        406        
375        406        
376        377        
376        407        
377        407        
378        379        
378        408        
379        408        
380        381        
380        409        
381        409        
382        383        
382        410        
383        410        
384        385        
384        411        
385        411        
386        387        
386        412        
387        412        
388        389        
388        413        
389        413        
390        391        
390        414        
391        414        
392        393        
392        415        
393        415        
394        395        
394        416        
395        416        
396        397        
396        417        
397        417        
398        399        
398        418        
399        418        
400        401        
400        419        
401        419        
402        403        
402        420        
403        420        
405        421        
405        422        
421        422        
406        423        
406        424        
423        424        
407        425        
407        426        
425        426        
408        427        
408        428        
427        428        
409        429        
409        430        
429        430        
410        431        
410        432        
431        432        
411        433        
411        434        
433        434        
412        435        
412        436        
435        436        
413        437        
413        438        
437        438        
414        439        
414        440        
439        440        
415        441        
415        442        
441        442        
416        443        
416        444        
443        444        
417        445        
417        446        
445        446        
418        447        
418        448        
447        448        
419        449        
419        450        
449        450        
420        451        
420        452        
451        452        
421        452        
421        453        
452        453        
422        423        
422        454        
423        454        
424        425        
424        455        
425        455        
426        427        
426        456        
427        456        
428        429        
428        457        
429        457        
430        431        
430        458        
431        458        
432        433        
432        459        
433        459        
434        435        
434        460        
435        460        
436        437        
436        461        
437        461        
438        439        
438        462        
439        462        
440        441        
440        463        
441        463        
442        443        
442        464        
443        464        
444        445        
444        465        
445        465        
446        447        
446        466        
447        466        
448        449        
448        467        
449        467        
450        451        
450        468        
451        468        
454        469        
454        470        
469        470        
455        471        
455        472        
471        472        
456        473        
456        474        
473        474        
457        475        
457        476        
475        476        
458        477        
458        478        
477        478        
459        479        
459        480        
479        480        
460        481        
460        482        
481        482        
461        483        
461        484        
483        484        
462        485        
462        486        
485        486        
463        487        
463        488        
487        488        
464        489        
464        490        
489        490        
465        491        
465        492        
491        492        
466        493        
466        494        
493        494        
467        495        
467        496        
495        496        
468        497        
468        498        
497        498        
453        499        
453        500        
499        500        
469        500        
469        501        
500        501        
470        471        
470        502        
471        502        
472        473        
472        503        
473        503        
474        475        
474        504        
475        504        
476        477        
476        505        
477        505        
478        479        
478        506        
479        506        
480        481        
480        507        
481        507        
482        483        
482        508        
483        508        
484        485        
484        509        
485        509        
486        487        
486        510        
487        510        
488        489        
488        511        
489        511        
490        491        
490        512        
491        512        
492        493        
492        513        
493        513        
494        495        
494        514        
495        514        
496        497        
496        515        
497        515        
498        499        
498        516        
499        516        
501        517        
501        518        
517        518        
502        519        
502        520        
519        520        
503        521        
503        522        
521        522        
504        523        
504        524        
523        524        
505        525        
505        526        
525        526        
506        527        
506        528        
527        528        
507        529        
507        530        
529        530        
508        531        
508        532        
531        532        
509        533        
509        534        
533        534        
510        535        
510        536        
535        536        
511        537        
511        538        
537        538        
512        539        
512        540        
539        540        
513        541        
513        542        
541        542        
514        543        
514        544        
543        544        
515        545        
515        546        
545        546        
516        547        
516        548        
547        548        
517        548        
517        549        
548        549        
518        519        
518        550        
519        550        
520        521        
520        551        
521        551        
522        523        
522        552        
523        552        
524        525        
524        553        
525        553        
526        527        
526        554        
527        554        
528        529        
528        555        
529        555        
530        531        
530        556        
531        556        
532        533        
532        557        
533        557        
534        535        
534        558        
535        558        
536        537        
536        559        
537        559        
538        539        
538        560        
539        560        
540        541        
540        561        
541        561        
542        543        
542        562        
543        562        
544        545        
544        563        
545        563        
546        547        
546        564        
547        564        
550        565        
550        566        
565        566        
551        565        
551        567        
565        567        
552        568        
552        569        
568        569        
553        570        
553        571        
570        571        
554        572        
554        573        
572        573        
555        574        
555        575        
574        575        
556        576        
556        577        
576        577        
557        578        
557        579        
578        579        
558        580        
558        581        
580        581        
559        582        
559        583        
582        583        
560        584        
560        585        
584        585        
561        586        
561        587        
586        587        
562        588        
562        589        
588        589        
563        590        
563        591        
590        591        
564        592        
564        593        
592        593        
549        566        
549        593        
566        593        
567        568        
567        594        
568        594        
569        570        
569        595        
570        595        
571        572        
571        596        
572        596        
573        574        
573        597        
574        597        
575        576        
575        598        
576        598        
577        578        
577        599        
578        599        
579        580        
579        600        
580        600        
581        582        
581        601        
582        601        
583        584        
583        602        
584        602        
585        586        
585        603        
586        603        
587        588        
587        604        
588        604        
589        590        
589        605        
590        605        
591        592        
591        606        
592        606        
595        607        
595        608        
607        608        
596        609        
596        610        
609        610        
597        611        
597        612        
611        612        
598        613        
598        614        
613        614        
599        615        
599        616        
615        616        
600        617        
600        618        
617        618        
601        619        
601        620        
619        620        
602        621        
602        622        
621        622        
603        623        
603        624        
623        624        
604        625        
604        626        
625        626        
605        627        
605        628        
627        628        
594        607        
594        629        
607        629        
608        609        
608        630        
609        630        
610        611        
610        631        
611        631        
612        613        
612        632        
613        632        
614        615        
614        633        
615        633        
616        617        
616        634        
617        634        
618        619        
618        635        
619        635        
620        621        
620        636        
621        636        
622        623        
622        637        
623        637        
624        625        
624        638        
625        638        
626        627        
626        639        
627        639        
606        628        
606        640        
628        640        
630        641        
630        642        
641        642        
631        643        
631        644        
643        644        
632        645        
632        646        
645        646        
633        647        
633        648        
647        648        
634        649        
634        650        
649        650        
635        651        
635        652        
651        652        
636        653        
636        654        
653        654        
637        655        
637        656        
655        656        
638        657        
638        658        
657        658        
639        659        
639        660        
659        660        
29         629        
29         642        
629        642        
3          641        
3          644        
641        644        
6          643        
6          646        
643        646        
9          645        
9          648        
645        648        
12         647        
12         650        
647        650        
15         649        
15         652        
649        652        
18         651        
18         654        
651        654        
21         653        
21         656        
653        656        
24         655        
24         658        
655        658        
27         657        
27         660        
657        660        
39         640        
39         659        
640        659        
