1524
1          382        
1          389        
2          382        
2          390        
3          382        
3          629        
4          383        
4          390        
5          383        
5          391        
6          383        
6          630        
7          384        
7          391        
8          384        
8          392        
9          384        
9          631        
10         385        
10         392        
11         385        
11         393        
12         385        
12         632        
13         386        
13         393        
14         386        
14         394        
15         386        
15         633        
16         387        
16         394        
17         387        
17         395        
18         387        
18         634        
19         388        
19         395        
20         388        
20         396        
21         388        
21         635        
22         389        
22         397        
23         389        
23         621        
24         390        
24         398        
25         391        
25         399        
26         392        
26         400        
27         393        
27         401        
28         394        
28         402        
29         395        
29         403        
30         396        
30         404        
31         396        
31         628        
32         397        
32         405        
33         397        
33         406        
34         398        
34         406        
35         398        
35         407        
36         399        
36         407        
37         399        
37         408        
38         400        
38         408        
39         400        
39         409        
40         401        
40         409        
41         401        
41         410        
42         402        
42         410        
43         402        
43         411        
44         403        
44         411        
45         403        
45         412        
46         404        
46         412        
47         404        
47         413        
48         405        
48         415        
49         405        
49         414        
50         406        
50         416        
51         407        
51         417        
52         408        
52         418        
53         409        
53         419        
54         410        
54         420        
55         411        
55         421        
56         412        
56         422        
57         413        
57         423        
58         413        
58         424        
59         414        
59         426        
60         414        
60         427        
61         415        
61         427        
62         415        
62         428        
63         416        
63         428        
64         416        
64         429        
65         417        
65         429        
66         417        
66         430        
67         418        
67         430        
68         418        
68         431        
69         419        
69         431        
70         419        
70         432        
71         420        
71         432        
72         420        
72         433        
73         421        
73         433        
74         421        
74         434        
75         422        
75         434        
76         422        
76         435        
77         423        
77         435        
78         423        
78         436        
79         424        
79         436        
80         424        
80         425        
81         425        
81         448        
82         425        
82         426        
83         426        
83         437        
84         427        
84         438        
85         428        
85         439        
86         429        
86         440        
87         430        
87         441        
88         431        
88         442        
89         432        
89         443        
90         433        
90         444        
91         434        
91         445        
92         435        
92         446        
93         436        
93         447        
94         437        
94         449        
95         437        
95         450        
96         438        
96         450        
97         438        
97         451        
98         439        
98         451        
99         439        
99         452        
100        440        
100        452        
101        440        
101        453        
102        441        
102        453        
103        441        
103        454        
104        442        
104        454        
105        442        
105        455        
106        443        
106        455        
107        443        
107        456        
108        444        
108        456        
109        444        
109        457        
110        445        
110        457        
111        445        
111        458        
112        446        
112        458        
113        446        
113        459        
114        447        
114        459        
115        447        
115        460        
116        448        
116        460        
117        448        
117        449        
118        449        
118        461        
119        450        
119        462        
120        451        
120        463        
121        452        
121        464        
122        453        
122        465        
123        454        
123        466        
124        455        
124        467        
125        456        
125        468        
126        457        
126        469        
127        458        
127        470        
128        459        
128        471        
129        460        
129        472        
130        461        
130        473        
131        461        
131        474        
132        462        
132        474        
133        462        
133        475        
134        463        
134        475        
135        463        
135        476        
136        464        
136        476        
137        464        
137        477        
138        465        
138        477        
139        465        
139        478        
140        466        
140        478        
141        466        
141        479        
142        467        
142        479        
143        467        
143        480        
144        468        
144        480        
145        468        
145        481        
146        469        
146        481        
147        469        
147        482        
148        470        
148        482        
149        470        
149        483        
150        471        
150        483        
151        471        
151        484        
152        472        
152        484        
153        472        
153        473        
154        473        
154        496        
155        474        
155        485        
156        475        
156        486        
157        476        
157        487        
158        477        
158        488        
159        478        
159        489        
160        479        
160        490        
161        480        
161        491        
162        481        
162        492        
163        482        
163        493        
164        483        
164        494        
165        484        
165        495        
166        485        
166        497        
167        485        
167        498        
168        486        
168        498        
169        486        
169        499        
170        487        
170        499        
171        487        
171        500        
172        488        
172        500        
173        488        
173        501        
174        489        
174        501        
175        489        
175        502        
176        490        
176        502        
177        490        
177        503        
178        491        
178        503        
179        491        
179        504        
180        492        
180        504        
181        492        
181        505        
182        493        
182        505        
183        493        
183        506        
184        494        
184        506        
185        494        
185        507        
186        495        
186        507        
187        495        
187        508        
188        496        
188        508        
189        496        
189        497        
190        497        
190        509        
191        498        
191        510        
192        499        
192        511        
193        500        
193        512        
194        501        
194        513        
195        502        
195        514        
196        503        
196        515        
197        504        
197        516        
198        505        
198        517        
199        506        
199        518        
200        507        
200        519        
201        508        
201        520        
202        509        
202        521        
203        509        
203        522        
204        510        
204        522        
205        510        
205        523        
206        511        
206        523        
207        511        
207        524        
208        512        
208        524        
209        512        
209        525        
210        513        
210        525        
211        513        
211        526        
212        514        
212        526        
213        514        
213        527        
214        515        
214        527        
215        515        
215        528        
216        516        
216        528        
217        516        
217        529        
218        517        
218        529        
219        517        
219        530        
220        518        
220        530        
221        518        
221        531        
222        519        
222        531        
223        519        
223        532        
224        520        
224        532        
225        520        
225        521        
226        521        
226        544        
227        522        
227        533        
228        523        
228        534        
229        524        
229        535        
230        525        
230        536        
231        526        
231        537        
232        527        
232        538        
233        528        
233        539        
234        529        
234        540        
235        530        
235        541        
236        531        
236        542        
237        532        
237        543        
238        533        
238        545        
239        533        
239        546        
240        534        
240        546        
241        534        
241        547        
242        535        
242        547        
243        535        
243        548        
244        536        
244        548        
245        536        
245        549        
246        537        
246        549        
247        537        
247        550        
248        538        
248        550        
249        538        
249        551        
250        539        
250        551        
251        539        
251        552        
252        540        
252        552        
253        540        
253        553        
254        541        
254        553        
255        541        
255        554        
256        542        
256        554        
257        542        
257        555        
258        543        
258        555        
259        543        
259        556        
260        544        
260        556        
261        544        
261        545        
262        545        
262        557        
263        546        
263        558        
264        547        
264        559        
265        548        
265        560        
266        549        
266        561        
267        550        
267        562        
268        551        
268        563        
269        552        
269        564        
270        553        
270        565        
271        554        
271        566        
272        555        
272        567        
273        556        
273        568        
274        557        
274        569        
275        557        
275        570        
276        558        
276        570        
277        558        
277        571        
278        559        
278        571        
279        559        
279        572        
280        560        
280        572        
281        560        
281        573        
282        561        
282        573        
283        561        
283        574        
284        562        
284        574        
285        562        
285        575        
286        563        
286        575        
287        563        
287        576        
288        564        
288        576        
289        564        
289        577        
290        565        
290        577        
291        565        
291        578        
292        566        
292        578        
293        566        
293        579        
294        567        
294        579        
295        567        
295        580        
296        568        
296        580        
297        568        
297        569        
298        569        
298        592        
299        570        
299        581        
300        571        
300        582        
301        572        
301        583        
302        573        
302        584        
303        574        
303        585        
304        575        
304        586        
305        576        
305        587        
306        577        
306        588        
307        578        
307        589        
308        579        
308        590        
309        580        
309        591        
310        581        
310        593        
311        581        
311        592        
312        582        
312        593        
313        582        
313        594        
314        583        
314        594        
315        583        
315        595        
316        584        
316        595        
317        584        
317        596        
318        585        
318        596        
319        585        
319        597        
320        586        
320        597        
321        586        
321        598        
322        587        
322        598        
323        587        
323        599        
324        588        
324        599        
325        588        
325        600        
326        589        
326        600        
327        589        
327        601        
328        590        
328        601        
329        590        
329        602        
330        591        
330        602        
331        591        
331        603        
332        592        
332        603        
333        593        
333        604        
334        594        
334        604        
335        595        
335        605        
336        596        
336        606        
337        597        
337        607        
338        598        
338        608        
339        599        
339        609        
340        600        
340        610        
341        601        
341        611        
342        602        
342        612        
343        603        
343        612        
344        604        
344        613        
345        605        
345        613        
346        605        
346        614        
347        606        
347        614        
348        606        
348        615        
349        607        
349        615        
350        607        
350        616        
351        608        
351        616        
352        608        
352        617        
353        609        
353        617        
354        609        
354        618        
355        610        
355        618        
356        610        
356        619        
357        611        
357        619        
358        611        
358        620        
359        612        
359        620        
360        613        
360        621        
361        614        
361        622        
362        615        
362        623        
363        616        
363        624        
364        617        
364        625        
365        618        
365        626        
366        619        
366        627        
367        620        
367        628        
368        621        
368        629        
369        622        
369        630        
370        622        
370        629        
371        623        
371        631        
372        623        
372        630        
373        624        
373        632        
374        624        
374        631        
375        625        
375        633        
376        625        
376        632        
377        626        
377        634        
378        626        
378        633        
379        627        
379        635        
380        627        
380        634        
381        628        
381        635        
1          2          
1          3          
2          3          
4          5          
4          6          
5          6          
7          8          
7          9          
8          9          
10         11         
10         12         
11         12         
13         14         
13         15         
14         15         
16         17         
16         18         
17         18         
19         20         
19         21         
20         21         
1          22         
1          23         
22         23         
2          4          
2          24         
4          24         
5          7          
5          25         
7          25         
8          10         
8          26         
10         26         
11         13         
11         27         
13         27         
14         16         
14         28         
16         28         
17         19         
17         29         
19         29         
20         30         
20         31         
30         31         
22         32         
22         33         
32         33         
24         34         
24         35         
34         35         
25         36         
25         37         
36         37         
26         38         
26         39         
38         39         
27         40         
27         41         
40         41         
28         42         
28         43         
42         43         
29         44         
29         45         
44         45         
30         46         
30         47         
46         47         
32         48         
32         49         
48         49         
33         34         
33         50         
34         50         
35         36         
35         51         
36         51         
37         38         
37         52         
38         52         
39         40         
39         53         
40         53         
41         42         
41         54         
42         54         
43         44         
43         55         
44         55         
45         46         
45         56         
46         56         
47         57         
47         58         
57         58         
49         59         
49         60         
59         60         
48         61         
48         62         
61         62         
50         63         
50         64         
63         64         
51         65         
51         66         
65         66         
52         67         
52         68         
67         68         
53         69         
53         70         
69         70         
54         71         
54         72         
71         72         
55         73         
55         74         
73         74         
56         75         
56         76         
75         76         
57         77         
57         78         
77         78         
58         79         
58         80         
79         80         
80         81         
80         82         
81         82         
59         82         
59         83         
82         83         
60         61         
60         84         
61         84         
62         63         
62         85         
63         85         
64         65         
64         86         
65         86         
66         67         
66         87         
67         87         
68         69         
68         88         
69         88         
70         71         
70         89         
71         89         
72         73         
72         90         
73         90         
74         75         
74         91         
75         91         
76         77         
76         92         
77         92         
78         79         
78         93         
79         93         
83         94         
83         95         
94         95         
84         96         
84         97         
96         97         
85         98         
85         99         
98         99         
86         100        
86         101        
100        101        
87         102        
87         103        
102        103        
88         104        
88         105        
104        105        
89         106        
89         107        
106        107        
90         108        
90         109        
108        109        
91         110        
91         111        
110        111        
92         112        
92         113        
112        113        
93         114        
93         115        
114        115        
81         116        
81         117        
116        117        
94         117        
94         118        
117        118        
95         96         
95         119        
96         119        
97         98         
97         120        
98         120        
99         100        
99         121        
100        121        
101        102        
101        122        
102        122        
103        104        
103        123        
104        123        
105        106        
105        124        
106        124        
107        108        
107        125        
108        125        
109        110        
109        126        
110        126        
111        112        
111        127        
112        127        
113        114        
113        128        
114        128        
115        116        
115        129        
116        129        
118        130        
118        131        
130        131        
119        132        
119        133        
132        133        
120        134        
120        135        
134        135        
121        136        
121        137        
136        137        
122        138        
122        139        
138        139        
123        140        
123        141        
140        141        
124        142        
124        143        
142        143        
125        144        
125        145        
144        145        
126        146        
126        147        
146        147        
127        148        
127        149        
148        149        
128        150        
128        151        
150        151        
129        152        
129        153        
152        153        
130        153        
130        154        
153        154        
131        132        
131        155        
132        155        
133        134        
133        156        
134        156        
135        136        
135        157        
136        157        
137        138        
137        158        
138        158        
139        140        
139        159        
140        159        
141        142        
141        160        
142        160        
143        144        
143        161        
144        161        
145        146        
145        162        
146        162        
147        148        
147        163        
148        163        
149        150        
149        164        
150        164        
151        152        
151        165        
152        165        
155        166        
155        167        
166        167        
156        168        
156        169        
168        169        
157        170        
157        171        
170        171        
158        172        
158        173        
172        173        
159        174        
159        175        
174        175        
160        176        
160        177        
176        177        
161        178        
161        179        
178        179        
162        180        
162        181        
180        181        
163        182        
163        183        
182        183        
164        184        
164        185        
184        185        
165        186        
165        187        
186        187        
154        188        
154        189        
188        189        
166        189        
166        190        
189        190        
167        168        
167        191        
168        191        
169        170        
169        192        
170        192        
171        172        
171        193        
172        193        
173        174        
173        194        
174        194        
175        176        
175        195        
176        195        
177        178        
177        196        
178        196        
179        180        
179        197        
180        197        
181        182        
181        198        
182        198        
183        184        
183        199        
184        199        
185        186        
185        200        
186        200        
187        188        
187        201        
188        201        
190        202        
190        203        
202        203        
191        204        
191        205        
204        205        
192        206        
192        207        
206        207        
193        208        
193        209        
208        209        
194        210        
194        211        
210        211        
195        212        
195        213        
212        213        
196        214        
196        215        
214        215        
197        216        
197        217        
216        217        
198        218        
198        219        
218        219        
199        220        
199        221        
220        221        
200        222        
200        223        
222        223        
201        224        
201        225        
224        225        
202        225        
202        226        
225        226        
203        204        
203        227        
204        227        
205        206        
205        228        
206        228        
207        208        
207        229        
208        229        
209        210        
209        230        
210        230        
211        212        
211        231        
212        231        
213        214        
213        232        
214        232        
215        216        
215        233        
216        233        
217        218        
217        234        
218        234        
219        220        
219        235        
220        235        
221        222        
221        236        
222        236        
223        224        
223        237        
224        237        
227        238        
227        239        
238        239        
228        240        
228        241        
240        241        
229        242        
229        243        
242        243        
230        244        
230        245        
244        245        
231        246        
231        247        
246        247        
232        248        
232        249        
248        249        
233        250        
233        251        
250        251        
234        252        
234        253        
252        253        
235        254        
235        255        
254        255        
236        256        
236        257        
256        257        
237        258        
237        259        
258        259        
226        260        
226        261        
260        261        
238        261        
238        262        
261        262        
239        240        
239        263        
240        263        
241        242        
241        264        
242        264        
243        244        
243        265        
244        265        
245        246        
245        266        
246        266        
247        248        
247        267        
248        267        
249        250        
249        268        
250        268        
251        252        
251        269        
252        269        
253        254        
253        270        
254        270        
255        256        
255        271        
256        271        
257        258        
257        272        
258        272        
259        260        
259        273        
260        273        
262        274        
262        275        
274        275        
263        276        
263        277        
276        277        
264        278        
264        279        
278        279        
265        280        
265        281        
280        281        
266        282        
266        283        
282        283        
267        284        
267        285        
284        285        
268        286        
268        287        
286        287        
269        288        
269        289        
288        289        
270        290        
270        291        
290        291        
271        292        
271        293        
292        293        
272        294        
272        295        
294        295        
273        296        
273        297        
296        297        
274        297        
274        298        
297        298        
275        276        
275        299        
276        299        
277        278        
277        300        
278        300        
279        280        
279        301        
280        301        
281        282        
281        302        
282        302        
283        284        
283        303        
284        303        
285        286        
285        304        
286        304        
287        288        
287        305        
288        305        
289        290        
289        306        
290        306        
291        292        
291        307        
292        307        
293        294        
293        308        
294        308        
295        296        
295        309        
296        309        
299        310        
299        311        
310        311        
300        312        
300        313        
312        313        
301        314        
301        315        
314        315        
302        316        
302        317        
316        317        
303        318        
303        319        
318        319        
304        320        
304        321        
320        321        
305        322        
305        323        
322        323        
306        324        
306        325        
324        325        
307        326        
307        327        
326        327        
308        328        
308        329        
328        329        
309        330        
309        331        
330        331        
298        311        
298        332        
311        332        
310        312        
310        333        
312        333        
313        314        
313        334        
314        334        
315        316        
315        335        
316        335        
317        318        
317        336        
318        336        
319        320        
319        337        
320        337        
321        322        
321        338        
322        338        
323        324        
323        339        
324        339        
325        326        
325        340        
326        340        
327        328        
327        341        
328        341        
329        330        
329        342        
330        342        
331        332        
331        343        
332        343        
333        334        
333        344        
334        344        
335        345        
335        346        
345        346        
336        347        
336        348        
347        348        
337        349        
337        350        
349        350        
338        351        
338        352        
351        352        
339        353        
339        354        
353        354        
340        355        
340        356        
355        356        
341        357        
341        358        
357        358        
342        343        
342        359        
343        359        
344        345        
344        360        
345        360        
346        347        
346        361        
347        361        
348        349        
348        362        
349        362        
350        351        
350        363        
351        363        
352        353        
352        364        
353        364        
354        355        
354        365        
355        365        
356        357        
356        366        
357        366        
358        359        
358        367        
359        367        
23         360        
23         368        
360        368        
361        369        
361        370        
369        370        
362        371        
362        372        
371        372        
363        373        
363        374        
373        374        
364        375        
364        376        
375        376        
365        377        
365        378        
377        378        
366        379        
366        380        
379        380        
31         367        
31         381        
367        381        
3          368        
3          370        
368        370        
6          369        
6          372        
369        372        
9          371        
9          374        
371        374        
12         373        
12         376        
373        376        
15         375        
15         378        
375        378        
18         377        
18         380        
377        380        
21         379        
21         381        
379        381        
