2916
1          730        
1          744        
2          730        
2          757        
3          730        
3          1191       
4          731        
4          744        
5          731        
5          745        
6          731        
6          1204       
7          732        
7          745        
8          732        
8          746        
9          732        
9          1205       
10         733        
10         746        
11         733        
11         747        
12         733        
12         1206       
13         734        
13         747        
14         734        
14         748        
15         734        
15         1207       
16         735        
16         748        
17         735        
17         749        
18         735        
18         1208       
19         736        
19         749        
20         736        
20         750        
21         736        
21         1209       
22         737        
22         750        
23         737        
23         751        
24         737        
24         1210       
25         738        
25         751        
26         738        
26         752        
27         738        
27         1211       
28         739        
28         752        
29         739        
29         753        
30         739        
30         1212       
31         740        
31         753        
32         740        
32         754        
33         740        
33         1213       
34         741        
34         754        
35         741        
35         755        
36         741        
36         1214       
37         742        
37         755        
38         742        
38         756        
39         742        
39         1215       
40         743        
40         756        
41         743        
41         1203       
42         743        
42         771        
43         744        
43         758        
44         745        
44         759        
45         746        
45         760        
46         747        
46         761        
47         748        
47         762        
48         749        
48         763        
49         750        
49         764        
50         751        
50         765        
51         752        
51         766        
52         753        
52         767        
53         754        
53         768        
54         755        
54         769        
55         756        
55         770        
56         757        
56         772        
57         757        
57         773        
58         758        
58         773        
59         758        
59         774        
60         759        
60         774        
61         759        
61         775        
62         760        
62         775        
63         760        
63         776        
64         761        
64         776        
65         761        
65         777        
66         762        
66         777        
67         762        
67         778        
68         763        
68         778        
69         763        
69         779        
70         764        
70         779        
71         764        
71         780        
72         765        
72         780        
73         765        
73         781        
74         766        
74         781        
75         766        
75         782        
76         767        
76         782        
77         767        
77         783        
78         768        
78         783        
79         768        
79         784        
80         769        
80         784        
81         769        
81         785        
82         770        
82         785        
83         770        
83         786        
84         771        
84         786        
85         771        
85         787        
86         772        
86         788        
87         772        
87         787        
88         773        
88         789        
89         774        
89         790        
90         775        
90         791        
91         776        
91         792        
92         777        
92         793        
93         778        
93         794        
94         779        
94         795        
95         780        
95         796        
96         781        
96         797        
97         782        
97         798        
98         783        
98         799        
99         784        
99         800        
100        785        
100        801        
101        786        
101        802        
102        787        
102        803        
103        788        
103        804        
104        788        
104        805        
105        789        
105        805        
106        789        
106        806        
107        790        
107        806        
108        790        
108        807        
109        791        
109        807        
110        791        
110        808        
111        792        
111        808        
112        792        
112        809        
113        793        
113        809        
114        793        
114        810        
115        794        
115        810        
116        794        
116        811        
117        795        
117        811        
118        795        
118        812        
119        796        
119        812        
120        796        
120        813        
121        797        
121        813        
122        797        
122        814        
123        798        
123        814        
124        798        
124        815        
125        799        
125        815        
126        799        
126        816        
127        800        
127        816        
128        800        
128        817        
129        801        
129        817        
130        801        
130        818        
131        802        
131        818        
132        802        
132        819        
133        803        
133        819        
134        803        
134        804        
135        804        
135        835        
136        805        
136        820        
137        806        
137        821        
138        807        
138        822        
139        808        
139        823        
140        809        
140        824        
141        810        
141        825        
142        811        
142        826        
143        812        
143        827        
144        813        
144        828        
145        814        
145        829        
146        815        
146        830        
147        816        
147        831        
148        817        
148        832        
149        818        
149        833        
150        819        
150        834        
151        820        
151        836        
152        820        
152        837        
153        821        
153        837        
154        821        
154        838        
155        822        
155        838        
156        822        
156        839        
157        823        
157        839        
158        823        
158        840        
159        824        
159        840        
160        824        
160        841        
161        825        
161        841        
162        825        
162        842        
163        826        
163        842        
164        826        
164        843        
165        827        
165        843        
166        827        
166        844        
167        828        
167        844        
168        828        
168        845        
169        829        
169        845        
170        829        
170        846        
171        830        
171        846        
172        830        
172        847        
173        831        
173        847        
174        831        
174        848        
175        832        
175        848        
176        832        
176        849        
177        833        
177        849        
178        833        
178        850        
179        834        
179        850        
180        834        
180        851        
181        835        
181        851        
182        835        
182        836        
183        836        
183        852        
184        837        
184        853        
185        838        
185        854        
186        839        
186        855        
187        840        
187        856        
188        841        
188        857        
189        842        
189        858        
190        843        
190        859        
191        844        
191        860        
192        845        
192        861        
193        846        
193        862        
194        847        
194        863        
195        848        
195        864        
196        849        
196        865        
197        850        
197        866        
198        851        
198        867        
199        852        
199        868        
200        852        
200        869        
201        853        
201        869        
202        853        
202        870        
203        854        
203        870        
204        854        
204        871        
205        855        
205        871        
206        855        
206        872        
207        856        
207        872        
208        856        
208        873        
209        857        
209        873        
210        857        
210        874        
211        858        
211        874        
212        858        
212        875        
213        859        
213        875        
214        859        
214        876        
215        860        
215        876        
216        860        
216        877        
217        861        
217        877        
218        861        
218        878        
219        862        
219        878        
220        862        
220        879        
221        863        
221        879        
222        863        
222        880        
223        864        
223        880        
224        864        
224        881        
225        865        
225        881        
226        865        
226        882        
227        866        
227        882        
228        866        
228        883        
229        867        
229        883        
230        867        
230        868        
231        868        
231        899        
232        869        
232        884        
233        870        
233        885        
234        871        
234        886        
235        872        
235        887        
236        873        
236        888        
237        874        
237        889        
238        875        
238        890        
239        876        
239        891        
240        877        
240        892        
241        878        
241        893        
242        879        
242        894        
243        880        
243        895        
244        881        
244        896        
245        882        
245        897        
246        883        
246        898        
247        884        
247        900        
248        884        
248        901        
249        885        
249        901        
250        885        
250        902        
251        886        
251        902        
252        886        
252        903        
253        887        
253        903        
254        887        
254        904        
255        888        
255        904        
256        888        
256        905        
257        889        
257        905        
258        889        
258        906        
259        890        
259        906        
260        890        
260        907        
261        891        
261        907        
262        891        
262        908        
263        892        
263        908        
264        892        
264        909        
265        893        
265        909        
266        893        
266        910        
267        894        
267        910        
268        894        
268        911        
269        895        
269        911        
270        895        
270        912        
271        896        
271        912        
272        896        
272        913        
273        897        
273        913        
274        897        
274        914        
275        898        
275        914        
276        898        
276        915        
277        899        
277        915        
278        899        
278        900        
279        900        
279        916        
280        901        
280        917        
281        902        
281        918        
282        903        
282        919        
283        904        
283        920        
284        905        
284        921        
285        906        
285        922        
286        907        
286        923        
287        908        
287        924        
288        909        
288        925        
289        910        
289        926        
290        911        
290        927        
291        912        
291        928        
292        913        
292        929        
293        914        
293        930        
294        915        
294        931        
295        916        
295        932        
296        916        
296        933        
297        917        
297        933        
298        917        
298        934        
299        918        
299        934        
300        918        
300        935        
301        919        
301        935        
302        919        
302        936        
303        920        
303        936        
304        920        
304        937        
305        921        
305        937        
306        921        
306        938        
307        922        
307        938        
308        922        
308        939        
309        923        
309        939        
310        923        
310        940        
311        924        
311        940        
312        924        
312        941        
313        925        
313        941        
314        925        
314        942        
315        926        
315        942        
316        926        
316        943        
317        927        
317        943        
318        927        
318        944        
319        928        
319        944        
320        928        
320        945        
321        929        
321        945        
322        929        
322        946        
323        930        
323        946        
324        930        
324        947        
325        931        
325        947        
326        931        
326        932        
327        932        
327        963        
328        933        
328        948        
329        934        
329        949        
330        935        
330        950        
331        936        
331        951        
332        937        
332        952        
333        938        
333        953        
334        939        
334        954        
335        940        
335        955        
336        941        
336        956        
337        942        
337        957        
338        943        
338        958        
339        944        
339        959        
340        945        
340        960        
341        946        
341        961        
342        947        
342        962        
343        948        
343        964        
344        948        
344        965        
345        949        
345        965        
346        949        
346        966        
347        950        
347        966        
348        950        
348        967        
349        951        
349        967        
350        951        
350        968        
351        952        
351        968        
352        952        
352        969        
353        953        
353        969        
354        953        
354        970        
355        954        
355        970        
356        954        
356        971        
357        955        
357        971        
358        955        
358        972        
359        956        
359        972        
360        956        
360        973        
361        957        
361        973        
362        957        
362        974        
363        958        
363        974        
364        958        
364        975        
365        959        
365        975        
366        959        
366        976        
367        960        
367        976        
368        960        
368        977        
369        961        
369        977        
370        961        
370        978        
371        962        
371        978        
372        962        
372        979        
373        963        
373        979        
374        963        
374        964        
375        964        
375        980        
376        965        
376        981        
377        966        
377        982        
378        967        
378        983        
379        968        
379        984        
380        969        
380        985        
381        970        
381        986        
382        971        
382        987        
383        972        
383        988        
384        973        
384        989        
385        974        
385        990        
386        975        
386        991        
387        976        
387        992        
388        977        
388        993        
389        978        
389        994        
390        979        
390        995        
391        980        
391        996        
392        980        
392        997        
393        981        
393        997        
394        981        
394        998        
395        982        
395        998        
396        982        
396        999        
397        983        
397        999        
398        983        
398        1000       
399        984        
399        1000       
400        984        
400        1001       
401        985        
401        1001       
402        985        
402        1002       
403        986        
403        1002       
404        986        
404        1003       
405        987        
405        1003       
406        987        
406        1004       
407        988        
407        1004       
408        988        
408        1005       
409        989        
409        1005       
410        989        
410        1006       
411        990        
411        1006       
412        990        
412        1007       
413        991        
413        1007       
414        991        
414        1008       
415        992        
415        1008       
416        992        
416        1009       
417        993        
417        1009       
418        993        
418        1010       
419        994        
419        1010       
420        994        
420        1011       
421        995        
421        1011       
422        995        
422        996        
423        996        
423        1027       
424        997        
424        1012       
425        998        
425        1013       
426        999        
426        1014       
427        1000       
427        1015       
428        1001       
428        1016       
429        1002       
429        1017       
430        1003       
430        1018       
431        1004       
431        1019       
432        1005       
432        1020       
433        1006       
433        1021       
434        1007       
434        1022       
435        1008       
435        1023       
436        1009       
436        1024       
437        1010       
437        1025       
438        1011       
438        1026       
439        1012       
439        1028       
440        1012       
440        1029       
441        1013       
441        1029       
442        1013       
442        1030       
443        1014       
443        1030       
444        1014       
444        1031       
445        1015       
445        1031       
446        1015       
446        1032       
447        1016       
447        1032       
448        1016       
448        1033       
449        1017       
449        1033       
450        1017       
450        1034       
451        1018       
451        1034       
452        1018       
452        1035       
453        1019       
453        1035       
454        1019       
454        1036       
455        1020       
455        1036       
456        1020       
456        1037       
457        1021       
457        1037       
458        1021       
458        1038       
459        1022       
459        1038       
460        1022       
460        1039       
461        1023       
461        1039       
462        1023       
462        1040       
463        1024       
463        1040       
464        1024       
464        1041       
465        1025       
465        1041       
466        1025       
466        1042       
467        1026       
467        1042       
468        1026       
468        1043       
469        1027       
469        1043       
470        1027       
470        1028       
471        1028       
471        1044       
472        1029       
472        1045       
473        1030       
473        1046       
474        1031       
474        1047       
475        1032       
475        1048       
476        1033       
476        1049       
477        1034       
477        1050       
478        1035       
478        1051       
479        1036       
479        1052       
480        1037       
480        1053       
481        1038       
481        1054       
482        1039       
482        1055       
483        1040       
483        1056       
484        1041       
484        1057       
485        1042       
485        1058       
486        1043       
486        1059       
487        1044       
487        1060       
488        1044       
488        1061       
489        1045       
489        1061       
490        1045       
490        1062       
491        1046       
491        1062       
492        1046       
492        1063       
493        1047       
493        1063       
494        1047       
494        1064       
495        1048       
495        1064       
496        1048       
496        1065       
497        1049       
497        1065       
498        1049       
498        1066       
499        1050       
499        1066       
500        1050       
500        1067       
501        1051       
501        1067       
502        1051       
502        1068       
503        1052       
503        1068       
504        1052       
504        1069       
505        1053       
505        1069       
506        1053       
506        1070       
507        1054       
507        1070       
508        1054       
508        1071       
509        1055       
509        1071       
510        1055       
510        1072       
511        1056       
511        1072       
512        1056       
512        1073       
513        1057       
513        1073       
514        1057       
514        1074       
515        1058       
515        1074       
516        1058       
516        1075       
517        1059       
517        1075       
518        1059       
518        1060       
519        1060       
519        1091       
520        1061       
520        1076       
521        1062       
521        1077       
522        1063       
522        1078       
523        1064       
523        1079       
524        1065       
524        1080       
525        1066       
525        1081       
526        1067       
526        1082       
527        1068       
527        1083       
528        1069       
528        1084       
529        1070       
529        1085       
530        1071       
530        1086       
531        1072       
531        1087       
532        1073       
532        1088       
533        1074       
533        1089       
534        1075       
534        1090       
535        1076       
535        1092       
536        1076       
536        1093       
537        1077       
537        1093       
538        1077       
538        1094       
539        1078       
539        1094       
540        1078       
540        1095       
541        1079       
541        1095       
542        1079       
542        1096       
543        1080       
543        1096       
544        1080       
544        1097       
545        1081       
545        1097       
546        1081       
546        1098       
547        1082       
547        1098       
548        1082       
548        1099       
549        1083       
549        1099       
550        1083       
550        1100       
551        1084       
551        1100       
552        1084       
552        1101       
553        1085       
553        1101       
554        1085       
554        1102       
555        1086       
555        1102       
556        1086       
556        1103       
557        1087       
557        1103       
558        1087       
558        1104       
559        1088       
559        1104       
560        1088       
560        1105       
561        1089       
561        1105       
562        1089       
562        1106       
563        1090       
563        1106       
564        1090       
564        1107       
565        1091       
565        1107       
566        1091       
566        1092       
567        1092       
567        1108       
568        1093       
568        1109       
569        1094       
569        1110       
570        1095       
570        1111       
571        1096       
571        1112       
572        1097       
572        1113       
573        1098       
573        1114       
574        1099       
574        1115       
575        1100       
575        1116       
576        1101       
576        1117       
577        1102       
577        1118       
578        1103       
578        1119       
579        1104       
579        1120       
580        1105       
580        1121       
581        1106       
581        1122       
582        1107       
582        1123       
583        1108       
583        1124       
584        1108       
584        1123       
585        1109       
585        1124       
586        1109       
586        1125       
587        1110       
587        1125       
588        1110       
588        1126       
589        1111       
589        1126       
590        1111       
590        1127       
591        1112       
591        1127       
592        1112       
592        1128       
593        1113       
593        1128       
594        1113       
594        1129       
595        1114       
595        1129       
596        1114       
596        1130       
597        1115       
597        1130       
598        1115       
598        1131       
599        1116       
599        1131       
600        1116       
600        1132       
601        1117       
601        1132       
602        1117       
602        1133       
603        1118       
603        1133       
604        1118       
604        1134       
605        1119       
605        1134       
606        1119       
606        1135       
607        1120       
607        1135       
608        1120       
608        1136       
609        1121       
609        1136       
610        1121       
610        1137       
611        1122       
611        1137       
612        1122       
612        1138       
613        1123       
613        1138       
614        1124       
614        1152       
615        1125       
615        1139       
616        1126       
616        1140       
617        1127       
617        1141       
618        1128       
618        1142       
619        1129       
619        1143       
620        1130       
620        1144       
621        1131       
621        1145       
622        1132       
622        1146       
623        1133       
623        1147       
624        1134       
624        1148       
625        1135       
625        1149       
626        1136       
626        1150       
627        1137       
627        1151       
628        1138       
628        1165       
629        1139       
629        1152       
630        1139       
630        1153       
631        1140       
631        1153       
632        1140       
632        1154       
633        1141       
633        1154       
634        1141       
634        1155       
635        1142       
635        1155       
636        1142       
636        1156       
637        1143       
637        1156       
638        1143       
638        1157       
639        1144       
639        1157       
640        1144       
640        1158       
641        1145       
641        1158       
642        1145       
642        1159       
643        1146       
643        1159       
644        1146       
644        1160       
645        1147       
645        1160       
646        1147       
646        1161       
647        1148       
647        1161       
648        1148       
648        1162       
649        1149       
649        1162       
650        1149       
650        1163       
651        1150       
651        1163       
652        1150       
652        1164       
653        1151       
653        1164       
654        1151       
654        1165       
655        1152       
655        1178       
656        1153       
656        1166       
657        1154       
657        1167       
658        1155       
658        1168       
659        1156       
659        1169       
660        1157       
660        1170       
661        1158       
661        1171       
662        1159       
662        1172       
663        1160       
663        1173       
664        1161       
664        1174       
665        1162       
665        1175       
666        1163       
666        1176       
667        1164       
667        1177       
668        1165       
668        1190       
669        1166       
669        1178       
670        1166       
670        1179       
671        1167       
671        1179       
672        1167       
672        1180       
673        1168       
673        1180       
674        1168       
674        1181       
675        1169       
675        1181       
676        1169       
676        1182       
677        1170       
677        1182       
678        1170       
678        1183       
679        1171       
679        1183       
680        1171       
680        1184       
681        1172       
681        1184       
682        1172       
682        1185       
683        1173       
683        1185       
684        1173       
684        1186       
685        1174       
685        1186       
686        1174       
686        1187       
687        1175       
687        1187       
688        1175       
688        1188       
689        1176       
689        1188       
690        1176       
690        1189       
691        1177       
691        1189       
692        1177       
692        1190       
693        1178       
693        1191       
694        1179       
694        1192       
695        1180       
695        1193       
696        1181       
696        1194       
697        1182       
697        1195       
698        1183       
698        1196       
699        1184       
699        1197       
700        1185       
700        1198       
701        1186       
701        1199       
702        1187       
702        1200       
703        1188       
703        1201       
704        1189       
704        1202       
705        1190       
705        1203       
706        1191       
706        1204       
707        1192       
707        1205       
708        1192       
708        1204       
709        1193       
709        1206       
710        1193       
710        1205       
711        1194       
711        1207       
712        1194       
712        1206       
713        1195       
713        1208       
714        1195       
714        1207       
715        1196       
715        1209       
716        1196       
716        1208       
717        1197       
717        1210       
718        1197       
718        1209       
719        1198       
719        1211       
720        1198       
720        1210       
721        1199       
721        1212       
722        1199       
722        1211       
723        1200       
723        1213       
724        1200       
724        1212       
725        1201       
725        1214       
726        1201       
726        1213       
727        1202       
727        1215       
728        1202       
728        1214       
729        1203       
729        1215       
1          2          
1          3          
2          3          
4          5          
4          6          
5          6          
7          8          
7          9          
8          9          
10         11         
10         12         
11         12         
13         14         
13         15         
14         15         
16         17         
16         18         
17         18         
19         20         
19         21         
20         21         
22         23         
22         24         
23         24         
25         26         
25         27         
26         27         
28         29         
28         30         
29         30         
31         32         
31         33         
32         33         
34         35         
34         36         
35         36         
37         38         
37         39         
38         39         
40         41         
40         42         
41         42         
1          4          
1          43         
4          43         
5          7          
5          44         
7          44         
8          10         
8          45         
10         45         
11         13         
11         46         
13         46         
14         16         
14         47         
16         47         
17         19         
17         48         
19         48         
20         22         
20         49         
22         49         
23         25         
23         50         
25         50         
26         28         
26         51         
28         51         
29         31         
29         52         
31         52         
32         34         
32         53         
34         53         
35         37         
35         54         
37         54         
38         40         
38         55         
40         55         
2          56         
2          57         
56         57         
43         58         
43         59         
58         59         
44         60         
44         61         
60         61         
45         62         
45         63         
62         63         
46         64         
46         65         
64         65         
47         66         
47         67         
66         67         
48         68         
48         69         
68         69         
49         70         
49         71         
70         71         
50         72         
50         73         
72         73         
51         74         
51         75         
74         75         
52         76         
52         77         
76         77         
53         78         
53         79         
78         79         
54         80         
54         81         
80         81         
55         82         
55         83         
82         83         
42         84         
42         85         
84         85         
56         86         
56         87         
86         87         
57         58         
57         88         
58         88         
59         60         
59         89         
60         89         
61         62         
61         90         
62         90         
63         64         
63         91         
64         91         
65         66         
65         92         
66         92         
67         68         
67         93         
68         93         
69         70         
69         94         
70         94         
71         72         
71         95         
72         95         
73         74         
73         96         
74         96         
75         76         
75         97         
76         97         
77         78         
77         98         
78         98         
79         80         
79         99         
80         99         
81         82         
81         100        
82         100        
83         84         
83         101        
84         101        
85         87         
85         102        
87         102        
86         103        
86         104        
103        104        
88         105        
88         106        
105        106        
89         107        
89         108        
107        108        
90         109        
90         110        
109        110        
91         111        
91         112        
111        112        
92         113        
92         114        
113        114        
93         115        
93         116        
115        116        
94         117        
94         118        
117        118        
95         119        
95         120        
119        120        
96         121        
96         122        
121        122        
97         123        
97         124        
123        124        
98         125        
98         126        
125        126        
99         127        
99         128        
127        128        
100        129        
100        130        
129        130        
101        131        
101        132        
131        132        
102        133        
102        134        
133        134        
103        134        
103        135        
134        135        
104        105        
104        136        
105        136        
106        107        
106        137        
107        137        
108        109        
108        138        
109        138        
110        111        
110        139        
111        139        
112        113        
112        140        
113        140        
114        115        
114        141        
115        141        
116        117        
116        142        
117        142        
118        119        
118        143        
119        143        
120        121        
120        144        
121        144        
122        123        
122        145        
123        145        
124        125        
124        146        
125        146        
126        127        
126        147        
127        147        
128        129        
128        148        
129        148        
130        131        
130        149        
131        149        
132        133        
132        150        
133        150        
136        151        
136        152        
151        152        
137        153        
137        154        
153        154        
138        155        
138        156        
155        156        
139        157        
139        158        
157        158        
140        159        
140        160        
159        160        
141        161        
141        162        
161        162        
142        163        
142        164        
163        164        
143        165        
143        166        
165        166        
144        167        
144        168        
167        168        
145        169        
145        170        
169        170        
146        171        
146        172        
171        172        
147        173        
147        174        
173        174        
148        175        
148        176        
175        176        
149        177        
149        178        
177        178        
150        179        
150        180        
179        180        
135        181        
135        182        
181        182        
151        182        
151        183        
182        183        
152        153        
152        184        
153        184        
154        155        
154        185        
155        185        
156        157        
156        186        
157        186        
158        159        
158        187        
159        187        
160        161        
160        188        
161        188        
162        163        
162        189        
163        189        
164        165        
164        190        
165        190        
166        167        
166        191        
167        191        
168        169        
168        192        
169        192        
170        171        
170        193        
171        193        
172        173        
172        194        
173        194        
174        175        
174        195        
175        195        
176        177        
176        196        
177        196        
178        179        
178        197        
179        197        
180        181        
180        198        
181        198        
183        199        
183        200        
199        200        
184        201        
184        202        
201        202        
185        203        
185        204        
203        204        
186        205        
186        206        
205        206        
187        207        
187        208        
207        208        
188        209        
188        210        
209        210        
189        211        
189        212        
211        212        
190        213        
190        214        
213        214        
191        215        
191        216        
215        216        
192        217        
192        218        
217        218        
193        219        
193        220        
219        220        
194        221        
194        222        
221        222        
195        223        
195        224        
223        224        
196        225        
196        226        
225        226        
197        227        
197        228        
227        228        
198        229        
198        230        
229        230        
199        230        
199        231        
230        231        
200        201        
200        232        
201        232        
202        203        
202        233        
203        233        
204        205        
204        234        
205        234        
206        207        
206        235        
207        235        
208        209        
208        236        
209        236        
210        211        
210        237        
211        237        
212        213        
212        238        
213        238        
214        215        
214        239        
215        239        
216        217        
216        240        
217        240        
218        219        
218        241        
219        241        
220        221        
220        242        
221        242        
222        223        
222        243        
223        243        
224        225        
224        244        
225        244        
226        227        
226        245        
227        245        
228        229        
228        246        
229        246        
232        247        
232        248        
247        248        
233        249        
233        250        
249        250        
234        251        
234        252        
251        252        
235        253        
235        254        
253        254        
236        255        
236        256        
255        256        
237        257        
237        258        
257        258        
238        259        
238        260        
259        260        
239        261        
239        262        
261        262        
240        263        
240        264        
263        264        
241        265        
241        266        
265        266        
242        267        
242        268        
267        268        
243        269        
243        270        
269        270        
244        271        
244        272        
271        272        
245        273        
245        274        
273        274        
246        275        
246        276        
275        276        
231        277        
231        278        
277        278        
247        278        
247        279        
278        279        
248        249        
248        280        
249        280        
250        251        
250        281        
251        281        
252        253        
252        282        
253        282        
254        255        
254        283        
255        283        
256        257        
256        284        
257        284        
258        259        
258        285        
259        285        
260        261        
260        286        
261        286        
262        263        
262        287        
263        287        
264        265        
264        288        
265        288        
266        267        
266        289        
267        289        
268        269        
268        290        
269        290        
270        271        
270        291        
271        291        
272        273        
272        292        
273        292        
274        275        
274        293        
275        293        
276        277        
276        294        
277        294        
279        295        
279        296        
295        296        
280        297        
280        298        
297        298        
281        299        
281        300        
299        300        
282        301        
282        302        
301        302        
283        303        
283        304        
303        304        
284        305        
284        306        
305        306        
285        307        
285        308        
307        308        
286        309        
286        310        
309        310        
287        311        
287        312        
311        312        
288        313        
288        314        
313        314        
289        315        
289        316        
315        316        
290        317        
290        318        
317        318        
291        319        
291        320        
319        320        
292        321        
292        322        
321        322        
293        323        
293        324        
323        324        
294        325        
294        326        
325        326        
295        326        
295        327        
326        327        
296        297        
296        328        
297        328        
298        299        
298        329        
299        329        
300        301        
300        330        
301        330        
302        303        
302        331        
303        331        
304        305        
304        332        
305        332        
306        307        
306        333        
307        333        
308        309        
308        334        
309        334        
310        311        
310        335        
311        335        
312        313        
312        336        
313        336        
314        315        
314        337        
315        337        
316        317        
316        338        
317        338        
318        319        
318        339        
319        339        
320        321        
320        340        
321        340        
322        323        
322        341        
323        341        
324        325        
324        342        
325        342        
328        343        
328        344        
343        344        
329        345        
329        346        
345        346        
330        347        
330        348        
347        348        
331        349        
331        350        
349        350        
332        351        
332        352        
351        352        
333        353        
333        354        
353        354        
334        355        
334        356        
355        356        
335        357        
335        358        
357        358        
336        359        
336        360        
359        360        
337        361        
337        362        
361        362        
338        363        
338        364        
363        364        
339        365        
339        366        
365        366        
340        367        
340        368        
367        368        
341        369        
341        370        
369        370        
342        371        
342        372        
371        372        
327        373        
327        374        
373        374        
343        374        
343        375        
374        375        
344        345        
344        376        
345        376        
346        347        
346        377        
347        377        
348        349        
348        378        
349        378        
350        351        
350        379        
351        379        
352        353        
352        380        
353        380        
354        355        
354        381        
355        381        
356        357        
356        382        
357        382        
358        359        
358        383        
359        383        
360        361        
360        384        
361        384        
362        363        
362        385        
363        385        
364        365        
364        386        
365        386        
366        367        
366        387        
367        387        
368        369        
368        388        
369        388        
370        371        
370        389        
371        389        
372        373        
372        390        
373        390        
375        391        
375        392        
391        392        
376        393        
376        394        
393        394        
377        395        
377        396        
395        396        
378        397        
378        398        
397        398        
379        399        
379        400        
399        400        
380        401        
380        402        
401        402        
381        403        
381        404        
403        404        
382        405        
382        406        
405        406        
383        407        
383        408        
407        408        
384        409        
384        410        
409        410        
385        411        
385        412        
411        412        
386        413        
386        414        
413        414        
387        415        
387        416        
415        416        
388        417        
388        418        
417        418        
389        419        
389        420        
419        420        
390        421        
390        422        
421        422        
391        422        
391        423        
422        423        
392        393        
392        424        
393        424        
394        395        
394        425        
395        425        
396        397        
396        426        
397        426        
398        399        
398        427        
399        427        
400        401        
400        428        
401        428        
402        403        
402        429        
403        429        
404        405        
404        430        
405        430        
406        407        
406        431        
407        431        
408        409        
408        432        
409        432        
410        411        
410        433        
411        433        
412        413        
412        434        
413        434        
414        415        
414        435        
415        435        
416        417        
416        436        
417        436        
418        419        
418        437        
419        437        
420        421        
420        438        
421        438        
424        439        
424        440        
439        440        
425        441        
425        442        
441        442        
426        443        
426        444        
443        444        
427        445        
427        446        
445        446        
428        447        
428        448        
447        448        
429        449        
429        450        
449        450        
430        451        
430        452        
451        452        
431        453        
431        454        
453        454        
432        455        
432        456        
455        456        
433        457        
433        458        
457        458        
434        459        
434        460        
459        460        
435        461        
435        462        
461        462        
436        463        
436        464        
463        464        
437        465        
437        466        
465        466        
438        467        
438        468        
467        468        
423        469        
423        470        
469        470        
439        470        
439        471        
470        471        
440        441        
440        472        
441        472        
442        443        
442        473        
443        473        
444        445        
444        474        
445        474        
446        447        
446        475        
447        475        
448        449        
448        476        
449        476        
450        451        
450        477        
451        477        
452        453        
452        478        
453        478        
454        455        
454        479        
455        479        
456        457        
456        480        
457        480        
458        459        
458        481        
459        481        
460        461        
460        482        
461        482        
462        463        
462        483        
463        483        
464        465        
464        484        
465        484        
466        467        
466        485        
467        485        
468        469        
468        486        
469        486        
471        487        
471        488        
487        488        
472        489        
472        490        
489        490        
473        491        
473        492        
491        492        
474        493        
474        494        
493        494        
475        495        
475        496        
495        496        
476        497        
476        498        
497        498        
477        499        
477        500        
499        500        
478        501        
478        502        
501        502        
479        503        
479        504        
503        504        
480        505        
480        506        
505        506        
481        507        
481        508        
507        508        
482        509        
482        510        
509        510        
483        511        
483        512        
511        512        
484        513        
484        514        
513        514        
485        515        
485        516        
515        516        
486        517        
486        518        
517        518        
487        518        
487        519        
518        519        
488        489        
488        520        
489        520        
490        491        
490        521        
491        521        
492        493        
492        522        
493        522        
494        495        
494        523        
495        523        
496        497        
496        524        
497        524        
498        499        
498        525        
499        525        
500        501        
500        526        
501        526        
502        503        
502        527        
503        527        
504        505        
504        528        
505        528        
506        507        
506        529        
507        529        
508        509        
508        530        
509        530        
510        511        
510        531        
511        531        
512        513        
512        532        
513        532        
514        515        
514        533        
515        533        
516        517        
516        534        
517        534        
520        535        
520        536        
535        536        
521        537        
521        538        
537        538        
522        539        
522        540        
539        540        
523        541        
523        542        
541        542        
524        543        
524        544        
543        544        
525        545        
525        546        
545        546        
526        547        
526        548        
547        548        
527        549        
527        550        
549        550        
528        551        
528        552        
551        552        
529        553        
529        554        
553        554        
530        555        
530        556        
555        556        
531        557        
531        558        
557        558        
532        559        
532        560        
559        560        
533        561        
533        562        
561        562        
534        563        
534        564        
563        564        
519        565        
519        566        
565        566        
535        566        
535        567        
566        567        
536        537        
536        568        
537        568        
538        539        
538        569        
539        569        
540        541        
540        570        
541        570        
542        543        
542        571        
543        571        
544        545        
544        572        
545        572        
546        547        
546        573        
547        573        
548        549        
548        574        
549        574        
550        551        
550        575        
551        575        
552        553        
552        576        
553        576        
554        555        
554        577        
555        577        
556        557        
556        578        
557        578        
558        559        
558        579        
559        579        
560        561        
560        580        
561        580        
562        563        
562        581        
563        581        
564        565        
564        582        
565        582        
567        583        
567        584        
583        584        
568        585        
568        586        
585        586        
569        587        
569        588        
587        588        
570        589        
570        590        
589        590        
571        591        
571        592        
591        592        
572        593        
572        594        
593        594        
573        595        
573        596        
595        596        
574        597        
574        598        
597        598        
575        599        
575        600        
599        600        
576        601        
576        602        
601        602        
577        603        
577        604        
603        604        
578        605        
578        606        
605        606        
579        607        
579        608        
607        608        
580        609        
580        610        
609        610        
581        611        
581        612        
611        612        
582        584        
582        613        
584        613        
583        585        
583        614        
585        614        
586        587        
586        615        
587        615        
588        589        
588        616        
589        616        
590        591        
590        617        
591        617        
592        593        
592        618        
593        618        
594        595        
594        619        
595        619        
596        597        
596        620        
597        620        
598        599        
598        621        
599        621        
600        601        
600        622        
601        622        
602        603        
602        623        
603        623        
604        605        
604        624        
605        624        
606        607        
606        625        
607        625        
608        609        
608        626        
609        626        
610        611        
610        627        
611        627        
612        613        
612        628        
613        628        
615        629        
615        630        
629        630        
616        631        
616        632        
631        632        
617        633        
617        634        
633        634        
618        635        
618        636        
635        636        
619        637        
619        638        
637        638        
620        639        
620        640        
639        640        
621        641        
621        642        
641        642        
622        643        
622        644        
643        644        
623        645        
623        646        
645        646        
624        647        
624        648        
647        648        
625        649        
625        650        
649        650        
626        651        
626        652        
651        652        
627        653        
627        654        
653        654        
614        629        
614        655        
629        655        
630        631        
630        656        
631        656        
632        633        
632        657        
633        657        
634        635        
634        658        
635        658        
636        637        
636        659        
637        659        
638        639        
638        660        
639        660        
640        641        
640        661        
641        661        
642        643        
642        662        
643        662        
644        645        
644        663        
645        663        
646        647        
646        664        
647        664        
648        649        
648        665        
649        665        
650        651        
650        666        
651        666        
652        653        
652        667        
653        667        
628        654        
628        668        
654        668        
656        669        
656        670        
669        670        
657        671        
657        672        
671        672        
658        673        
658        674        
673        674        
659        675        
659        676        
675        676        
660        677        
660        678        
677        678        
661        679        
661        680        
679        680        
662        681        
662        682        
681        682        
663        683        
663        684        
683        684        
664        685        
664        686        
685        686        
665        687        
665        688        
687        688        
666        689        
666        690        
689        690        
667        691        
667        692        
691        692        
655        669        
655        693        
669        693        
670        671        
670        694        
671        694        
672        673        
672        695        
673        695        
674        675        
674        696        
675        696        
676        677        
676        697        
677        697        
678        679        
678        698        
679        698        
680        681        
680        699        
681        699        
682        683        
682        700        
683        700        
684        685        
684        701        
685        701        
686        687        
686        702        
687        702        
688        689        
688        703        
689        703        
690        691        
690        704        
691        704        
668        692        
668        705        
692        705        
3          693        
3          706        
693        706        
694        707        
694        708        
707        708        
695        709        
695        710        
709        710        
696        711        
696        712        
711        712        
697        713        
697        714        
713        714        
698        715        
698        716        
715        716        
699        717        
699        718        
717        718        
700        719        
700        720        
719        720        
701        721        
701        722        
721        722        
702        723        
702        724        
723        724        
703        725        
703        726        
725        726        
704        727        
704        728        
727        728        
41         705        
41         729        
705        729        
6          706        
6          708        
706        708        
9          707        
9          710        
707        710        
12         709        
12         712        
709        712        
15         711        
15         714        
711        714        
18         713        
18         716        
713        716        
21         715        
21         718        
715        718        
24         717        
24         720        
717        720        
27         719        
27         722        
719        722        
30         721        
30         724        
721        724        
33         723        
33         726        
723        726        
36         725        
36         728        
725        728        
39         727        
39         729        
727        729        
