1296
1          325        
1          329        
2          325        
2          330        
3          325        
3          537        
4          326        
4          330        
5          326        
5          331        
6          326        
6          538        
7          327        
7          331        
8          327        
8          332        
9          327        
9          539        
10         328        
10         332        
11         328        
11         333        
12         328        
12         540        
13         329        
13         334        
14         329        
14         532        
15         330        
15         335        
16         331        
16         336        
17         332        
17         337        
18         333        
18         338        
19         333        
19         536        
20         334        
20         339        
21         334        
21         340        
22         335        
22         340        
23         335        
23         341        
24         336        
24         341        
25         336        
25         342        
26         337        
26         342        
27         337        
27         343        
28         338        
28         343        
29         338        
29         344        
30         339        
30         346        
31         339        
31         345        
32         340        
32         347        
33         341        
33         348        
34         342        
34         349        
35         343        
35         350        
36         344        
36         351        
37         344        
37         352        
38         345        
38         353        
39         345        
39         354        
40         346        
40         354        
41         346        
41         355        
42         347        
42         355        
43         347        
43         356        
44         348        
44         356        
45         348        
45         357        
46         349        
46         357        
47         349        
47         358        
48         350        
48         358        
49         350        
49         359        
50         351        
50         359        
51         351        
51         360        
52         352        
52         360        
53         352        
53         361        
54         353        
54         363        
55         353        
55         362        
56         354        
56         364        
57         355        
57         365        
58         356        
58         366        
59         357        
59         367        
60         358        
60         368        
61         359        
61         369        
62         360        
62         370        
63         361        
63         371        
64         361        
64         372        
65         362        
65         373        
66         362        
66         374        
67         363        
67         374        
68         363        
68         375        
69         364        
69         375        
70         364        
70         376        
71         365        
71         376        
72         365        
72         377        
73         366        
73         377        
74         366        
74         378        
75         367        
75         378        
76         367        
76         379        
77         368        
77         379        
78         368        
78         380        
79         369        
79         380        
80         369        
80         381        
81         370        
81         381        
82         370        
82         382        
83         371        
83         382        
84         371        
84         383        
85         372        
85         383        
86         372        
86         384        
87         373        
87         385        
88         373        
88         384        
89         374        
89         386        
90         375        
90         387        
91         376        
91         388        
92         377        
92         389        
93         378        
93         390        
94         379        
94         391        
95         380        
95         392        
96         381        
96         393        
97         382        
97         394        
98         383        
98         395        
99         384        
99         396        
100        385        
100        397        
101        385        
101        398        
102        386        
102        398        
103        386        
103        399        
104        387        
104        399        
105        387        
105        400        
106        388        
106        400        
107        388        
107        401        
108        389        
108        401        
109        389        
109        402        
110        390        
110        402        
111        390        
111        403        
112        391        
112        403        
113        391        
113        404        
114        392        
114        404        
115        392        
115        405        
116        393        
116        405        
117        393        
117        406        
118        394        
118        406        
119        394        
119        407        
120        395        
120        407        
121        395        
121        408        
122        396        
122        408        
123        396        
123        397        
124        397        
124        420        
125        398        
125        409        
126        399        
126        410        
127        400        
127        411        
128        401        
128        412        
129        402        
129        413        
130        403        
130        414        
131        404        
131        415        
132        405        
132        416        
133        406        
133        417        
134        407        
134        418        
135        408        
135        419        
136        409        
136        421        
137        409        
137        422        
138        410        
138        422        
139        410        
139        423        
140        411        
140        423        
141        411        
141        424        
142        412        
142        424        
143        412        
143        425        
144        413        
144        425        
145        413        
145        426        
146        414        
146        426        
147        414        
147        427        
148        415        
148        427        
149        415        
149        428        
150        416        
150        428        
151        416        
151        429        
152        417        
152        429        
153        417        
153        430        
154        418        
154        430        
155        418        
155        431        
156        419        
156        431        
157        419        
157        432        
158        420        
158        432        
159        420        
159        421        
160        421        
160        433        
161        422        
161        434        
162        423        
162        435        
163        424        
163        436        
164        425        
164        437        
165        426        
165        438        
166        427        
166        439        
167        428        
167        440        
168        429        
168        441        
169        430        
169        442        
170        431        
170        443        
171        432        
171        444        
172        433        
172        445        
173        433        
173        446        
174        434        
174        446        
175        434        
175        447        
176        435        
176        447        
177        435        
177        448        
178        436        
178        448        
179        436        
179        449        
180        437        
180        449        
181        437        
181        450        
182        438        
182        450        
183        438        
183        451        
184        439        
184        451        
185        439        
185        452        
186        440        
186        452        
187        440        
187        453        
188        441        
188        453        
189        441        
189        454        
190        442        
190        454        
191        442        
191        455        
192        443        
192        455        
193        443        
193        456        
194        444        
194        456        
195        444        
195        445        
196        445        
196        468        
197        446        
197        457        
198        447        
198        458        
199        448        
199        459        
200        449        
200        460        
201        450        
201        461        
202        451        
202        462        
203        452        
203        463        
204        453        
204        464        
205        454        
205        465        
206        455        
206        466        
207        456        
207        467        
208        457        
208        469        
209        457        
209        470        
210        458        
210        470        
211        458        
211        471        
212        459        
212        471        
213        459        
213        472        
214        460        
214        472        
215        460        
215        473        
216        461        
216        473        
217        461        
217        474        
218        462        
218        474        
219        462        
219        475        
220        463        
220        475        
221        463        
221        476        
222        464        
222        476        
223        464        
223        477        
224        465        
224        477        
225        465        
225        478        
226        466        
226        478        
227        466        
227        479        
228        467        
228        479        
229        467        
229        480        
230        468        
230        480        
231        468        
231        469        
232        469        
232        481        
233        470        
233        482        
234        471        
234        483        
235        472        
235        484        
236        473        
236        485        
237        474        
237        486        
238        475        
238        487        
239        476        
239        488        
240        477        
240        489        
241        478        
241        490        
242        479        
242        491        
243        480        
243        492        
244        481        
244        493        
245        481        
245        492        
246        482        
246        493        
247        482        
247        494        
248        483        
248        494        
249        483        
249        495        
250        484        
250        495        
251        484        
251        496        
252        485        
252        496        
253        485        
253        497        
254        486        
254        497        
255        486        
255        498        
256        487        
256        498        
257        487        
257        499        
258        488        
258        499        
259        488        
259        500        
260        489        
260        500        
261        489        
261        501        
262        490        
262        501        
263        490        
263        502        
264        491        
264        502        
265        491        
265        503        
266        492        
266        503        
267        493        
267        504        
268        494        
268        504        
269        495        
269        505        
270        496        
270        506        
271        497        
271        507        
272        498        
272        508        
273        499        
273        509        
274        500        
274        510        
275        501        
275        511        
276        502        
276        512        
277        503        
277        512        
278        504        
278        513        
279        505        
279        513        
280        505        
280        514        
281        506        
281        514        
282        506        
282        515        
283        507        
283        515        
284        507        
284        516        
285        508        
285        516        
286        508        
286        517        
287        509        
287        517        
288        509        
288        518        
289        510        
289        518        
290        510        
290        519        
291        511        
291        519        
292        511        
292        520        
293        512        
293        520        
294        513        
294        521        
295        514        
295        521        
296        515        
296        522        
297        516        
297        523        
298        517        
298        524        
299        518        
299        525        
300        519        
300        526        
301        520        
301        526        
302        521        
302        527        
303        522        
303        527        
304        522        
304        528        
305        523        
305        528        
306        523        
306        529        
307        524        
307        529        
308        524        
308        530        
309        525        
309        530        
310        525        
310        531        
311        526        
311        531        
312        527        
312        532        
313        528        
313        533        
314        529        
314        534        
315        530        
315        535        
316        531        
316        536        
317        532        
317        537        
318        533        
318        538        
319        533        
319        537        
320        534        
320        539        
321        534        
321        538        
322        535        
322        540        
323        535        
323        539        
324        536        
324        540        
1          2          
1          3          
2          3          
4          5          
4          6          
5          6          
7          8          
7          9          
8          9          
10         11         
10         12         
11         12         
1          13         
1          14         
13         14         
2          4          
2          15         
4          15         
5          7          
5          16         
7          16         
8          10         
8          17         
10         17         
11         18         
11         19         
18         19         
13         20         
13         21         
20         21         
15         22         
15         23         
22         23         
16         24         
16         25         
24         25         
17         26         
17         27         
26         27         
18         28         
18         29         
28         29         
20         30         
20         31         
30         31         
21         22         
21         32         
22         32         
23         24         
23         33         
24         33         
25         26         
25         34         
26         34         
27         28         
27         35         
28         35         
29         36         
29         37         
36         37         
31         38         
31         39         
38         39         
30         40         
30         41         
40         41         
32         42         
32         43         
42         43         
33         44         
33         45         
44         45         
34         46         
34         47         
46         47         
35         48         
35         49         
48         49         
36         50         
36         51         
50         51         
37         52         
37         53         
52         53         
38         54         
38         55         
54         55         
39         40         
39         56         
40         56         
41         42         
41         57         
42         57         
43         44         
43         58         
44         58         
45         46         
45         59         
46         59         
47         48         
47         60         
48         60         
49         50         
49         61         
50         61         
51         52         
51         62         
52         62         
53         63         
53         64         
63         64         
55         65         
55         66         
65         66         
54         67         
54         68         
67         68         
56         69         
56         70         
69         70         
57         71         
57         72         
71         72         
58         73         
58         74         
73         74         
59         75         
59         76         
75         76         
60         77         
60         78         
77         78         
61         79         
61         80         
79         80         
62         81         
62         82         
81         82         
63         83         
63         84         
83         84         
64         85         
64         86         
85         86         
65         87         
65         88         
87         88         
66         67         
66         89         
67         89         
68         69         
68         90         
69         90         
70         71         
70         91         
71         91         
72         73         
72         92         
73         92         
74         75         
74         93         
75         93         
76         77         
76         94         
77         94         
78         79         
78         95         
79         95         
80         81         
80         96         
81         96         
82         83         
82         97         
83         97         
84         85         
84         98         
85         98         
86         88         
86         99         
88         99         
87         100        
87         101        
100        101        
89         102        
89         103        
102        103        
90         104        
90         105        
104        105        
91         106        
91         107        
106        107        
92         108        
92         109        
108        109        
93         110        
93         111        
110        111        
94         112        
94         113        
112        113        
95         114        
95         115        
114        115        
96         116        
96         117        
116        117        
97         118        
97         119        
118        119        
98         120        
98         121        
120        121        
99         122        
99         123        
122        123        
100        123        
100        124        
123        124        
101        102        
101        125        
102        125        
103        104        
103        126        
104        126        
105        106        
105        127        
106        127        
107        108        
107        128        
108        128        
109        110        
109        129        
110        129        
111        112        
111        130        
112        130        
113        114        
113        131        
114        131        
115        116        
115        132        
116        132        
117        118        
117        133        
118        133        
119        120        
119        134        
120        134        
121        122        
121        135        
122        135        
125        136        
125        137        
136        137        
126        138        
126        139        
138        139        
127        140        
127        141        
140        141        
128        142        
128        143        
142        143        
129        144        
129        145        
144        145        
130        146        
130        147        
146        147        
131        148        
131        149        
148        149        
132        150        
132        151        
150        151        
133        152        
133        153        
152        153        
134        154        
134        155        
154        155        
135        156        
135        157        
156        157        
124        158        
124        159        
158        159        
136        159        
136        160        
159        160        
137        138        
137        161        
138        161        
139        140        
139        162        
140        162        
141        142        
141        163        
142        163        
143        144        
143        164        
144        164        
145        146        
145        165        
146        165        
147        148        
147        166        
148        166        
149        150        
149        167        
150        167        
151        152        
151        168        
152        168        
153        154        
153        169        
154        169        
155        156        
155        170        
156        170        
157        158        
157        171        
158        171        
160        172        
160        173        
172        173        
161        174        
161        175        
174        175        
162        176        
162        177        
176        177        
163        178        
163        179        
178        179        
164        180        
164        181        
180        181        
165        182        
165        183        
182        183        
166        184        
166        185        
184        185        
167        186        
167        187        
186        187        
168        188        
168        189        
188        189        
169        190        
169        191        
190        191        
170        192        
170        193        
192        193        
171        194        
171        195        
194        195        
172        195        
172        196        
195        196        
173        174        
173        197        
174        197        
175        176        
175        198        
176        198        
177        178        
177        199        
178        199        
179        180        
179        200        
180        200        
181        182        
181        201        
182        201        
183        184        
183        202        
184        202        
185        186        
185        203        
186        203        
187        188        
187        204        
188        204        
189        190        
189        205        
190        205        
191        192        
191        206        
192        206        
193        194        
193        207        
194        207        
197        208        
197        209        
208        209        
198        210        
198        211        
210        211        
199        212        
199        213        
212        213        
200        214        
200        215        
214        215        
201        216        
201        217        
216        217        
202        218        
202        219        
218        219        
203        220        
203        221        
220        221        
204        222        
204        223        
222        223        
205        224        
205        225        
224        225        
206        226        
206        227        
226        227        
207        228        
207        229        
228        229        
196        230        
196        231        
230        231        
208        231        
208        232        
231        232        
209        210        
209        233        
210        233        
211        212        
211        234        
212        234        
213        214        
213        235        
214        235        
215        216        
215        236        
216        236        
217        218        
217        237        
218        237        
219        220        
219        238        
220        238        
221        222        
221        239        
222        239        
223        224        
223        240        
224        240        
225        226        
225        241        
226        241        
227        228        
227        242        
228        242        
229        230        
229        243        
230        243        
232        244        
232        245        
244        245        
233        246        
233        247        
246        247        
234        248        
234        249        
248        249        
235        250        
235        251        
250        251        
236        252        
236        253        
252        253        
237        254        
237        255        
254        255        
238        256        
238        257        
256        257        
239        258        
239        259        
258        259        
240        260        
240        261        
260        261        
241        262        
241        263        
262        263        
242        264        
242        265        
264        265        
243        245        
243        266        
245        266        
244        246        
244        267        
246        267        
247        248        
247        268        
248        268        
249        250        
249        269        
250        269        
251        252        
251        270        
252        270        
253        254        
253        271        
254        271        
255        256        
255        272        
256        272        
257        258        
257        273        
258        273        
259        260        
259        274        
260        274        
261        262        
261        275        
262        275        
263        264        
263        276        
264        276        
265        266        
265        277        
266        277        
267        268        
267        278        
268        278        
269        279        
269        280        
279        280        
270        281        
270        282        
281        282        
271        283        
271        284        
283        284        
272        285        
272        286        
285        286        
273        287        
273        288        
287        288        
274        289        
274        290        
289        290        
275        291        
275        292        
291        292        
276        277        
276        293        
277        293        
278        279        
278        294        
279        294        
280        281        
280        295        
281        295        
282        283        
282        296        
283        296        
284        285        
284        297        
285        297        
286        287        
286        298        
287        298        
288        289        
288        299        
289        299        
290        291        
290        300        
291        300        
292        293        
292        301        
293        301        
294        295        
294        302        
295        302        
296        303        
296        304        
303        304        
297        305        
297        306        
305        306        
298        307        
298        308        
307        308        
299        309        
299        310        
309        310        
300        301        
300        311        
301        311        
302        303        
302        312        
303        312        
304        305        
304        313        
305        313        
306        307        
306        314        
307        314        
308        309        
308        315        
309        315        
310        311        
310        316        
311        316        
14         312        
14         317        
312        317        
313        318        
313        319        
318        319        
314        320        
314        321        
320        321        
315        322        
315        323        
322        323        
19         316        
19         324        
316        324        
3          317        
3          319        
317        319        
6          318        
6          321        
318        321        
9          320        
9          323        
320        323        
12         322        
12         324        
322        324        
