3000
1          751        
1          765        
2          751        
2          1237       
3          751        
3          778        
4          752        
4          765        
5          752        
5          766        
6          752        
6          1238       
7          753        
7          766        
8          753        
8          767        
9          753        
9          1239       
10         754        
10         767        
11         754        
11         768        
12         754        
12         1240       
13         755        
13         768        
14         755        
14         769        
15         755        
15         1241       
16         756        
16         769        
17         756        
17         770        
18         756        
18         1242       
19         757        
19         770        
20         757        
20         771        
21         757        
21         1243       
22         758        
22         771        
23         758        
23         772        
24         758        
24         1244       
25         759        
25         772        
26         759        
26         773        
27         759        
27         1245       
28         760        
28         773        
29         760        
29         774        
30         760        
30         1246       
31         761        
31         774        
32         761        
32         775        
33         761        
33         1247       
34         762        
34         775        
35         762        
35         776        
36         762        
36         1248       
37         763        
37         776        
38         763        
38         777        
39         763        
39         1249       
40         764        
40         777        
41         764        
41         1250       
42         764        
42         792        
43         765        
43         779        
44         766        
44         780        
45         767        
45         781        
46         768        
46         782        
47         769        
47         783        
48         770        
48         784        
49         771        
49         785        
50         772        
50         786        
51         773        
51         787        
52         774        
52         788        
53         775        
53         789        
54         776        
54         790        
55         777        
55         791        
56         778        
56         793        
57         778        
57         794        
58         779        
58         794        
59         779        
59         795        
60         780        
60         795        
61         780        
61         796        
62         781        
62         796        
63         781        
63         797        
64         782        
64         797        
65         782        
65         798        
66         783        
66         798        
67         783        
67         799        
68         784        
68         799        
69         784        
69         800        
70         785        
70         800        
71         785        
71         801        
72         786        
72         801        
73         786        
73         802        
74         787        
74         802        
75         787        
75         803        
76         788        
76         803        
77         788        
77         804        
78         789        
78         804        
79         789        
79         805        
80         790        
80         805        
81         790        
81         806        
82         791        
82         806        
83         791        
83         807        
84         792        
84         807        
85         792        
85         808        
86         793        
86         809        
87         793        
87         808        
88         794        
88         810        
89         795        
89         811        
90         796        
90         812        
91         797        
91         813        
92         798        
92         814        
93         799        
93         815        
94         800        
94         816        
95         801        
95         817        
96         802        
96         818        
97         803        
97         819        
98         804        
98         820        
99         805        
99         821        
100        806        
100        822        
101        807        
101        823        
102        808        
102        824        
103        809        
103        825        
104        809        
104        826        
105        810        
105        826        
106        810        
106        827        
107        811        
107        827        
108        811        
108        828        
109        812        
109        828        
110        812        
110        829        
111        813        
111        829        
112        813        
112        830        
113        814        
113        830        
114        814        
114        831        
115        815        
115        831        
116        815        
116        832        
117        816        
117        832        
118        816        
118        833        
119        817        
119        833        
120        817        
120        834        
121        818        
121        834        
122        818        
122        835        
123        819        
123        835        
124        819        
124        836        
125        820        
125        836        
126        820        
126        837        
127        821        
127        837        
128        821        
128        838        
129        822        
129        838        
130        822        
130        839        
131        823        
131        839        
132        823        
132        840        
133        824        
133        840        
134        824        
134        825        
135        825        
135        856        
136        826        
136        841        
137        827        
137        842        
138        828        
138        843        
139        829        
139        844        
140        830        
140        845        
141        831        
141        846        
142        832        
142        847        
143        833        
143        848        
144        834        
144        849        
145        835        
145        850        
146        836        
146        851        
147        837        
147        852        
148        838        
148        853        
149        839        
149        854        
150        840        
150        855        
151        841        
151        857        
152        841        
152        858        
153        842        
153        858        
154        842        
154        859        
155        843        
155        859        
156        843        
156        860        
157        844        
157        860        
158        844        
158        861        
159        845        
159        861        
160        845        
160        862        
161        846        
161        862        
162        846        
162        863        
163        847        
163        863        
164        847        
164        864        
165        848        
165        864        
166        848        
166        865        
167        849        
167        865        
168        849        
168        866        
169        850        
169        866        
170        850        
170        867        
171        851        
171        867        
172        851        
172        868        
173        852        
173        868        
174        852        
174        869        
175        853        
175        869        
176        853        
176        870        
177        854        
177        870        
178        854        
178        871        
179        855        
179        871        
180        855        
180        872        
181        856        
181        872        
182        856        
182        857        
183        857        
183        873        
184        858        
184        874        
185        859        
185        875        
186        860        
186        876        
187        861        
187        877        
188        862        
188        878        
189        863        
189        879        
190        864        
190        880        
191        865        
191        881        
192        866        
192        882        
193        867        
193        883        
194        868        
194        884        
195        869        
195        885        
196        870        
196        886        
197        871        
197        887        
198        872        
198        888        
199        873        
199        889        
200        873        
200        890        
201        874        
201        890        
202        874        
202        891        
203        875        
203        891        
204        875        
204        892        
205        876        
205        892        
206        876        
206        893        
207        877        
207        893        
208        877        
208        894        
209        878        
209        894        
210        878        
210        895        
211        879        
211        895        
212        879        
212        896        
213        880        
213        896        
214        880        
214        897        
215        881        
215        897        
216        881        
216        898        
217        882        
217        898        
218        882        
218        899        
219        883        
219        899        
220        883        
220        900        
221        884        
221        900        
222        884        
222        901        
223        885        
223        901        
224        885        
224        902        
225        886        
225        902        
226        886        
226        903        
227        887        
227        903        
228        887        
228        904        
229        888        
229        904        
230        888        
230        889        
231        889        
231        920        
232        890        
232        905        
233        891        
233        906        
234        892        
234        907        
235        893        
235        908        
236        894        
236        909        
237        895        
237        910        
238        896        
238        911        
239        897        
239        912        
240        898        
240        913        
241        899        
241        914        
242        900        
242        915        
243        901        
243        916        
244        902        
244        917        
245        903        
245        918        
246        904        
246        919        
247        905        
247        921        
248        905        
248        922        
249        906        
249        922        
250        906        
250        923        
251        907        
251        923        
252        907        
252        924        
253        908        
253        924        
254        908        
254        925        
255        909        
255        925        
256        909        
256        926        
257        910        
257        926        
258        910        
258        927        
259        911        
259        927        
260        911        
260        928        
261        912        
261        928        
262        912        
262        929        
263        913        
263        929        
264        913        
264        930        
265        914        
265        930        
266        914        
266        931        
267        915        
267        931        
268        915        
268        932        
269        916        
269        932        
270        916        
270        933        
271        917        
271        933        
272        917        
272        934        
273        918        
273        934        
274        918        
274        935        
275        919        
275        935        
276        919        
276        936        
277        920        
277        936        
278        920        
278        921        
279        921        
279        937        
280        922        
280        938        
281        923        
281        939        
282        924        
282        940        
283        925        
283        941        
284        926        
284        942        
285        927        
285        943        
286        928        
286        944        
287        929        
287        945        
288        930        
288        946        
289        931        
289        947        
290        932        
290        948        
291        933        
291        949        
292        934        
292        950        
293        935        
293        951        
294        936        
294        952        
295        937        
295        953        
296        937        
296        954        
297        938        
297        954        
298        938        
298        955        
299        939        
299        955        
300        939        
300        956        
301        940        
301        956        
302        940        
302        957        
303        941        
303        957        
304        941        
304        958        
305        942        
305        958        
306        942        
306        959        
307        943        
307        959        
308        943        
308        960        
309        944        
309        960        
310        944        
310        961        
311        945        
311        961        
312        945        
312        962        
313        946        
313        962        
314        946        
314        963        
315        947        
315        963        
316        947        
316        964        
317        948        
317        964        
318        948        
318        965        
319        949        
319        965        
320        949        
320        966        
321        950        
321        966        
322        950        
322        967        
323        951        
323        967        
324        951        
324        968        
325        952        
325        968        
326        952        
326        953        
327        953        
327        984        
328        954        
328        969        
329        955        
329        970        
330        956        
330        971        
331        957        
331        972        
332        958        
332        973        
333        959        
333        974        
334        960        
334        975        
335        961        
335        976        
336        962        
336        977        
337        963        
337        978        
338        964        
338        979        
339        965        
339        980        
340        966        
340        981        
341        967        
341        982        
342        968        
342        983        
343        969        
343        985        
344        969        
344        986        
345        970        
345        986        
346        970        
346        987        
347        971        
347        987        
348        971        
348        988        
349        972        
349        988        
350        972        
350        989        
351        973        
351        989        
352        973        
352        990        
353        974        
353        990        
354        974        
354        991        
355        975        
355        991        
356        975        
356        992        
357        976        
357        992        
358        976        
358        993        
359        977        
359        993        
360        977        
360        994        
361        978        
361        994        
362        978        
362        995        
363        979        
363        995        
364        979        
364        996        
365        980        
365        996        
366        980        
366        997        
367        981        
367        997        
368        981        
368        998        
369        982        
369        998        
370        982        
370        999        
371        983        
371        999        
372        983        
372        1000       
373        984        
373        1000       
374        984        
374        985        
375        985        
375        1001       
376        986        
376        1002       
377        987        
377        1003       
378        988        
378        1004       
379        989        
379        1005       
380        990        
380        1006       
381        991        
381        1007       
382        992        
382        1008       
383        993        
383        1009       
384        994        
384        1010       
385        995        
385        1011       
386        996        
386        1012       
387        997        
387        1013       
388        998        
388        1014       
389        999        
389        1015       
390        1000       
390        1016       
391        1001       
391        1017       
392        1001       
392        1018       
393        1002       
393        1018       
394        1002       
394        1019       
395        1003       
395        1019       
396        1003       
396        1020       
397        1004       
397        1020       
398        1004       
398        1021       
399        1005       
399        1021       
400        1005       
400        1022       
401        1006       
401        1022       
402        1006       
402        1023       
403        1007       
403        1023       
404        1007       
404        1024       
405        1008       
405        1024       
406        1008       
406        1025       
407        1009       
407        1025       
408        1009       
408        1026       
409        1010       
409        1026       
410        1010       
410        1027       
411        1011       
411        1027       
412        1011       
412        1028       
413        1012       
413        1028       
414        1012       
414        1029       
415        1013       
415        1029       
416        1013       
416        1030       
417        1014       
417        1030       
418        1014       
418        1031       
419        1015       
419        1031       
420        1015       
420        1032       
421        1016       
421        1032       
422        1016       
422        1017       
423        1017       
423        1048       
424        1018       
424        1033       
425        1019       
425        1034       
426        1020       
426        1035       
427        1021       
427        1036       
428        1022       
428        1037       
429        1023       
429        1038       
430        1024       
430        1039       
431        1025       
431        1040       
432        1026       
432        1041       
433        1027       
433        1042       
434        1028       
434        1043       
435        1029       
435        1044       
436        1030       
436        1045       
437        1031       
437        1046       
438        1032       
438        1047       
439        1033       
439        1049       
440        1033       
440        1050       
441        1034       
441        1050       
442        1034       
442        1051       
443        1035       
443        1051       
444        1035       
444        1052       
445        1036       
445        1052       
446        1036       
446        1053       
447        1037       
447        1053       
448        1037       
448        1054       
449        1038       
449        1054       
450        1038       
450        1055       
451        1039       
451        1055       
452        1039       
452        1056       
453        1040       
453        1056       
454        1040       
454        1057       
455        1041       
455        1057       
456        1041       
456        1058       
457        1042       
457        1058       
458        1042       
458        1059       
459        1043       
459        1059       
460        1043       
460        1060       
461        1044       
461        1060       
462        1044       
462        1061       
463        1045       
463        1061       
464        1045       
464        1062       
465        1046       
465        1062       
466        1046       
466        1063       
467        1047       
467        1063       
468        1047       
468        1064       
469        1048       
469        1064       
470        1048       
470        1049       
471        1049       
471        1065       
472        1050       
472        1066       
473        1051       
473        1067       
474        1052       
474        1068       
475        1053       
475        1069       
476        1054       
476        1070       
477        1055       
477        1071       
478        1056       
478        1072       
479        1057       
479        1073       
480        1058       
480        1074       
481        1059       
481        1075       
482        1060       
482        1076       
483        1061       
483        1077       
484        1062       
484        1078       
485        1063       
485        1079       
486        1064       
486        1080       
487        1065       
487        1081       
488        1065       
488        1082       
489        1066       
489        1082       
490        1066       
490        1083       
491        1067       
491        1083       
492        1067       
492        1084       
493        1068       
493        1084       
494        1068       
494        1085       
495        1069       
495        1085       
496        1069       
496        1086       
497        1070       
497        1086       
498        1070       
498        1087       
499        1071       
499        1087       
500        1071       
500        1088       
501        1072       
501        1088       
502        1072       
502        1089       
503        1073       
503        1089       
504        1073       
504        1090       
505        1074       
505        1090       
506        1074       
506        1091       
507        1075       
507        1091       
508        1075       
508        1092       
509        1076       
509        1092       
510        1076       
510        1093       
511        1077       
511        1093       
512        1077       
512        1094       
513        1078       
513        1094       
514        1078       
514        1095       
515        1079       
515        1095       
516        1079       
516        1096       
517        1080       
517        1096       
518        1080       
518        1081       
519        1081       
519        1112       
520        1082       
520        1097       
521        1083       
521        1098       
522        1084       
522        1099       
523        1085       
523        1100       
524        1086       
524        1101       
525        1087       
525        1102       
526        1088       
526        1103       
527        1089       
527        1104       
528        1090       
528        1105       
529        1091       
529        1106       
530        1092       
530        1107       
531        1093       
531        1108       
532        1094       
532        1109       
533        1095       
533        1110       
534        1096       
534        1111       
535        1097       
535        1113       
536        1097       
536        1114       
537        1098       
537        1114       
538        1098       
538        1115       
539        1099       
539        1115       
540        1099       
540        1116       
541        1100       
541        1116       
542        1100       
542        1117       
543        1101       
543        1117       
544        1101       
544        1118       
545        1102       
545        1118       
546        1102       
546        1119       
547        1103       
547        1119       
548        1103       
548        1120       
549        1104       
549        1120       
550        1104       
550        1121       
551        1105       
551        1121       
552        1105       
552        1122       
553        1106       
553        1122       
554        1106       
554        1123       
555        1107       
555        1123       
556        1107       
556        1124       
557        1108       
557        1124       
558        1108       
558        1125       
559        1109       
559        1125       
560        1109       
560        1126       
561        1110       
561        1126       
562        1110       
562        1127       
563        1111       
563        1127       
564        1111       
564        1128       
565        1112       
565        1128       
566        1112       
566        1113       
567        1113       
567        1129       
568        1114       
568        1130       
569        1115       
569        1131       
570        1116       
570        1132       
571        1117       
571        1133       
572        1118       
572        1134       
573        1119       
573        1135       
574        1120       
574        1136       
575        1121       
575        1137       
576        1122       
576        1138       
577        1123       
577        1139       
578        1124       
578        1140       
579        1125       
579        1141       
580        1126       
580        1142       
581        1127       
581        1143       
582        1128       
582        1144       
583        1129       
583        1145       
584        1129       
584        1146       
585        1130       
585        1146       
586        1130       
586        1147       
587        1131       
587        1147       
588        1131       
588        1148       
589        1132       
589        1148       
590        1132       
590        1149       
591        1133       
591        1149       
592        1133       
592        1150       
593        1134       
593        1150       
594        1134       
594        1151       
595        1135       
595        1151       
596        1135       
596        1152       
597        1136       
597        1152       
598        1136       
598        1153       
599        1137       
599        1153       
600        1137       
600        1154       
601        1138       
601        1154       
602        1138       
602        1155       
603        1139       
603        1155       
604        1139       
604        1156       
605        1140       
605        1156       
606        1140       
606        1157       
607        1141       
607        1157       
608        1141       
608        1158       
609        1142       
609        1158       
610        1142       
610        1159       
611        1143       
611        1159       
612        1143       
612        1160       
613        1144       
613        1160       
614        1144       
614        1145       
615        1145       
615        1176       
616        1146       
616        1161       
617        1147       
617        1162       
618        1148       
618        1163       
619        1149       
619        1164       
620        1150       
620        1165       
621        1151       
621        1166       
622        1152       
622        1167       
623        1153       
623        1168       
624        1154       
624        1169       
625        1155       
625        1170       
626        1156       
626        1171       
627        1157       
627        1172       
628        1158       
628        1173       
629        1159       
629        1174       
630        1160       
630        1175       
631        1161       
631        1177       
632        1161       
632        1178       
633        1162       
633        1178       
634        1162       
634        1179       
635        1163       
635        1179       
636        1163       
636        1180       
637        1164       
637        1180       
638        1164       
638        1181       
639        1165       
639        1181       
640        1165       
640        1182       
641        1166       
641        1182       
642        1166       
642        1183       
643        1167       
643        1183       
644        1167       
644        1184       
645        1168       
645        1184       
646        1168       
646        1185       
647        1169       
647        1185       
648        1169       
648        1186       
649        1170       
649        1186       
650        1170       
650        1187       
651        1171       
651        1187       
652        1171       
652        1188       
653        1172       
653        1188       
654        1172       
654        1189       
655        1173       
655        1189       
656        1173       
656        1190       
657        1174       
657        1190       
658        1174       
658        1191       
659        1175       
659        1191       
660        1175       
660        1192       
661        1176       
661        1192       
662        1176       
662        1177       
663        1177       
663        1193       
664        1178       
664        1194       
665        1179       
665        1195       
666        1180       
666        1196       
667        1181       
667        1197       
668        1182       
668        1198       
669        1183       
669        1199       
670        1184       
670        1200       
671        1185       
671        1201       
672        1186       
672        1202       
673        1187       
673        1203       
674        1188       
674        1204       
675        1189       
675        1205       
676        1190       
676        1206       
677        1191       
677        1207       
678        1192       
678        1208       
679        1193       
679        1209       
680        1193       
680        1208       
681        1194       
681        1209       
682        1194       
682        1210       
683        1195       
683        1210       
684        1195       
684        1211       
685        1196       
685        1211       
686        1196       
686        1212       
687        1197       
687        1212       
688        1197       
688        1213       
689        1198       
689        1213       
690        1198       
690        1214       
691        1199       
691        1214       
692        1199       
692        1215       
693        1200       
693        1215       
694        1200       
694        1216       
695        1201       
695        1216       
696        1201       
696        1217       
697        1202       
697        1217       
698        1202       
698        1218       
699        1203       
699        1218       
700        1203       
700        1219       
701        1204       
701        1219       
702        1204       
702        1220       
703        1205       
703        1220       
704        1205       
704        1221       
705        1206       
705        1221       
706        1206       
706        1222       
707        1207       
707        1222       
708        1207       
708        1223       
709        1208       
709        1223       
710        1209       
710        1237       
711        1210       
711        1224       
712        1211       
712        1225       
713        1212       
713        1226       
714        1213       
714        1227       
715        1214       
715        1228       
716        1215       
716        1229       
717        1216       
717        1230       
718        1217       
718        1231       
719        1218       
719        1232       
720        1219       
720        1233       
721        1220       
721        1234       
722        1221       
722        1235       
723        1222       
723        1236       
724        1223       
724        1250       
725        1224       
725        1238       
726        1224       
726        1237       
727        1225       
727        1239       
728        1225       
728        1238       
729        1226       
729        1240       
730        1226       
730        1239       
731        1227       
731        1241       
732        1227       
732        1240       
733        1228       
733        1242       
734        1228       
734        1241       
735        1229       
735        1243       
736        1229       
736        1242       
737        1230       
737        1244       
738        1230       
738        1243       
739        1231       
739        1245       
740        1231       
740        1244       
741        1232       
741        1246       
742        1232       
742        1245       
743        1233       
743        1247       
744        1233       
744        1246       
745        1234       
745        1248       
746        1234       
746        1247       
747        1235       
747        1249       
748        1235       
748        1248       
749        1236       
749        1250       
750        1236       
750        1249       
1          2          
1          3          
2          3          
4          5          
4          6          
5          6          
7          8          
7          9          
8          9          
10         11         
10         12         
11         12         
13         14         
13         15         
14         15         
16         17         
16         18         
17         18         
19         20         
19         21         
20         21         
22         23         
22         24         
23         24         
25         26         
25         27         
26         27         
28         29         
28         30         
29         30         
31         32         
31         33         
32         33         
34         35         
34         36         
35         36         
37         38         
37         39         
38         39         
40         41         
40         42         
41         42         
1          4          
1          43         
4          43         
5          7          
5          44         
7          44         
8          10         
8          45         
10         45         
11         13         
11         46         
13         46         
14         16         
14         47         
16         47         
17         19         
17         48         
19         48         
20         22         
20         49         
22         49         
23         25         
23         50         
25         50         
26         28         
26         51         
28         51         
29         31         
29         52         
31         52         
32         34         
32         53         
34         53         
35         37         
35         54         
37         54         
38         40         
38         55         
40         55         
3          56         
3          57         
56         57         
43         58         
43         59         
58         59         
44         60         
44         61         
60         61         
45         62         
45         63         
62         63         
46         64         
46         65         
64         65         
47         66         
47         67         
66         67         
48         68         
48         69         
68         69         
49         70         
49         71         
70         71         
50         72         
50         73         
72         73         
51         74         
51         75         
74         75         
52         76         
52         77         
76         77         
53         78         
53         79         
78         79         
54         80         
54         81         
80         81         
55         82         
55         83         
82         83         
42         84         
42         85         
84         85         
56         86         
56         87         
86         87         
57         58         
57         88         
58         88         
59         60         
59         89         
60         89         
61         62         
61         90         
62         90         
63         64         
63         91         
64         91         
65         66         
65         92         
66         92         
67         68         
67         93         
68         93         
69         70         
69         94         
70         94         
71         72         
71         95         
72         95         
73         74         
73         96         
74         96         
75         76         
75         97         
76         97         
77         78         
77         98         
78         98         
79         80         
79         99         
80         99         
81         82         
81         100        
82         100        
83         84         
83         101        
84         101        
85         87         
85         102        
87         102        
86         103        
86         104        
103        104        
88         105        
88         106        
105        106        
89         107        
89         108        
107        108        
90         109        
90         110        
109        110        
91         111        
91         112        
111        112        
92         113        
92         114        
113        114        
93         115        
93         116        
115        116        
94         117        
94         118        
117        118        
95         119        
95         120        
119        120        
96         121        
96         122        
121        122        
97         123        
97         124        
123        124        
98         125        
98         126        
125        126        
99         127        
99         128        
127        128        
100        129        
100        130        
129        130        
101        131        
101        132        
131        132        
102        133        
102        134        
133        134        
103        134        
103        135        
134        135        
104        105        
104        136        
105        136        
106        107        
106        137        
107        137        
108        109        
108        138        
109        138        
110        111        
110        139        
111        139        
112        113        
112        140        
113        140        
114        115        
114        141        
115        141        
116        117        
116        142        
117        142        
118        119        
118        143        
119        143        
120        121        
120        144        
121        144        
122        123        
122        145        
123        145        
124        125        
124        146        
125        146        
126        127        
126        147        
127        147        
128        129        
128        148        
129        148        
130        131        
130        149        
131        149        
132        133        
132        150        
133        150        
136        151        
136        152        
151        152        
137        153        
137        154        
153        154        
138        155        
138        156        
155        156        
139        157        
139        158        
157        158        
140        159        
140        160        
159        160        
141        161        
141        162        
161        162        
142        163        
142        164        
163        164        
143        165        
143        166        
165        166        
144        167        
144        168        
167        168        
145        169        
145        170        
169        170        
146        171        
146        172        
171        172        
147        173        
147        174        
173        174        
148        175        
148        176        
175        176        
149        177        
149        178        
177        178        
150        179        
150        180        
179        180        
135        181        
135        182        
181        182        
151        182        
151        183        
182        183        
152        153        
152        184        
153        184        
154        155        
154        185        
155        185        
156        157        
156        186        
157        186        
158        159        
158        187        
159        187        
160        161        
160        188        
161        188        
162        163        
162        189        
163        189        
164        165        
164        190        
165        190        
166        167        
166        191        
167        191        
168        169        
168        192        
169        192        
170        171        
170        193        
171        193        
172        173        
172        194        
173        194        
174        175        
174        195        
175        195        
176        177        
176        196        
177        196        
178        179        
178        197        
179        197        
180        181        
180        198        
181        198        
183        199        
183        200        
199        200        
184        201        
184        202        
201        202        
185        203        
185        204        
203        204        
186        205        
186        206        
205        206        
187        207        
187        208        
207        208        
188        209        
188        210        
209        210        
189        211        
189        212        
211        212        
190        213        
190        214        
213        214        
191        215        
191        216        
215        216        
192        217        
192        218        
217        218        
193        219        
193        220        
219        220        
194        221        
194        222        
221        222        
195        223        
195        224        
223        224        
196        225        
196        226        
225        226        
197        227        
197        228        
227        228        
198        229        
198        230        
229        230        
199        230        
199        231        
230        231        
200        201        
200        232        
201        232        
202        203        
202        233        
203        233        
204        205        
204        234        
205        234        
206        207        
206        235        
207        235        
208        209        
208        236        
209        236        
210        211        
210        237        
211        237        
212        213        
212        238        
213        238        
214        215        
214        239        
215        239        
216        217        
216        240        
217        240        
218        219        
218        241        
219        241        
220        221        
220        242        
221        242        
222        223        
222        243        
223        243        
224        225        
224        244        
225        244        
226        227        
226        245        
227        245        
228        229        
228        246        
229        246        
232        247        
232        248        
247        248        
233        249        
233        250        
249        250        
234        251        
234        252        
251        252        
235        253        
235        254        
253        254        
236        255        
236        256        
255        256        
237        257        
237        258        
257        258        
238        259        
238        260        
259        260        
239        261        
239        262        
261        262        
240        263        
240        264        
263        264        
241        265        
241        266        
265        266        
242        267        
242        268        
267        268        
243        269        
243        270        
269        270        
244        271        
244        272        
271        272        
245        273        
245        274        
273        274        
246        275        
246        276        
275        276        
231        277        
231        278        
277        278        
247        278        
247        279        
278        279        
248        249        
248        280        
249        280        
250        251        
250        281        
251        281        
252        253        
252        282        
253        282        
254        255        
254        283        
255        283        
256        257        
256        284        
257        284        
258        259        
258        285        
259        285        
260        261        
260        286        
261        286        
262        263        
262        287        
263        287        
264        265        
264        288        
265        288        
266        267        
266        289        
267        289        
268        269        
268        290        
269        290        
270        271        
270        291        
271        291        
272        273        
272        292        
273        292        
274        275        
274        293        
275        293        
276        277        
276        294        
277        294        
279        295        
279        296        
295        296        
280        297        
280        298        
297        298        
281        299        
281        300        
299        300        
282        301        
282        302        
301        302        
283        303        
283        304        
303        304        
284        305        
284        306        
305        306        
285        307        
285        308        
307        308        
286        309        
286        310        
309        310        
287        311        
287        312        
311        312        
288        313        
288        314        
313        314        
289        315        
289        316        
315        316        
290        317        
290        318        
317        318        
291        319        
291        320        
319        320        
292        321        
292        322        
321        322        
293        323        
293        324        
323        324        
294        325        
294        326        
325        326        
295        326        
295        327        
326        327        
296        297        
296        328        
297        328        
298        299        
298        329        
299        329        
300        301        
300        330        
301        330        
302        303        
302        331        
303        331        
304        305        
304        332        
305        332        
306        307        
306        333        
307        333        
308        309        
308        334        
309        334        
310        311        
310        335        
311        335        
312        313        
312        336        
313        336        
314        315        
314        337        
315        337        
316        317        
316        338        
317        338        
318        319        
318        339        
319        339        
320        321        
320        340        
321        340        
322        323        
322        341        
323        341        
324        325        
324        342        
325        342        
328        343        
328        344        
343        344        
329        345        
329        346        
345        346        
330        347        
330        348        
347        348        
331        349        
331        350        
349        350        
332        351        
332        352        
351        352        
333        353        
333        354        
353        354        
334        355        
334        356        
355        356        
335        357        
335        358        
357        358        
336        359        
336        360        
359        360        
337        361        
337        362        
361        362        
338        363        
338        364        
363        364        
339        365        
339        366        
365        366        
340        367        
340        368        
367        368        
341        369        
341        370        
369        370        
342        371        
342        372        
371        372        
327        373        
327        374        
373        374        
343        374        
343        375        
374        375        
344        345        
344        376        
345        376        
346        347        
346        377        
347        377        
348        349        
348        378        
349        378        
350        351        
350        379        
351        379        
352        353        
352        380        
353        380        
354        355        
354        381        
355        381        
356        357        
356        382        
357        382        
358        359        
358        383        
359        383        
360        361        
360        384        
361        384        
362        363        
362        385        
363        385        
364        365        
364        386        
365        386        
366        367        
366        387        
367        387        
368        369        
368        388        
369        388        
370        371        
370        389        
371        389        
372        373        
372        390        
373        390        
375        391        
375        392        
391        392        
376        393        
376        394        
393        394        
377        395        
377        396        
395        396        
378        397        
378        398        
397        398        
379        399        
379        400        
399        400        
380        401        
380        402        
401        402        
381        403        
381        404        
403        404        
382        405        
382        406        
405        406        
383        407        
383        408        
407        408        
384        409        
384        410        
409        410        
385        411        
385        412        
411        412        
386        413        
386        414        
413        414        
387        415        
387        416        
415        416        
388        417        
388        418        
417        418        
389        419        
389        420        
419        420        
390        421        
390        422        
421        422        
391        422        
391        423        
422        423        
392        393        
392        424        
393        424        
394        395        
394        425        
395        425        
396        397        
396        426        
397        426        
398        399        
398        427        
399        427        
400        401        
400        428        
401        428        
402        403        
402        429        
403        429        
404        405        
404        430        
405        430        
406        407        
406        431        
407        431        
408        409        
408        432        
409        432        
410        411        
410        433        
411        433        
412        413        
412        434        
413        434        
414        415        
414        435        
415        435        
416        417        
416        436        
417        436        
418        419        
418        437        
419        437        
420        421        
420        438        
421        438        
424        439        
424        440        
439        440        
425        441        
425        442        
441        442        
426        443        
426        444        
443        444        
427        445        
427        446        
445        446        
428        447        
428        448        
447        448        
429        449        
429        450        
449        450        
430        451        
430        452        
451        452        
431        453        
431        454        
453        454        
432        455        
432        456        
455        456        
433        457        
433        458        
457        458        
434        459        
434        460        
459        460        
435        461        
435        462        
461        462        
436        463        
436        464        
463        464        
437        465        
437        466        
465        466        
438        467        
438        468        
467        468        
423        469        
423        470        
469        470        
439        470        
439        471        
470        471        
440        441        
440        472        
441        472        
442        443        
442        473        
443        473        
444        445        
444        474        
445        474        
446        447        
446        475        
447        475        
448        449        
448        476        
449        476        
450        451        
450        477        
451        477        
452        453        
452        478        
453        478        
454        455        
454        479        
455        479        
456        457        
456        480        
457        480        
458        459        
458        481        
459        481        
460        461        
460        482        
461        482        
462        463        
462        483        
463        483        
464        465        
464        484        
465        484        
466        467        
466        485        
467        485        
468        469        
468        486        
469        486        
471        487        
471        488        
487        488        
472        489        
472        490        
489        490        
473        491        
473        492        
491        492        
474        493        
474        494        
493        494        
475        495        
475        496        
495        496        
476        497        
476        498        
497        498        
477        499        
477        500        
499        500        
478        501        
478        502        
501        502        
479        503        
479        504        
503        504        
480        505        
480        506        
505        506        
481        507        
481        508        
507        508        
482        509        
482        510        
509        510        
483        511        
483        512        
511        512        
484        513        
484        514        
513        514        
485        515        
485        516        
515        516        
486        517        
486        518        
517        518        
487        518        
487        519        
518        519        
488        489        
488        520        
489        520        
490        491        
490        521        
491        521        
492        493        
492        522        
493        522        
494        495        
494        523        
495        523        
496        497        
496        524        
497        524        
498        499        
498        525        
499        525        
500        501        
500        526        
501        526        
502        503        
502        527        
503        527        
504        505        
504        528        
505        528        
506        507        
506        529        
507        529        
508        509        
508        530        
509        530        
510        511        
510        531        
511        531        
512        513        
512        532        
513        532        
514        515        
514        533        
515        533        
516        517        
516        534        
517        534        
520        535        
520        536        
535        536        
521        537        
521        538        
537        538        
522        539        
522        540        
539        540        
523        541        
523        542        
541        542        
524        543        
524        544        
543        544        
525        545        
525        546        
545        546        
526        547        
526        548        
547        548        
527        549        
527        550        
549        550        
528        551        
528        552        
551        552        
529        553        
529        554        
553        554        
530        555        
530        556        
555        556        
531        557        
531        558        
557        558        
532        559        
532        560        
559        560        
533        561        
533        562        
561        562        
534        563        
534        564        
563        564        
519        565        
519        566        
565        566        
535        566        
535        567        
566        567        
536        537        
536        568        
537        568        
538        539        
538        569        
539        569        
540        541        
540        570        
541        570        
542        543        
542        571        
543        571        
544        545        
544        572        
545        572        
546        547        
546        573        
547        573        
548        549        
548        574        
549        574        
550        551        
550        575        
551        575        
552        553        
552        576        
553        576        
554        555        
554        577        
555        577        
556        557        
556        578        
557        578        
558        559        
558        579        
559        579        
560        561        
560        580        
561        580        
562        563        
562        581        
563        581        
564        565        
564        582        
565        582        
567        583        
567        584        
583        584        
568        585        
568        586        
585        586        
569        587        
569        588        
587        588        
570        589        
570        590        
589        590        
571        591        
571        592        
591        592        
572        593        
572        594        
593        594        
573        595        
573        596        
595        596        
574        597        
574        598        
597        598        
575        599        
575        600        
599        600        
576        601        
576        602        
601        602        
577        603        
577        604        
603        604        
578        605        
578        606        
605        606        
579        607        
579        608        
607        608        
580        609        
580        610        
609        610        
581        611        
581        612        
611        612        
582        613        
582        614        
613        614        
583        614        
583        615        
614        615        
584        585        
584        616        
585        616        
586        587        
586        617        
587        617        
588        589        
588        618        
589        618        
590        591        
590        619        
591        619        
592        593        
592        620        
593        620        
594        595        
594        621        
595        621        
596        597        
596        622        
597        622        
598        599        
598        623        
599        623        
600        601        
600        624        
601        624        
602        603        
602        625        
603        625        
604        605        
604        626        
605        626        
606        607        
606        627        
607        627        
608        609        
608        628        
609        628        
610        611        
610        629        
611        629        
612        613        
612        630        
613        630        
616        631        
616        632        
631        632        
617        633        
617        634        
633        634        
618        635        
618        636        
635        636        
619        637        
619        638        
637        638        
620        639        
620        640        
639        640        
621        641        
621        642        
641        642        
622        643        
622        644        
643        644        
623        645        
623        646        
645        646        
624        647        
624        648        
647        648        
625        649        
625        650        
649        650        
626        651        
626        652        
651        652        
627        653        
627        654        
653        654        
628        655        
628        656        
655        656        
629        657        
629        658        
657        658        
630        659        
630        660        
659        660        
615        661        
615        662        
661        662        
631        662        
631        663        
662        663        
632        633        
632        664        
633        664        
634        635        
634        665        
635        665        
636        637        
636        666        
637        666        
638        639        
638        667        
639        667        
640        641        
640        668        
641        668        
642        643        
642        669        
643        669        
644        645        
644        670        
645        670        
646        647        
646        671        
647        671        
648        649        
648        672        
649        672        
650        651        
650        673        
651        673        
652        653        
652        674        
653        674        
654        655        
654        675        
655        675        
656        657        
656        676        
657        676        
658        659        
658        677        
659        677        
660        661        
660        678        
661        678        
663        679        
663        680        
679        680        
664        681        
664        682        
681        682        
665        683        
665        684        
683        684        
666        685        
666        686        
685        686        
667        687        
667        688        
687        688        
668        689        
668        690        
689        690        
669        691        
669        692        
691        692        
670        693        
670        694        
693        694        
671        695        
671        696        
695        696        
672        697        
672        698        
697        698        
673        699        
673        700        
699        700        
674        701        
674        702        
701        702        
675        703        
675        704        
703        704        
676        705        
676        706        
705        706        
677        707        
677        708        
707        708        
678        680        
678        709        
680        709        
679        681        
679        710        
681        710        
682        683        
682        711        
683        711        
684        685        
684        712        
685        712        
686        687        
686        713        
687        713        
688        689        
688        714        
689        714        
690        691        
690        715        
691        715        
692        693        
692        716        
693        716        
694        695        
694        717        
695        717        
696        697        
696        718        
697        718        
698        699        
698        719        
699        719        
700        701        
700        720        
701        720        
702        703        
702        721        
703        721        
704        705        
704        722        
705        722        
706        707        
706        723        
707        723        
708        709        
708        724        
709        724        
711        725        
711        726        
725        726        
712        727        
712        728        
727        728        
713        729        
713        730        
729        730        
714        731        
714        732        
731        732        
715        733        
715        734        
733        734        
716        735        
716        736        
735        736        
717        737        
717        738        
737        738        
718        739        
718        740        
739        740        
719        741        
719        742        
741        742        
720        743        
720        744        
743        744        
721        745        
721        746        
745        746        
722        747        
722        748        
747        748        
723        749        
723        750        
749        750        
2          710        
2          726        
710        726        
6          725        
6          728        
725        728        
9          727        
9          730        
727        730        
12         729        
12         732        
729        732        
15         731        
15         734        
731        734        
18         733        
18         736        
733        736        
21         735        
21         738        
735        738        
24         737        
24         740        
737        740        
27         739        
27         742        
739        742        
30         741        
30         744        
741        744        
33         743        
33         746        
743        746        
36         745        
36         748        
745        748        
39         747        
39         750        
747        750        
41         724        
41         749        
724        749        
