2856
1          715        
1          726        
2          715        
2          727        
3          715        
3          1179       
4          716        
4          727        
5          716        
5          728        
6          716        
6          1180       
7          717        
7          728        
8          717        
8          729        
9          717        
9          1181       
10         718        
10         729        
11         718        
11         730        
12         718        
12         1182       
13         719        
13         730        
14         719        
14         731        
15         719        
15         1183       
16         720        
16         731        
17         720        
17         732        
18         720        
18         1184       
19         721        
19         732        
20         721        
20         733        
21         721        
21         1185       
22         722        
22         733        
23         722        
23         734        
24         722        
24         1186       
25         723        
25         734        
26         723        
26         735        
27         723        
27         1187       
28         724        
28         735        
29         724        
29         736        
30         724        
30         1188       
31         725        
31         736        
32         725        
32         737        
33         725        
33         1189       
34         726        
34         738        
35         726        
35         1178       
36         727        
36         739        
37         728        
37         740        
38         729        
38         741        
39         730        
39         742        
40         731        
40         743        
41         732        
41         744        
42         733        
42         745        
43         734        
43         746        
44         735        
44         747        
45         736        
45         748        
46         737        
46         749        
47         737        
47         1190       
48         738        
48         750        
49         738        
49         761        
50         739        
50         750        
51         739        
51         751        
52         740        
52         751        
53         740        
53         752        
54         741        
54         752        
55         741        
55         753        
56         742        
56         753        
57         742        
57         754        
58         743        
58         754        
59         743        
59         755        
60         744        
60         755        
61         744        
61         756        
62         745        
62         756        
63         745        
63         757        
64         746        
64         757        
65         746        
65         758        
66         747        
66         758        
67         747        
67         759        
68         748        
68         759        
69         748        
69         760        
70         749        
70         760        
71         749        
71         773        
72         750        
72         762        
73         751        
73         763        
74         752        
74         764        
75         753        
75         765        
76         754        
76         766        
77         755        
77         767        
78         756        
78         768        
79         757        
79         769        
80         758        
80         770        
81         759        
81         771        
82         760        
82         772        
83         761        
83         774        
84         761        
84         786        
85         762        
85         774        
86         762        
86         775        
87         763        
87         775        
88         763        
88         776        
89         764        
89         776        
90         764        
90         777        
91         765        
91         777        
92         765        
92         778        
93         766        
93         778        
94         766        
94         779        
95         767        
95         779        
96         767        
96         780        
97         768        
97         780        
98         768        
98         781        
99         769        
99         781        
100        769        
100        782        
101        770        
101        782        
102        770        
102        783        
103        771        
103        783        
104        771        
104        784        
105        772        
105        784        
106        772        
106        785        
107        773        
107        785        
108        773        
108        799        
109        774        
109        787        
110        775        
110        788        
111        776        
111        789        
112        777        
112        790        
113        778        
113        791        
114        779        
114        792        
115        780        
115        793        
116        781        
116        794        
117        782        
117        795        
118        783        
118        796        
119        784        
119        797        
120        785        
120        798        
121        786        
121        801        
122        786        
122        802        
123        787        
123        802        
124        787        
124        803        
125        788        
125        803        
126        788        
126        804        
127        789        
127        804        
128        789        
128        805        
129        790        
129        805        
130        790        
130        806        
131        791        
131        806        
132        791        
132        807        
133        792        
133        807        
134        792        
134        808        
135        793        
135        808        
136        793        
136        809        
137        794        
137        809        
138        794        
138        810        
139        795        
139        810        
140        795        
140        811        
141        796        
141        811        
142        796        
142        812        
143        797        
143        812        
144        797        
144        813        
145        798        
145        813        
146        798        
146        814        
147        799        
147        814        
148        799        
148        815        
149        800        
149        816        
150        800        
150        815        
151        800        
151        801        
152        801        
152        817        
153        802        
153        818        
154        803        
154        819        
155        804        
155        820        
156        805        
156        821        
157        806        
157        822        
158        807        
158        823        
159        808        
159        824        
160        809        
160        825        
161        810        
161        826        
162        811        
162        827        
163        812        
163        828        
164        813        
164        829        
165        814        
165        830        
166        815        
166        831        
167        816        
167        832        
168        816        
168        833        
169        817        
169        833        
170        817        
170        834        
171        818        
171        834        
172        818        
172        835        
173        819        
173        835        
174        819        
174        836        
175        820        
175        836        
176        820        
176        837        
177        821        
177        837        
178        821        
178        838        
179        822        
179        838        
180        822        
180        839        
181        823        
181        839        
182        823        
182        840        
183        824        
183        840        
184        824        
184        841        
185        825        
185        841        
186        825        
186        842        
187        826        
187        842        
188        826        
188        843        
189        827        
189        843        
190        827        
190        844        
191        828        
191        844        
192        828        
192        845        
193        829        
193        845        
194        829        
194        846        
195        830        
195        846        
196        830        
196        847        
197        831        
197        847        
198        831        
198        832        
199        832        
199        863        
200        833        
200        848        
201        834        
201        849        
202        835        
202        850        
203        836        
203        851        
204        837        
204        852        
205        838        
205        853        
206        839        
206        854        
207        840        
207        855        
208        841        
208        856        
209        842        
209        857        
210        843        
210        858        
211        844        
211        859        
212        845        
212        860        
213        846        
213        861        
214        847        
214        862        
215        848        
215        864        
216        848        
216        865        
217        849        
217        865        
218        849        
218        866        
219        850        
219        866        
220        850        
220        867        
221        851        
221        867        
222        851        
222        868        
223        852        
223        868        
224        852        
224        869        
225        853        
225        869        
226        853        
226        870        
227        854        
227        870        
228        854        
228        871        
229        855        
229        871        
230        855        
230        872        
231        856        
231        872        
232        856        
232        873        
233        857        
233        873        
234        857        
234        874        
235        858        
235        874        
236        858        
236        875        
237        859        
237        875        
238        859        
238        876        
239        860        
239        876        
240        860        
240        877        
241        861        
241        877        
242        861        
242        878        
243        862        
243        878        
244        862        
244        879        
245        863        
245        879        
246        863        
246        864        
247        864        
247        880        
248        865        
248        881        
249        866        
249        882        
250        867        
250        883        
251        868        
251        884        
252        869        
252        885        
253        870        
253        886        
254        871        
254        887        
255        872        
255        888        
256        873        
256        889        
257        874        
257        890        
258        875        
258        891        
259        876        
259        892        
260        877        
260        893        
261        878        
261        894        
262        879        
262        895        
263        880        
263        896        
264        880        
264        897        
265        881        
265        897        
266        881        
266        898        
267        882        
267        898        
268        882        
268        899        
269        883        
269        899        
270        883        
270        900        
271        884        
271        900        
272        884        
272        901        
273        885        
273        901        
274        885        
274        902        
275        886        
275        902        
276        886        
276        903        
277        887        
277        903        
278        887        
278        904        
279        888        
279        904        
280        888        
280        905        
281        889        
281        905        
282        889        
282        906        
283        890        
283        906        
284        890        
284        907        
285        891        
285        907        
286        891        
286        908        
287        892        
287        908        
288        892        
288        909        
289        893        
289        909        
290        893        
290        910        
291        894        
291        910        
292        894        
292        911        
293        895        
293        911        
294        895        
294        896        
295        896        
295        927        
296        897        
296        912        
297        898        
297        913        
298        899        
298        914        
299        900        
299        915        
300        901        
300        916        
301        902        
301        917        
302        903        
302        918        
303        904        
303        919        
304        905        
304        920        
305        906        
305        921        
306        907        
306        922        
307        908        
307        923        
308        909        
308        924        
309        910        
309        925        
310        911        
310        926        
311        912        
311        928        
312        912        
312        929        
313        913        
313        929        
314        913        
314        930        
315        914        
315        930        
316        914        
316        931        
317        915        
317        931        
318        915        
318        932        
319        916        
319        932        
320        916        
320        933        
321        917        
321        933        
322        917        
322        934        
323        918        
323        934        
324        918        
324        935        
325        919        
325        935        
326        919        
326        936        
327        920        
327        936        
328        920        
328        937        
329        921        
329        937        
330        921        
330        938        
331        922        
331        938        
332        922        
332        939        
333        923        
333        939        
334        923        
334        940        
335        924        
335        940        
336        924        
336        941        
337        925        
337        941        
338        925        
338        942        
339        926        
339        942        
340        926        
340        943        
341        927        
341        943        
342        927        
342        928        
343        928        
343        944        
344        929        
344        945        
345        930        
345        946        
346        931        
346        947        
347        932        
347        948        
348        933        
348        949        
349        934        
349        950        
350        935        
350        951        
351        936        
351        952        
352        937        
352        953        
353        938        
353        954        
354        939        
354        955        
355        940        
355        956        
356        941        
356        957        
357        942        
357        958        
358        943        
358        959        
359        944        
359        960        
360        944        
360        961        
361        945        
361        961        
362        945        
362        962        
363        946        
363        962        
364        946        
364        963        
365        947        
365        963        
366        947        
366        964        
367        948        
367        964        
368        948        
368        965        
369        949        
369        965        
370        949        
370        966        
371        950        
371        966        
372        950        
372        967        
373        951        
373        967        
374        951        
374        968        
375        952        
375        968        
376        952        
376        969        
377        953        
377        969        
378        953        
378        970        
379        954        
379        970        
380        954        
380        971        
381        955        
381        971        
382        955        
382        972        
383        956        
383        972        
384        956        
384        973        
385        957        
385        973        
386        957        
386        974        
387        958        
387        974        
388        958        
388        975        
389        959        
389        975        
390        959        
390        960        
391        960        
391        991        
392        961        
392        976        
393        962        
393        977        
394        963        
394        978        
395        964        
395        979        
396        965        
396        980        
397        966        
397        981        
398        967        
398        982        
399        968        
399        983        
400        969        
400        984        
401        970        
401        985        
402        971        
402        986        
403        972        
403        987        
404        973        
404        988        
405        974        
405        989        
406        975        
406        990        
407        976        
407        992        
408        976        
408        993        
409        977        
409        993        
410        977        
410        994        
411        978        
411        994        
412        978        
412        995        
413        979        
413        995        
414        979        
414        996        
415        980        
415        996        
416        980        
416        997        
417        981        
417        997        
418        981        
418        998        
419        982        
419        998        
420        982        
420        999        
421        983        
421        999        
422        983        
422        1000       
423        984        
423        1000       
424        984        
424        1001       
425        985        
425        1001       
426        985        
426        1002       
427        986        
427        1002       
428        986        
428        1003       
429        987        
429        1003       
430        987        
430        1004       
431        988        
431        1004       
432        988        
432        1005       
433        989        
433        1005       
434        989        
434        1006       
435        990        
435        1006       
436        990        
436        1007       
437        991        
437        1007       
438        991        
438        992        
439        992        
439        1008       
440        993        
440        1009       
441        994        
441        1010       
442        995        
442        1011       
443        996        
443        1012       
444        997        
444        1013       
445        998        
445        1014       
446        999        
446        1015       
447        1000       
447        1016       
448        1001       
448        1017       
449        1002       
449        1018       
450        1003       
450        1019       
451        1004       
451        1020       
452        1005       
452        1021       
453        1006       
453        1022       
454        1007       
454        1023       
455        1008       
455        1024       
456        1008       
456        1025       
457        1009       
457        1025       
458        1009       
458        1026       
459        1010       
459        1026       
460        1010       
460        1027       
461        1011       
461        1027       
462        1011       
462        1028       
463        1012       
463        1028       
464        1012       
464        1029       
465        1013       
465        1029       
466        1013       
466        1030       
467        1014       
467        1030       
468        1014       
468        1031       
469        1015       
469        1031       
470        1015       
470        1032       
471        1016       
471        1032       
472        1016       
472        1033       
473        1017       
473        1033       
474        1017       
474        1034       
475        1018       
475        1034       
476        1018       
476        1035       
477        1019       
477        1035       
478        1019       
478        1036       
479        1020       
479        1036       
480        1020       
480        1037       
481        1021       
481        1037       
482        1021       
482        1038       
483        1022       
483        1038       
484        1022       
484        1039       
485        1023       
485        1039       
486        1023       
486        1024       
487        1024       
487        1055       
488        1025       
488        1040       
489        1026       
489        1041       
490        1027       
490        1042       
491        1028       
491        1043       
492        1029       
492        1044       
493        1030       
493        1045       
494        1031       
494        1046       
495        1032       
495        1047       
496        1033       
496        1048       
497        1034       
497        1049       
498        1035       
498        1050       
499        1036       
499        1051       
500        1037       
500        1052       
501        1038       
501        1053       
502        1039       
502        1054       
503        1040       
503        1056       
504        1040       
504        1057       
505        1041       
505        1057       
506        1041       
506        1058       
507        1042       
507        1058       
508        1042       
508        1059       
509        1043       
509        1059       
510        1043       
510        1060       
511        1044       
511        1060       
512        1044       
512        1061       
513        1045       
513        1061       
514        1045       
514        1062       
515        1046       
515        1062       
516        1046       
516        1063       
517        1047       
517        1063       
518        1047       
518        1064       
519        1048       
519        1064       
520        1048       
520        1065       
521        1049       
521        1065       
522        1049       
522        1066       
523        1050       
523        1066       
524        1050       
524        1067       
525        1051       
525        1067       
526        1051       
526        1068       
527        1052       
527        1068       
528        1052       
528        1069       
529        1053       
529        1069       
530        1053       
530        1070       
531        1054       
531        1070       
532        1054       
532        1071       
533        1055       
533        1071       
534        1055       
534        1056       
535        1056       
535        1072       
536        1057       
536        1073       
537        1058       
537        1074       
538        1059       
538        1075       
539        1060       
539        1076       
540        1061       
540        1077       
541        1062       
541        1078       
542        1063       
542        1079       
543        1064       
543        1080       
544        1065       
544        1081       
545        1066       
545        1082       
546        1067       
546        1083       
547        1068       
547        1084       
548        1069       
548        1085       
549        1070       
549        1086       
550        1071       
550        1087       
551        1072       
551        1088       
552        1072       
552        1089       
553        1073       
553        1089       
554        1073       
554        1090       
555        1074       
555        1090       
556        1074       
556        1091       
557        1075       
557        1091       
558        1075       
558        1092       
559        1076       
559        1092       
560        1076       
560        1093       
561        1077       
561        1093       
562        1077       
562        1094       
563        1078       
563        1094       
564        1078       
564        1095       
565        1079       
565        1095       
566        1079       
566        1096       
567        1080       
567        1096       
568        1080       
568        1097       
569        1081       
569        1097       
570        1081       
570        1098       
571        1082       
571        1098       
572        1082       
572        1099       
573        1083       
573        1099       
574        1083       
574        1100       
575        1084       
575        1100       
576        1084       
576        1101       
577        1085       
577        1101       
578        1085       
578        1102       
579        1086       
579        1102       
580        1086       
580        1103       
581        1087       
581        1103       
582        1087       
582        1088       
583        1088       
583        1119       
584        1089       
584        1104       
585        1090       
585        1105       
586        1091       
586        1106       
587        1092       
587        1107       
588        1093       
588        1108       
589        1094       
589        1109       
590        1095       
590        1110       
591        1096       
591        1111       
592        1097       
592        1112       
593        1098       
593        1113       
594        1099       
594        1114       
595        1100       
595        1115       
596        1101       
596        1116       
597        1102       
597        1117       
598        1103       
598        1118       
599        1104       
599        1120       
600        1104       
600        1121       
601        1105       
601        1121       
602        1105       
602        1122       
603        1106       
603        1122       
604        1106       
604        1123       
605        1107       
605        1123       
606        1107       
606        1124       
607        1108       
607        1124       
608        1108       
608        1125       
609        1109       
609        1125       
610        1109       
610        1126       
611        1110       
611        1126       
612        1110       
612        1127       
613        1111       
613        1127       
614        1111       
614        1128       
615        1112       
615        1128       
616        1112       
616        1129       
617        1113       
617        1129       
618        1113       
618        1130       
619        1114       
619        1130       
620        1114       
620        1131       
621        1115       
621        1131       
622        1115       
622        1132       
623        1116       
623        1132       
624        1116       
624        1133       
625        1117       
625        1133       
626        1117       
626        1134       
627        1118       
627        1134       
628        1118       
628        1135       
629        1119       
629        1135       
630        1119       
630        1120       
631        1120       
631        1136       
632        1121       
632        1137       
633        1122       
633        1138       
634        1123       
634        1139       
635        1124       
635        1140       
636        1125       
636        1141       
637        1126       
637        1142       
638        1127       
638        1143       
639        1128       
639        1144       
640        1129       
640        1145       
641        1130       
641        1146       
642        1131       
642        1147       
643        1132       
643        1148       
644        1133       
644        1149       
645        1134       
645        1150       
646        1135       
646        1151       
647        1136       
647        1137       
648        1136       
648        1151       
649        1137       
649        1152       
650        1138       
650        1152       
651        1138       
651        1153       
652        1139       
652        1153       
653        1139       
653        1154       
654        1140       
654        1154       
655        1140       
655        1155       
656        1141       
656        1155       
657        1141       
657        1156       
658        1142       
658        1156       
659        1142       
659        1157       
660        1143       
660        1157       
661        1143       
661        1158       
662        1144       
662        1158       
663        1144       
663        1159       
664        1145       
664        1159       
665        1145       
665        1160       
666        1146       
666        1160       
667        1146       
667        1161       
668        1147       
668        1161       
669        1147       
669        1162       
670        1148       
670        1162       
671        1148       
671        1163       
672        1149       
672        1163       
673        1149       
673        1164       
674        1150       
674        1164       
675        1150       
675        1165       
676        1151       
676        1165       
677        1152       
677        1178       
678        1153       
678        1166       
679        1154       
679        1167       
680        1155       
680        1168       
681        1156       
681        1169       
682        1157       
682        1170       
683        1158       
683        1171       
684        1159       
684        1172       
685        1160       
685        1173       
686        1161       
686        1174       
687        1162       
687        1175       
688        1163       
688        1176       
689        1164       
689        1177       
690        1165       
690        1190       
691        1166       
691        1179       
692        1166       
692        1178       
693        1167       
693        1180       
694        1167       
694        1179       
695        1168       
695        1181       
696        1168       
696        1180       
697        1169       
697        1182       
698        1169       
698        1181       
699        1170       
699        1183       
700        1170       
700        1182       
701        1171       
701        1184       
702        1171       
702        1183       
703        1172       
703        1185       
704        1172       
704        1184       
705        1173       
705        1186       
706        1173       
706        1185       
707        1174       
707        1187       
708        1174       
708        1186       
709        1175       
709        1188       
710        1175       
710        1187       
711        1176       
711        1189       
712        1176       
712        1188       
713        1177       
713        1190       
714        1177       
714        1189       
1          2          
1          3          
2          3          
4          5          
4          6          
5          6          
7          8          
7          9          
8          9          
10         11         
10         12         
11         12         
13         14         
13         15         
14         15         
16         17         
16         18         
17         18         
19         20         
19         21         
20         21         
22         23         
22         24         
23         24         
25         26         
25         27         
26         27         
28         29         
28         30         
29         30         
31         32         
31         33         
32         33         
1          34         
1          35         
34         35         
2          4          
2          36         
4          36         
5          7          
5          37         
7          37         
8          10         
8          38         
10         38         
11         13         
11         39         
13         39         
14         16         
14         40         
16         40         
17         19         
17         41         
19         41         
20         22         
20         42         
22         42         
23         25         
23         43         
25         43         
26         28         
26         44         
28         44         
29         31         
29         45         
31         45         
32         46         
32         47         
46         47         
34         48         
34         49         
48         49         
36         50         
36         51         
50         51         
37         52         
37         53         
52         53         
38         54         
38         55         
54         55         
39         56         
39         57         
56         57         
40         58         
40         59         
58         59         
41         60         
41         61         
60         61         
42         62         
42         63         
62         63         
43         64         
43         65         
64         65         
44         66         
44         67         
66         67         
45         68         
45         69         
68         69         
46         70         
46         71         
70         71         
48         50         
48         72         
50         72         
51         52         
51         73         
52         73         
53         54         
53         74         
54         74         
55         56         
55         75         
56         75         
57         58         
57         76         
58         76         
59         60         
59         77         
60         77         
61         62         
61         78         
62         78         
63         64         
63         79         
64         79         
65         66         
65         80         
66         80         
67         68         
67         81         
68         81         
69         70         
69         82         
70         82         
49         83         
49         84         
83         84         
72         85         
72         86         
85         86         
73         87         
73         88         
87         88         
74         89         
74         90         
89         90         
75         91         
75         92         
91         92         
76         93         
76         94         
93         94         
77         95         
77         96         
95         96         
78         97         
78         98         
97         98         
79         99         
79         100        
99         100        
80         101        
80         102        
101        102        
81         103        
81         104        
103        104        
82         105        
82         106        
105        106        
71         107        
71         108        
107        108        
83         85         
83         109        
85         109        
86         87         
86         110        
87         110        
88         89         
88         111        
89         111        
90         91         
90         112        
91         112        
92         93         
92         113        
93         113        
94         95         
94         114        
95         114        
96         97         
96         115        
97         115        
98         99         
98         116        
99         116        
100        101        
100        117        
101        117        
102        103        
102        118        
103        118        
104        105        
104        119        
105        119        
106        107        
106        120        
107        120        
84         121        
84         122        
121        122        
109        123        
109        124        
123        124        
110        125        
110        126        
125        126        
111        127        
111        128        
127        128        
112        129        
112        130        
129        130        
113        131        
113        132        
131        132        
114        133        
114        134        
133        134        
115        135        
115        136        
135        136        
116        137        
116        138        
137        138        
117        139        
117        140        
139        140        
118        141        
118        142        
141        142        
119        143        
119        144        
143        144        
120        145        
120        146        
145        146        
108        147        
108        148        
147        148        
149        150        
149        151        
150        151        
121        151        
121        152        
151        152        
122        123        
122        153        
123        153        
124        125        
124        154        
125        154        
126        127        
126        155        
127        155        
128        129        
128        156        
129        156        
130        131        
130        157        
131        157        
132        133        
132        158        
133        158        
134        135        
134        159        
135        159        
136        137        
136        160        
137        160        
138        139        
138        161        
139        161        
140        141        
140        162        
141        162        
142        143        
142        163        
143        163        
144        145        
144        164        
145        164        
146        147        
146        165        
147        165        
148        150        
148        166        
150        166        
149        167        
149        168        
167        168        
152        169        
152        170        
169        170        
153        171        
153        172        
171        172        
154        173        
154        174        
173        174        
155        175        
155        176        
175        176        
156        177        
156        178        
177        178        
157        179        
157        180        
179        180        
158        181        
158        182        
181        182        
159        183        
159        184        
183        184        
160        185        
160        186        
185        186        
161        187        
161        188        
187        188        
162        189        
162        190        
189        190        
163        191        
163        192        
191        192        
164        193        
164        194        
193        194        
165        195        
165        196        
195        196        
166        197        
166        198        
197        198        
167        198        
167        199        
198        199        
168        169        
168        200        
169        200        
170        171        
170        201        
171        201        
172        173        
172        202        
173        202        
174        175        
174        203        
175        203        
176        177        
176        204        
177        204        
178        179        
178        205        
179        205        
180        181        
180        206        
181        206        
182        183        
182        207        
183        207        
184        185        
184        208        
185        208        
186        187        
186        209        
187        209        
188        189        
188        210        
189        210        
190        191        
190        211        
191        211        
192        193        
192        212        
193        212        
194        195        
194        213        
195        213        
196        197        
196        214        
197        214        
200        215        
200        216        
215        216        
201        217        
201        218        
217        218        
202        219        
202        220        
219        220        
203        221        
203        222        
221        222        
204        223        
204        224        
223        224        
205        225        
205        226        
225        226        
206        227        
206        228        
227        228        
207        229        
207        230        
229        230        
208        231        
208        232        
231        232        
209        233        
209        234        
233        234        
210        235        
210        236        
235        236        
211        237        
211        238        
237        238        
212        239        
212        240        
239        240        
213        241        
213        242        
241        242        
214        243        
214        244        
243        244        
199        245        
199        246        
245        246        
215        246        
215        247        
246        247        
216        217        
216        248        
217        248        
218        219        
218        249        
219        249        
220        221        
220        250        
221        250        
222        223        
222        251        
223        251        
224        225        
224        252        
225        252        
226        227        
226        253        
227        253        
228        229        
228        254        
229        254        
230        231        
230        255        
231        255        
232        233        
232        256        
233        256        
234        235        
234        257        
235        257        
236        237        
236        258        
237        258        
238        239        
238        259        
239        259        
240        241        
240        260        
241        260        
242        243        
242        261        
243        261        
244        245        
244        262        
245        262        
247        263        
247        264        
263        264        
248        265        
248        266        
265        266        
249        267        
249        268        
267        268        
250        269        
250        270        
269        270        
251        271        
251        272        
271        272        
252        273        
252        274        
273        274        
253        275        
253        276        
275        276        
254        277        
254        278        
277        278        
255        279        
255        280        
279        280        
256        281        
256        282        
281        282        
257        283        
257        284        
283        284        
258        285        
258        286        
285        286        
259        287        
259        288        
287        288        
260        289        
260        290        
289        290        
261        291        
261        292        
291        292        
262        293        
262        294        
293        294        
263        294        
263        295        
294        295        
264        265        
264        296        
265        296        
266        267        
266        297        
267        297        
268        269        
268        298        
269        298        
270        271        
270        299        
271        299        
272        273        
272        300        
273        300        
274        275        
274        301        
275        301        
276        277        
276        302        
277        302        
278        279        
278        303        
279        303        
280        281        
280        304        
281        304        
282        283        
282        305        
283        305        
284        285        
284        306        
285        306        
286        287        
286        307        
287        307        
288        289        
288        308        
289        308        
290        291        
290        309        
291        309        
292        293        
292        310        
293        310        
296        311        
296        312        
311        312        
297        313        
297        314        
313        314        
298        315        
298        316        
315        316        
299        317        
299        318        
317        318        
300        319        
300        320        
319        320        
301        321        
301        322        
321        322        
302        323        
302        324        
323        324        
303        325        
303        326        
325        326        
304        327        
304        328        
327        328        
305        329        
305        330        
329        330        
306        331        
306        332        
331        332        
307        333        
307        334        
333        334        
308        335        
308        336        
335        336        
309        337        
309        338        
337        338        
310        339        
310        340        
339        340        
295        341        
295        342        
341        342        
311        342        
311        343        
342        343        
312        313        
312        344        
313        344        
314        315        
314        345        
315        345        
316        317        
316        346        
317        346        
318        319        
318        347        
319        347        
320        321        
320        348        
321        348        
322        323        
322        349        
323        349        
324        325        
324        350        
325        350        
326        327        
326        351        
327        351        
328        329        
328        352        
329        352        
330        331        
330        353        
331        353        
332        333        
332        354        
333        354        
334        335        
334        355        
335        355        
336        337        
336        356        
337        356        
338        339        
338        357        
339        357        
340        341        
340        358        
341        358        
343        359        
343        360        
359        360        
344        361        
344        362        
361        362        
345        363        
345        364        
363        364        
346        365        
346        366        
365        366        
347        367        
347        368        
367        368        
348        369        
348        370        
369        370        
349        371        
349        372        
371        372        
350        373        
350        374        
373        374        
351        375        
351        376        
375        376        
352        377        
352        378        
377        378        
353        379        
353        380        
379        380        
354        381        
354        382        
381        382        
355        383        
355        384        
383        384        
356        385        
356        386        
385        386        
357        387        
357        388        
387        388        
358        389        
358        390        
389        390        
359        390        
359        391        
390        391        
360        361        
360        392        
361        392        
362        363        
362        393        
363        393        
364        365        
364        394        
365        394        
366        367        
366        395        
367        395        
368        369        
368        396        
369        396        
370        371        
370        397        
371        397        
372        373        
372        398        
373        398        
374        375        
374        399        
375        399        
376        377        
376        400        
377        400        
378        379        
378        401        
379        401        
380        381        
380        402        
381        402        
382        383        
382        403        
383        403        
384        385        
384        404        
385        404        
386        387        
386        405        
387        405        
388        389        
388        406        
389        406        
392        407        
392        408        
407        408        
393        409        
393        410        
409        410        
394        411        
394        412        
411        412        
395        413        
395        414        
413        414        
396        415        
396        416        
415        416        
397        417        
397        418        
417        418        
398        419        
398        420        
419        420        
399        421        
399        422        
421        422        
400        423        
400        424        
423        424        
401        425        
401        426        
425        426        
402        427        
402        428        
427        428        
403        429        
403        430        
429        430        
404        431        
404        432        
431        432        
405        433        
405        434        
433        434        
406        435        
406        436        
435        436        
391        437        
391        438        
437        438        
407        438        
407        439        
438        439        
408        409        
408        440        
409        440        
410        411        
410        441        
411        441        
412        413        
412        442        
413        442        
414        415        
414        443        
415        443        
416        417        
416        444        
417        444        
418        419        
418        445        
419        445        
420        421        
420        446        
421        446        
422        423        
422        447        
423        447        
424        425        
424        448        
425        448        
426        427        
426        449        
427        449        
428        429        
428        450        
429        450        
430        431        
430        451        
431        451        
432        433        
432        452        
433        452        
434        435        
434        453        
435        453        
436        437        
436        454        
437        454        
439        455        
439        456        
455        456        
440        457        
440        458        
457        458        
441        459        
441        460        
459        460        
442        461        
442        462        
461        462        
443        463        
443        464        
463        464        
444        465        
444        466        
465        466        
445        467        
445        468        
467        468        
446        469        
446        470        
469        470        
447        471        
447        472        
471        472        
448        473        
448        474        
473        474        
449        475        
449        476        
475        476        
450        477        
450        478        
477        478        
451        479        
451        480        
479        480        
452        481        
452        482        
481        482        
453        483        
453        484        
483        484        
454        485        
454        486        
485        486        
455        486        
455        487        
486        487        
456        457        
456        488        
457        488        
458        459        
458        489        
459        489        
460        461        
460        490        
461        490        
462        463        
462        491        
463        491        
464        465        
464        492        
465        492        
466        467        
466        493        
467        493        
468        469        
468        494        
469        494        
470        471        
470        495        
471        495        
472        473        
472        496        
473        496        
474        475        
474        497        
475        497        
476        477        
476        498        
477        498        
478        479        
478        499        
479        499        
480        481        
480        500        
481        500        
482        483        
482        501        
483        501        
484        485        
484        502        
485        502        
488        503        
488        504        
503        504        
489        505        
489        506        
505        506        
490        507        
490        508        
507        508        
491        509        
491        510        
509        510        
492        511        
492        512        
511        512        
493        513        
493        514        
513        514        
494        515        
494        516        
515        516        
495        517        
495        518        
517        518        
496        519        
496        520        
519        520        
497        521        
497        522        
521        522        
498        523        
498        524        
523        524        
499        525        
499        526        
525        526        
500        527        
500        528        
527        528        
501        529        
501        530        
529        530        
502        531        
502        532        
531        532        
487        533        
487        534        
533        534        
503        534        
503        535        
534        535        
504        505        
504        536        
505        536        
506        507        
506        537        
507        537        
508        509        
508        538        
509        538        
510        511        
510        539        
511        539        
512        513        
512        540        
513        540        
514        515        
514        541        
515        541        
516        517        
516        542        
517        542        
518        519        
518        543        
519        543        
520        521        
520        544        
521        544        
522        523        
522        545        
523        545        
524        525        
524        546        
525        546        
526        527        
526        547        
527        547        
528        529        
528        548        
529        548        
530        531        
530        549        
531        549        
532        533        
532        550        
533        550        
535        551        
535        552        
551        552        
536        553        
536        554        
553        554        
537        555        
537        556        
555        556        
538        557        
538        558        
557        558        
539        559        
539        560        
559        560        
540        561        
540        562        
561        562        
541        563        
541        564        
563        564        
542        565        
542        566        
565        566        
543        567        
543        568        
567        568        
544        569        
544        570        
569        570        
545        571        
545        572        
571        572        
546        573        
546        574        
573        574        
547        575        
547        576        
575        576        
548        577        
548        578        
577        578        
549        579        
549        580        
579        580        
550        581        
550        582        
581        582        
551        582        
551        583        
582        583        
552        553        
552        584        
553        584        
554        555        
554        585        
555        585        
556        557        
556        586        
557        586        
558        559        
558        587        
559        587        
560        561        
560        588        
561        588        
562        563        
562        589        
563        589        
564        565        
564        590        
565        590        
566        567        
566        591        
567        591        
568        569        
568        592        
569        592        
570        571        
570        593        
571        593        
572        573        
572        594        
573        594        
574        575        
574        595        
575        595        
576        577        
576        596        
577        596        
578        579        
578        597        
579        597        
580        581        
580        598        
581        598        
584        599        
584        600        
599        600        
585        601        
585        602        
601        602        
586        603        
586        604        
603        604        
587        605        
587        606        
605        606        
588        607        
588        608        
607        608        
589        609        
589        610        
609        610        
590        611        
590        612        
611        612        
591        613        
591        614        
613        614        
592        615        
592        616        
615        616        
593        617        
593        618        
617        618        
594        619        
594        620        
619        620        
595        621        
595        622        
621        622        
596        623        
596        624        
623        624        
597        625        
597        626        
625        626        
598        627        
598        628        
627        628        
583        629        
583        630        
629        630        
599        630        
599        631        
630        631        
600        601        
600        632        
601        632        
602        603        
602        633        
603        633        
604        605        
604        634        
605        634        
606        607        
606        635        
607        635        
608        609        
608        636        
609        636        
610        611        
610        637        
611        637        
612        613        
612        638        
613        638        
614        615        
614        639        
615        639        
616        617        
616        640        
617        640        
618        619        
618        641        
619        641        
620        621        
620        642        
621        642        
622        623        
622        643        
623        643        
624        625        
624        644        
625        644        
626        627        
626        645        
627        645        
628        629        
628        646        
629        646        
631        647        
631        648        
647        648        
632        647        
632        649        
647        649        
633        650        
633        651        
650        651        
634        652        
634        653        
652        653        
635        654        
635        655        
654        655        
636        656        
636        657        
656        657        
637        658        
637        659        
658        659        
638        660        
638        661        
660        661        
639        662        
639        663        
662        663        
640        664        
640        665        
664        665        
641        666        
641        667        
666        667        
642        668        
642        669        
668        669        
643        670        
643        671        
670        671        
644        672        
644        673        
672        673        
645        674        
645        675        
674        675        
646        648        
646        676        
648        676        
649        650        
649        677        
650        677        
651        652        
651        678        
652        678        
653        654        
653        679        
654        679        
655        656        
655        680        
656        680        
657        658        
657        681        
658        681        
659        660        
659        682        
660        682        
661        662        
661        683        
662        683        
663        664        
663        684        
664        684        
665        666        
665        685        
666        685        
667        668        
667        686        
668        686        
669        670        
669        687        
670        687        
671        672        
671        688        
672        688        
673        674        
673        689        
674        689        
675        676        
675        690        
676        690        
678        691        
678        692        
691        692        
679        693        
679        694        
693        694        
680        695        
680        696        
695        696        
681        697        
681        698        
697        698        
682        699        
682        700        
699        700        
683        701        
683        702        
701        702        
684        703        
684        704        
703        704        
685        705        
685        706        
705        706        
686        707        
686        708        
707        708        
687        709        
687        710        
709        710        
688        711        
688        712        
711        712        
689        713        
689        714        
713        714        
35         677        
35         692        
677        692        
3          691        
3          694        
691        694        
6          693        
6          696        
693        696        
9          695        
9          698        
695        698        
12         697        
12         700        
697        700        
15         699        
15         702        
699        702        
18         701        
18         704        
701        704        
21         703        
21         706        
703        706        
24         705        
24         708        
705        708        
27         707        
27         710        
707        710        
30         709        
30         712        
709        712        
33         711        
33         714        
711        714        
47         690        
47         713        
690        713        
