1.005000   1.000000   1.000000   9.571047                  
1.004990   1.000314   1.000000   9.560028                  
1.004961   1.000627   1.000000   9.549754                  
1.004911   1.000937   1.000000   9.540263                  
1.004843   1.001243   1.000000   9.531586                  
1.004755   1.001545   1.000000   9.523773                  
1.004649   1.001841   1.000000   9.516847                  
1.004524   1.002129   1.000000   9.510835                  
1.004382   1.002409   1.000000   9.505749                  
1.004222   1.002679   1.000000   9.501637                  
1.004045   1.002939   1.000000   9.498489                  
1.003853   1.003187   1.000000   9.496323                  
1.003645   1.003423   1.000000   9.495135                  
1.003423   1.003645   1.000000   9.494598                  
1.003187   1.003853   1.000000   9.495142                  
1.002939   1.004045   1.000000   9.497054                  
1.002679   1.004222   1.000000   9.499908                  
1.002409   1.004382   1.000000   9.503712                  
1.002129   1.004524   1.000000   9.508475                  
1.001841   1.004649   1.000000   9.514164                  
1.001545   1.004755   1.000000   9.520775                  
1.001243   1.004843   1.000000   9.528281                  
1.000937   1.004911   1.000000   9.536654                  
1.000627   1.004961   1.000000   9.545857                  
1.000314   1.004990   1.000000   9.555853                  
1.000000   1.005000   1.000000   9.566606                  
0.999686   1.004990   1.000000   9.578082                  
0.999373   1.004961   1.000000   9.590219                  
0.999063   1.004911   1.000000   9.602988                  
0.998757   1.004843   1.000000   9.616320                  
0.998455   1.004755   1.000000   9.630173                  
0.998159   1.004649   1.000000   9.644493                  
0.997871   1.004524   1.000000   9.659233                  
0.997591   1.004382   1.000000   9.674316                  
0.997321   1.004222   1.000000   9.689693                  
0.997061   1.004045   1.000000   9.705292                  
0.996813   1.003853   1.000000   9.721073                  
0.996577   1.003645   1.000000   9.736953                  
0.996355   1.003423   1.000000   9.752880                  
0.996147   1.003187   1.000000   9.768791                  
0.995955   1.002939   1.000000   9.784623                  
0.995778   1.002679   1.000000   9.800313                  
0.995618   1.002409   1.000000   9.815791                  
0.995476   1.002129   1.000000   9.831013                  
0.995351   1.001841   1.000000   9.845900                  
0.995245   1.001545   1.000000   9.860404                  
0.995157   1.001243   1.000000   9.874465                  
0.995089   1.000937   1.000000   9.888030                  
0.995039   1.000627   1.000000   9.901042                  
0.995010   1.000314   1.000000   9.913451                  
0.995000   1.000000   1.000000   9.925206                  
0.995010   0.999686   1.000000   9.936260                  
0.995039   0.999373   1.000000   9.946569                  
0.995089   0.999063   1.000000   9.956099                  
0.995157   0.998757   1.000000   9.964801                  
0.995245   0.998455   1.000000   9.972647                  
0.995351   0.998159   1.000000   9.979601                  
0.995476   0.997871   1.000000   9.985637                  
0.995618   0.997591   1.000000   9.990727                  
0.995778   0.997321   1.000000   9.994839                  
0.995955   0.997061   1.000000   9.997944                  
0.996147   0.996813   1.000000   10.000263                 
0.996355   0.996577   1.000000   10.001556                 
0.996577   0.996355   1.000000   10.002134                 
0.996813   0.996147   1.000000   10.001349                 
0.997061   0.995955   1.000000   9.999516                  
0.997321   0.995778   1.000000   9.996699                  
0.997591   0.995618   1.000000   9.992897                  
0.997871   0.995476   1.000000   9.988126                  
0.998159   0.995351   1.000000   9.982418                  
0.998455   0.995245   1.000000   9.975777                  
0.998757   0.995157   1.000000   9.968249                  
0.999063   0.995089   1.000000   9.959844                  
0.999373   0.995039   1.000000   9.950605                  
0.999686   0.995010   1.000000   9.940578                  
1.000000   0.995000   1.000000   9.929783                  
1.000314   0.995010   1.000000   9.918272                  
1.000627   0.995039   1.000000   9.906091                  
1.000937   0.995089   1.000000   9.893287                  
1.001243   0.995157   1.000000   9.879922                  
1.001545   0.995245   1.000000   9.866029                  
1.001841   0.995351   1.000000   9.851672                  
1.002129   0.995476   1.000000   9.836908                  
1.002409   0.995618   1.000000   9.821796                  
1.002679   0.995778   1.000000   9.806396                  
1.002939   0.995955   1.000000   9.790768                  
1.003187   0.996147   1.000000   9.774974                  
1.003423   0.996355   1.000000   9.759087                  
1.003645   0.996577   1.000000   9.743149                  
1.003853   0.996813   1.000000   9.727234                  
1.004045   0.997061   1.000000   9.711405                  
1.004222   0.997321   1.000000   9.695723                  
1.004382   0.997591   1.000000   9.680251                  
1.004524   0.997871   1.000000   9.665050                  
1.004649   0.998159   1.000000   9.650179                  
1.004755   0.998455   1.000000   9.635697                  
1.004843   0.998757   1.000000   9.621662                  
1.004911   0.999063   1.000000   9.608128                  
1.004961   0.999373   1.000000   9.595149                  
1.004990   0.999686   1.000000   9.582766                  
1.010000   1.000000   1.000000   9.443278                  
1.009980   1.000628   1.000000   9.421278                  
1.009921   1.001253   1.000000   9.400764                  
1.009823   1.001874   1.000000   9.381826                  
1.009686   1.002487   1.000000   9.364517                  
1.009511   1.003090   1.000000   9.348916                  
1.009298   1.003681   1.000000   9.335093                  
1.009048   1.004258   1.000000   9.323084                  
1.008763   1.004818   1.000000   9.312954                  
1.008443   1.005358   1.000000   9.304725                  
1.008090   1.005878   1.000000   9.298448                  
1.007705   1.006374   1.000000   9.294131                  
1.007290   1.006845   1.000000   9.291798                  
1.006845   1.007290   1.000000   9.290781                  
1.006374   1.007705   1.000000   9.292617                  
1.005878   1.008090   1.000000   9.296293                  
1.005358   1.008443   1.000000   9.301903                  
1.004818   1.008763   1.000000   9.309455                  
1.004258   1.009048   1.000000   9.318914                  
1.003681   1.009298   1.000000   9.330264                  
1.003090   1.009511   1.000000   9.343455                  
1.002487   1.009686   1.000000   9.358422                  
1.001874   1.009823   1.000000   9.375136                  
1.001253   1.009921   1.000000   9.393505                  
1.000628   1.009980   1.000000   9.413468                  
1.000000   1.010000   1.000000   9.434947                  
0.999372   1.009980   1.000000   9.457859                  
0.998747   1.009921   1.000000   9.482115                  
0.998126   1.009823   1.000000   9.507620                  
0.997513   1.009686   1.000000   9.534274                  
0.996910   1.009511   1.000000   9.561964                  
0.996319   1.009298   1.000000   9.590602                  
0.995742   1.009048   1.000000   9.620119                  
0.995182   1.008763   1.000000   9.650335                  
0.994642   1.008443   1.000000   9.681136                  
0.994122   1.008090   1.000000   9.712391                  
0.993626   1.007705   1.000000   9.743990                  
0.993155   1.007290   1.000000   9.775789                  
0.992710   1.006845   1.000000   9.807677                  
0.992295   1.006374   1.000000   9.839516                  
0.991910   1.005878   1.000000   9.871194                  
0.991557   1.005358   1.000000   9.902563                  
0.991237   1.004818   1.000000   9.933516                  
0.990952   1.004258   1.000000   9.963920                  
0.990702   1.003681   1.000000   9.993663                  
0.990489   1.003090   1.000000   10.022620                 
0.990314   1.002487   1.000000   10.050691                 
0.990177   1.001874   1.000000   10.077761                 
0.990079   1.001253   1.000000   10.103733                 
0.990020   1.000628   1.000000   10.128553                 
0.990000   1.000000   1.000000   10.152094                 
0.990020   0.999372   1.000000   10.174231                 
0.990079   0.998747   1.000000   10.194884                 
0.990177   0.998126   1.000000   10.213975                 
0.990314   0.997513   1.000000   10.231418                 
0.990489   0.996910   1.000000   10.247155                 
0.990702   0.996319   1.000000   10.261108                 
0.990952   0.995742   1.000000   10.273228                 
0.991237   0.995182   1.000000   10.283464                 
0.991557   0.994642   1.000000   10.291777                 
0.991910   0.994122   1.000000   10.298103                 
0.992295   0.993626   1.000000   10.302398                 
0.992710   0.993155   1.000000   10.305059                 
0.993155   0.992710   1.000000   10.305848                 
0.993626   0.992295   1.000000   10.304203                 
0.994122   0.991910   1.000000   10.300532                 
0.994642   0.991557   1.000000   10.294895                 
0.995182   0.991237   1.000000   10.287289                 
0.995742   0.990952   1.000000   10.277756                 
0.996319   0.990702   1.000000   10.266319                 
0.996910   0.990489   1.000000   10.253032                 
0.997513   0.990314   1.000000   10.237945                 
0.998126   0.990177   1.000000   10.221127                 
0.998747   0.990079   1.000000   10.202624                 
0.999372   0.990020   1.000000   10.182518                 
1.000000   0.990000   1.000000   10.160900                 
1.000628   0.990020   1.000000   10.137845                 
1.001253   0.990079   1.000000   10.113435                 
1.001874   0.990177   1.000000   10.087789                 
1.002487   0.990314   1.000000   10.060997                 
1.003090   0.990489   1.000000   10.033178                 
1.003681   0.990702   1.000000   10.004422                 
1.004258   0.990952   1.000000   9.974856                  
1.004818   0.991237   1.000000   9.944596                  
1.005358   0.991557   1.000000   9.913764                  
1.005878   0.991910   1.000000   9.882483                  
1.006374   0.992295   1.000000   9.850877                  
1.006845   0.992710   1.000000   9.819061                  
1.007290   0.993155   1.000000   9.787183                  
1.007705   0.993626   1.000000   9.755347                  
1.008090   0.994122   1.000000   9.723690                  
1.008443   0.994642   1.000000   9.692336                  
1.008763   0.995182   1.000000   9.661409                  
1.009048   0.995742   1.000000   9.631021                  
1.009298   0.996319   1.000000   9.601310                  
1.009511   0.996910   1.000000   9.572373                  
1.009686   0.997513   1.000000   9.544333                  
1.009823   0.998126   1.000000   9.517299                  
1.009921   0.998747   1.000000   9.491378                  
1.009980   0.999372   1.000000   9.466678                  
1.011845   1.007290   1.000000   9.176289                  
1.011836   1.007604   1.000000   9.168239                  
1.011806   1.007916   1.000000   9.160742                  
1.011757   1.008227   1.000000   9.153826                  
1.011688   1.008533   1.000000   9.147518                  
1.011601   1.008835   1.000000   9.141833                  
1.011494   1.009130   1.000000   9.136813                  
1.011370   1.009419   1.000000   9.132467                  
1.011227   1.009698   1.000000   9.128820                  
1.011067   1.009969   1.000000   9.125872                  
1.010891   1.010229   1.000000   9.123640                  
1.010698   1.010477   1.000000   9.122125                  
1.010490   1.010712   1.000000   9.120738                  
1.010268   1.010935   1.000000   9.120764                  
1.010033   1.011142   1.000000   9.121536                  
1.009784   1.011335   1.000000   9.122997                  
1.009525   1.011511   1.000000   9.125170                  
1.009254   1.011671   1.000000   9.128049                  
1.008974   1.011814   1.000000   9.131624                  
1.008686   1.011939   1.000000   9.135896                  
1.008391   1.012045   1.000000   9.140838                  
1.008089   1.012133   1.000000   9.146440                  
1.007782   1.012201   1.000000   9.152674                  
1.007472   1.012250   1.000000   9.159525                  
1.007159   1.012280   1.000000   9.166950                  
1.006845   1.012290   1.000000   9.174930                  
1.006532   1.012280   1.000000   9.183441                  
1.006219   1.012250   1.000000   9.192434                  
1.005909   1.012201   1.000000   9.201892                  
1.005602   1.012133   1.000000   9.211758                  
1.005300   1.012045   1.000000   9.222005                  
1.005005   1.011939   1.000000   9.232590                  
1.004717   1.011814   1.000000   9.243482                  
1.004437   1.011671   1.000000   9.254611                  
1.004166   1.011511   1.000000   9.265961                  
1.003907   1.011335   1.000000   9.277478                  
1.003658   1.011142   1.000000   9.289108                  
1.003423   1.010935   1.000000   9.300823                  
1.003201   1.010712   1.000000   9.312559                  
1.002993   1.010477   1.000000   9.324279                  
1.002800   1.010229   1.000000   9.335936                  
1.002624   1.009969   1.000000   9.347476                  
1.002464   1.009698   1.000000   9.358870                  
1.002321   1.009419   1.000000   9.370056                  
1.002197   1.009130   1.000000   9.380999                  
1.002090   1.008835   1.000000   9.391654                  
1.002003   1.008533   1.000000   9.401979                  
1.001934   1.008227   1.000000   9.411935                  
1.001885   1.007916   1.000000   9.421470                  
1.001855   1.007604   1.000000   9.430567                  
1.001845   1.007290   1.000000   9.439179                  
1.001855   1.006976   1.000000   9.447262                  
1.001885   1.006663   1.000000   9.454803                  
1.001934   1.006353   1.000000   9.461760                  
1.002003   1.006046   1.000000   9.468106                  
1.002090   1.005745   1.000000   9.473822                  
1.002197   1.005449   1.000000   9.478875                  
1.002321   1.005161   1.000000   9.483249                  
1.002464   1.004881   1.000000   9.486921                  
1.002624   1.004611   1.000000   9.489884                  
1.002800   1.004351   1.000000   9.492113                  
1.002993   1.004103   1.000000   9.493586                  
1.003201   1.003867   1.000000   9.494275                  
1.003423   1.003645   1.000000   9.494605                  
1.003658   1.003437   1.000000   9.494265                  
1.003907   1.003245   1.000000   9.492849                  
1.004166   1.003068   1.000000   9.490687                  
1.004437   1.002908   1.000000   9.487799                  
1.004717   1.002766   1.000000   9.484201                  
1.005005   1.002641   1.000000   9.479904                  
1.005300   1.002534   1.000000   9.474927                  
1.005602   1.002447   1.000000   9.469299                  
1.005909   1.002378   1.000000   9.463026                  
1.006219   1.002329   1.000000   9.456140                  
1.006532   1.002300   1.000000   9.448679                  
1.006845   1.002290   1.000000   9.440653                  
1.007159   1.002300   1.000000   9.432103                  
1.007472   1.002329   1.000000   9.423073                  
1.007782   1.002378   1.000000   9.413579                  
1.008089   1.002447   1.000000   9.403669                  
1.008391   1.002534   1.000000   9.393382                  
1.008686   1.002641   1.000000   9.382767                  
1.008974   1.002766   1.000000   9.371849                  
1.009254   1.002908   1.000000   9.360681                  
1.009525   1.003068   1.000000   9.349305                  
1.009784   1.003245   1.000000   9.337777                  
1.010033   1.003437   1.000000   9.326124                  
1.010268   1.003645   1.000000   9.314402                  
1.010490   1.003867   1.000000   9.302656                  
1.010698   1.004103   1.000000   9.290932                  
1.010891   1.004351   1.000000   9.279279                  
1.011067   1.004611   1.000000   9.267749                  
1.011227   1.004881   1.000000   9.256371                  
1.011370   1.005161   1.000000   9.245199                  
1.011494   1.005449   1.000000   9.234277                  
1.011601   1.005745   1.000000   9.223647                  
1.011688   1.006046   1.000000   9.213351                  
1.011757   1.006353   1.000000   9.203430                  
1.011806   1.006663   1.000000   9.193914                  
1.011836   1.006976   1.000000   9.184858                  
1.016845   1.007290   1.000000   9.094139                  
1.016826   1.007918   1.000000   9.078082                  
1.016767   1.008543   1.000000   9.063127                  
1.016668   1.009163   1.000000   9.049333                  
1.016531   1.009777   1.000000   9.036752                  
1.016356   1.010380   1.000000   9.025433                  
1.016143   1.010971   1.000000   9.015430                  
1.015894   1.011547   1.000000   9.006762                  
1.015609   1.012107   1.000000   8.999474                  
1.015289   1.012648   1.000000   8.993602                  
1.014936   1.013168   1.000000   8.989157                  
1.014551   1.013664   1.000000   8.986162                  
1.014135   1.014135   1.000000   8.984248                  
1.013691   1.014579   1.000000   8.984085                  
1.013220   1.014995   1.000000   8.985532                  
1.012723   1.015380   1.000000   8.988393                  
1.012204   1.015733   1.000000   8.992685                  
1.011663   1.016053   1.000000   8.998410                  
1.011103   1.016338   1.000000   9.005534                  
1.010527   1.016587   1.000000   9.014043                  
1.009936   1.016800   1.000000   9.023907                  
1.009332   1.016976   1.000000   9.035072                  
1.008719   1.017113   1.000000   9.047514                  
1.008099   1.017211   1.000000   9.061177                  
1.007473   1.017270   1.000000   9.076008                  
1.006845   1.017290   1.000000   9.091940                  
1.006218   1.017270   1.000000   9.108930                  
1.005592   1.017211   1.000000   9.126894                  
1.004972   1.017113   1.000000   9.145772                  
1.004359   1.016976   1.000000   9.165487                  
1.003755   1.016800   1.000000   9.185961                  
1.003164   1.016587   1.000000   9.207109                  
1.002588   1.016338   1.000000   9.228866                  
1.002028   1.016053   1.000000   9.251129                  
1.001487   1.015733   1.000000   9.273819                  
1.000968   1.015380   1.000000   9.296870                  
1.000471   1.014995   1.000000   9.320161                  
1.000000   1.014579   1.000000   9.343607                  
0.999556   1.014135   1.000000   9.367098                  
0.999140   1.013664   1.000000   9.390542                  
0.998755   1.013168   1.000000   9.413860                  
0.998402   1.012648   1.000000   9.436944                  
0.998082   1.012107   1.000000   9.459705                  
0.997797   1.011547   1.000000   9.482069                  
0.997548   1.010971   1.000000   9.503931                  
0.997335   1.010380   1.000000   9.525236                  
0.997160   1.009777   1.000000   9.545897                  
0.997023   1.009163   1.000000   9.565821                  
0.996924   1.008543   1.000000   9.584929                  
0.996865   1.007918   1.000000   9.603135                  
0.996845   1.007290   1.000000   9.620376                  
0.996865   1.006662   1.000000   9.636582                  
0.996924   1.006036   1.000000   9.651689                  
0.997023   1.005416   1.000000   9.665634                  
0.997160   1.004803   1.000000   9.678361                  
0.997335   1.004200   1.000000   9.689818                  
0.997548   1.003608   1.000000   9.699966                  
0.997797   1.003032   1.000000   9.708752                  
0.998082   1.002472   1.000000   9.716145                  
0.998402   1.001931   1.000000   9.722113                  
0.998755   1.001412   1.000000   9.726628                  
0.999140   1.000915   1.000000   9.729655                  
0.999556   1.000444   1.000000   9.731117                  
1.000000   1.000000   1.000000   9.731398                  
1.000471   0.999585   1.000000   9.730489                  
1.000968   0.999200   1.000000   9.727615                  
1.001487   0.998846   1.000000   9.723271                  
1.002028   0.998527   1.000000   9.717489                  
1.002588   0.998241   1.000000   9.710286                  
1.003164   0.997992   1.000000   9.701689                  
1.003755   0.997779   1.000000   9.691719                  
1.004359   0.997604   1.000000   9.680436                  
1.004972   0.997467   1.000000   9.667863                  
1.005592   0.997369   1.000000   9.654070                  
1.006218   0.997309   1.000000   9.639100                  
1.006845   0.997290   1.000000   9.623015                  
1.007473   0.997309   1.000000   9.605878                  
1.008099   0.997369   1.000000   9.587758                  
1.008719   0.997467   1.000000   9.568727                  
1.009332   0.997604   1.000000   9.548872                  
1.009936   0.997779   1.000000   9.528253                  
1.010527   0.997992   1.000000   9.506972                  
1.011103   0.998241   1.000000   9.485096                  
1.011663   0.998527   1.000000   9.462732                  
1.012204   0.998846   1.000000   9.439949                  
1.012723   0.999200   1.000000   9.416849                  
1.013220   0.999585   1.000000   9.393524                  
1.013691   1.000000   1.000000   9.370067                  
1.014135   1.000444   1.000000   9.346561                  
1.014551   1.000915   1.000000   9.323119                  
1.014936   1.001412   1.000000   9.299814                  
1.015289   1.001931   1.000000   9.276748                  
1.015609   1.002472   1.000000   9.254010                  
1.015894   1.003032   1.000000   9.231682                  
1.016143   1.003608   1.000000   9.209868                  
1.016356   1.004200   1.000000   9.188636                  
1.016531   1.004803   1.000000   9.168078                  
1.016668   1.005416   1.000000   9.148273                  
1.016767   1.006036   1.000000   9.129307                  
1.016826   1.006662   1.000000   9.111236                  
1.018691   1.014579   1.000000   8.915028                  
1.018681   1.014893   1.000000   8.909947                  
1.018652   1.015206   1.000000   8.905226                  
1.018602   1.015516   1.000000   8.900882                  
1.018534   1.015823   1.000000   8.896934                  
1.018446   1.016124   1.000000   8.893387                  
1.018340   1.016420   1.000000   8.890280                  
1.018215   1.016708   1.000000   8.887600                  
1.018072   1.016988   1.000000   8.885370                  
1.017913   1.017259   1.000000   8.883592                  
1.017736   1.017518   1.000000   8.882270                  
1.017544   1.017766   1.000000   8.880858                  
1.017336   1.018002   1.000000   8.880583                  
1.017114   1.018224   1.000000   8.880737                  
1.016878   1.018432   1.000000   8.881331                  
1.016630   1.018624   1.000000   8.882370                  
1.016370   1.018801   1.000000   8.883871                  
1.016100   1.018961   1.000000   8.885833                  
1.015820   1.019104   1.000000   8.888238                  
1.015532   1.019228   1.000000   8.891088                  
1.015236   1.019335   1.000000   8.894374                  
1.014934   1.019422   1.000000   8.898068                  
1.014628   1.019491   1.000000   8.902173                  
1.014318   1.019540   1.000000   8.906658                  
1.014005   1.019570   1.000000   8.911521                  
1.013691   1.019579   1.000000   8.916727                  
1.013377   1.019570   1.000000   8.922274                  
1.013064   1.019540   1.000000   8.928132                  
1.012754   1.019491   1.000000   8.934268                  
1.012447   1.019422   1.000000   8.940668                  
1.012146   1.019335   1.000000   8.947306                  
1.011850   1.019228   1.000000   8.954158                  
1.011562   1.019104   1.000000   8.961195                  
1.011282   1.018961   1.000000   8.968391                  
1.011012   1.018801   1.000000   8.975718                  
1.010752   1.018624   1.000000   8.983137                  
1.010504   1.018432   1.000000   8.990638                  
1.010268   1.018224   1.000000   8.998173                  
1.010046   1.018002   1.000000   9.005721                  
1.009838   1.017766   1.000000   9.013243                  
1.009646   1.017518   1.000000   9.020728                  
1.009469   1.017259   1.000000   9.028129                  
1.009309   1.016988   1.000000   9.035433                  
1.009167   1.016708   1.000000   9.042595                  
1.009042   1.016420   1.000000   9.049593                  
1.008936   1.016124   1.000000   9.056393                  
1.008848   1.015823   1.000000   9.062984                  
1.008780   1.015516   1.000000   9.069332                  
1.008730   1.015206   1.000000   9.075401                  
1.008701   1.014893   1.000000   9.081186                  
1.008691   1.014579   1.000000   9.086645                  
1.008701   1.014265   1.000000   9.091766                  
1.008730   1.013953   1.000000   9.096536                  
1.008780   1.013642   1.000000   9.100918                  
1.008848   1.013336   1.000000   9.104912                  
1.008936   1.013034   1.000000   9.108483                  
1.009042   1.012739   1.000000   9.111633                  
1.009167   1.012450   1.000000   9.114349                  
1.009309   1.012171   1.000000   9.116606                  
1.009469   1.011900   1.000000   9.118410                  
1.009646   1.011640   1.000000   9.119736                  
1.009838   1.011392   1.000000   9.120579                  
1.010046   1.011157   1.000000   9.120931                  
1.010268   1.010935   1.000000   9.120764                  
1.010504   1.010727   1.000000   9.120133                  
1.010752   1.010534   1.000000   9.119703                  
1.011012   1.010358   1.000000   9.118202                  
1.011282   1.010198   1.000000   9.116228                  
1.011562   1.010055   1.000000   9.113795                  
1.011850   1.009930   1.000000   9.110919                  
1.012146   1.009824   1.000000   9.107606                  
1.012447   1.009736   1.000000   9.103871                  
1.012754   1.009668   1.000000   9.099728                  
1.013064   1.009619   1.000000   9.095205                  
1.013377   1.009589   1.000000   9.090300                  
1.013691   1.009579   1.000000   9.085052                  
1.014005   1.009589   1.000000   9.079462                  
1.014318   1.009619   1.000000   9.073563                  
1.014628   1.009668   1.000000   9.067387                  
1.014934   1.009736   1.000000   9.060941                  
1.015236   1.009824   1.000000   9.054268                  
1.015532   1.009930   1.000000   9.047376                  
1.015820   1.010055   1.000000   9.040312                  
1.016100   1.010198   1.000000   9.033086                  
1.016370   1.010358   1.000000   9.025734                  
1.016630   1.010534   1.000000   9.018296                  
1.016878   1.010727   1.000000   9.010783                  
1.017114   1.010935   1.000000   9.003233                  
1.017336   1.011157   1.000000   8.995686                  
1.017544   1.011392   1.000000   8.988153                  
1.017736   1.011640   1.000000   8.980674                  
1.017913   1.011900   1.000000   8.973277                  
1.018072   1.012171   1.000000   8.965992                  
1.018215   1.012450   1.000000   8.958848                  
1.018340   1.012739   1.000000   8.951872                  
1.018446   1.013034   1.000000   8.945092                  
1.018534   1.013336   1.000000   8.938535                  
1.018602   1.013642   1.000000   8.932226                  
1.018652   1.013953   1.000000   8.926189                  
1.018681   1.014265   1.000000   8.920450                  
1.023691   1.014579   1.000000   8.878484                  
1.023671   1.015207   1.000000   8.868367                  
1.023612   1.015833   1.000000   8.858968                  
1.023514   1.016453   1.000000   8.850324                  
1.023377   1.017066   1.000000   8.842468                  
1.023202   1.017670   1.000000   8.835429                  
1.022989   1.018261   1.000000   8.829234                  
1.022739   1.018837   1.000000   8.823907                  
1.022454   1.019397   1.000000   8.819477                  
1.022134   1.019938   1.000000   8.815942                  
1.021781   1.020457   1.000000   8.813338                  
1.021396   1.020954   1.000000   8.811656                  
1.020981   1.021425   1.000000   8.810432                  
1.020536   1.021869   1.000000   8.810737                  
1.020065   1.022285   1.000000   8.811887                  
1.019569   1.022670   1.000000   8.813950                  
1.019049   1.023023   1.000000   8.816928                  
1.018508   1.023342   1.000000   8.820816                  
1.017949   1.023628   1.000000   8.825607                  
1.017372   1.023877   1.000000   8.831285                  
1.016781   1.024090   1.000000   8.837812                  
1.016178   1.024265   1.000000   8.845182                  
1.015565   1.024402   1.000000   8.853349                  
1.014944   1.024501   1.000000   8.862301                  
1.014319   1.024560   1.000000   8.871995                  
1.013691   1.024579   1.000000   8.882385                  
1.013063   1.024560   1.000000   8.893440                  
1.012438   1.024501   1.000000   8.905118                  
1.011817   1.024402   1.000000   8.917372                  
1.011204   1.024265   1.000000   8.930156                  
1.010601   1.024090   1.000000   8.943412                  
1.010010   1.023877   1.000000   8.957097                  
1.009433   1.023628   1.000000   8.971157                  
1.008873   1.023342   1.000000   8.985528                  
1.008333   1.023023   1.000000   9.000164                  
1.007813   1.022670   1.000000   9.014998                  
1.007317   1.022285   1.000000   9.029980                  
1.006845   1.021869   1.000000   9.045043                  
1.006401   1.021425   1.000000   9.060137                  
1.005986   1.020954   1.000000   9.075201                  
1.005601   1.020457   1.000000   9.090168                  
1.005248   1.019938   1.000000   9.104987                  
1.004928   1.019397   1.000000   9.119590                  
1.004643   1.018837   1.000000   9.133929                  
1.004393   1.018261   1.000000   9.147937                  
1.004180   1.017670   1.000000   9.161567                  
1.004005   1.017066   1.000000   9.174765                  
1.003868   1.016453   1.000000   9.187471                  
1.003770   1.015833   1.000000   9.199642                  
1.003711   1.015207   1.000000   9.211229                  
1.003691   1.014579   1.000000   9.222177                  
1.003711   1.013951   1.000000   9.232451                  
1.003770   1.013326   1.000000   9.242008                  
1.003868   1.012706   1.000000   9.250811                  
1.004005   1.012092   1.000000   9.258822                  
1.004180   1.011489   1.000000   9.266009                  
1.004393   1.010898   1.000000   9.272340                  
1.004643   1.010322   1.000000   9.277798                  
1.004928   1.009762   1.000000   9.282348                  
1.005248   1.009221   1.000000   9.285975                  
1.005601   1.008702   1.000000   9.288670                  
1.005986   1.008205   1.000000   9.290402                  
1.006401   1.007734   1.000000   9.291144                  
1.006845   1.007290   1.000000   9.290781                  
1.007317   1.006874   1.000000   9.290323                  
1.007813   1.006489   1.000000   9.288237                  
1.008333   1.006136   1.000000   9.285209                  
1.008873   1.005816   1.000000   9.281243                  
1.009433   1.005531   1.000000   9.276370                  
1.010010   1.005282   1.000000   9.270602                  
1.010601   1.005069   1.000000   9.263960                  
1.011204   1.004894   1.000000   9.256470                  
1.011817   1.004757   1.000000   9.248161                  
1.012438   1.004658   1.000000   9.239067                  
1.013063   1.004599   1.000000   9.229223                  
1.013691   1.004579   1.000000   9.218670                  
1.014319   1.004599   1.000000   9.207459                  
1.014944   1.004658   1.000000   9.195616                  
1.015565   1.004757   1.000000   9.183210                  
1.016178   1.004894   1.000000   9.170280                  
1.016781   1.005069   1.000000   9.156879                  
1.017372   1.005282   1.000000   9.143052                  
1.017949   1.005531   1.000000   9.128875                  
1.018508   1.005816   1.000000   9.114394                  
1.019049   1.006136   1.000000   9.099659                  
1.019569   1.006489   1.000000   9.084739                  
1.020065   1.006874   1.000000   9.069703                  
1.020536   1.007290   1.000000   9.054592                  
1.020981   1.007734   1.000000   9.039467                  
1.021396   1.008205   1.000000   9.024406                  
1.021781   1.008702   1.000000   9.009451                  
1.022134   1.009221   1.000000   8.994669                  
1.022454   1.009762   1.000000   8.980118                  
1.022739   1.010322   1.000000   8.965856                  
1.022989   1.010898   1.000000   8.951928                  
1.023202   1.011489   1.000000   8.938407                  
1.023377   1.012092   1.000000   8.925327                  
1.023514   1.012706   1.000000   8.912748                  
1.023612   1.013326   1.000000   8.900717                  
1.023671   1.013951   1.000000   8.889281                  
1.025981   1.021425   1.000000   8.789933                  
1.025971   1.021739   1.000000   8.787623                  
1.025941   1.022052   1.000000   8.785479                  
1.025892   1.022362   1.000000   8.783499                  
1.025824   1.022668   1.000000   8.781693                  
1.025736   1.022970   1.000000   8.780066                  
1.025630   1.023265   1.000000   8.778616                  
1.025505   1.023554   1.000000   8.777366                  
1.025362   1.023834   1.000000   8.776318                  
1.025202   1.024104   1.000000   8.775460                  
1.025026   1.024364   1.000000   8.774813                  
1.024833   1.024612   1.000000   8.774358                  
1.024625   1.024848   1.000000   8.773655                  
1.024403   1.025070   1.000000   8.773701                  
1.024168   1.025277   1.000000   8.773919                  
1.023920   1.025470   1.000000   8.774324                  
1.023660   1.025646   1.000000   8.774918                  
1.023389   1.025806   1.000000   8.775713                  
1.023110   1.025949   1.000000   8.776714                  
1.022821   1.026074   1.000000   8.777898                  
1.022526   1.026180   1.000000   8.779289                  
1.022224   1.026268   1.000000   8.780855                  
1.021918   1.026336   1.000000   8.782602                  
1.021607   1.026385   1.000000   8.784532                  
1.021295   1.026415   1.000000   8.786621                  
1.020981   1.026425   1.000000   8.788878                  
1.020667   1.026415   1.000000   8.791277                  
1.020354   1.026385   1.000000   8.793827                  
1.020044   1.026336   1.000000   8.796502                  
1.019737   1.026268   1.000000   8.799298                  
1.019436   1.026180   1.000000   8.802206                  
1.019140   1.026074   1.000000   8.805215                  
1.018852   1.025949   1.000000   8.808312                  
1.018572   1.025806   1.000000   8.811486                  
1.018301   1.025646   1.000000   8.814716                  
1.018042   1.025470   1.000000   8.818007                  
1.017794   1.025277   1.000000   8.821328                  
1.017558   1.025070   1.000000   8.824675                  
1.017336   1.024848   1.000000   8.828034                  
1.017128   1.024612   1.000000   8.831385                  
1.016936   1.024364   1.000000   8.834730                  
1.016759   1.024104   1.000000   8.838040                  
1.016599   1.023834   1.000000   8.841318                  
1.016456   1.023554   1.000000   8.844535                  
1.016332   1.023265   1.000000   8.847685                  
1.016225   1.022970   1.000000   8.850748                  
1.016138   1.022668   1.000000   8.853729                  
1.016069   1.022362   1.000000   8.856607                  
1.016020   1.022052   1.000000   8.859361                  
1.015990   1.021739   1.000000   8.861999                  
1.015981   1.021425   1.000000   8.864490                  
1.015990   1.021111   1.000000   8.866835                  
1.016020   1.020798   1.000000   8.869031                  
1.016069   1.020488   1.000000   8.871053                  
1.016138   1.020181   1.000000   8.872908                  
1.016225   1.019880   1.000000   8.874570                  
1.016332   1.019584   1.000000   8.876059                  
1.016456   1.019296   1.000000   8.877338                  
1.016599   1.019016   1.000000   8.878427                  
1.016759   1.018746   1.000000   8.879295                  
1.016936   1.018486   1.000000   8.879962                  
1.017128   1.018238   1.000000   8.880394                  
1.017336   1.018002   1.000000   8.880583                  
1.017558   1.017780   1.000000   8.880516                  
1.017794   1.017572   1.000000   8.880902                  
1.018042   1.017380   1.000000   8.880515                  
1.018301   1.017203   1.000000   8.879912                  
1.018572   1.017043   1.000000   8.879096                  
1.018852   1.016901   1.000000   8.878079                  
1.019140   1.016776   1.000000   8.876858                  
1.019436   1.016670   1.000000   8.875448                  
1.019737   1.016582   1.000000   8.873838                  
1.020044   1.016513   1.000000   8.872052                  
1.020354   1.016464   1.000000   8.870080                  
1.020667   1.016435   1.000000   8.867947                  
1.020981   1.016425   1.000000   8.865645                  
1.021295   1.016435   1.000000   8.863200                  
1.021607   1.016464   1.000000   8.860604                  
1.021918   1.016513   1.000000   8.857887                  
1.022224   1.016582   1.000000   8.855050                  
1.022526   1.016670   1.000000   8.852095                  
1.022821   1.016776   1.000000   8.849053                  
1.023110   1.016901   1.000000   8.845917                  
1.023389   1.017043   1.000000   8.842719                  
1.023660   1.017203   1.000000   8.839463                  
1.023920   1.017380   1.000000   8.836152                  
1.024168   1.017572   1.000000   8.832817                  
1.024403   1.017780   1.000000   8.829455                  
1.024625   1.018002   1.000000   8.826087                  
1.024833   1.018238   1.000000   8.822736                  
1.025026   1.018486   1.000000   8.819397                  
1.025202   1.018746   1.000000   8.816093                  
1.025362   1.019016   1.000000   8.812835                  
1.025505   1.019296   1.000000   8.809637                  
1.025630   1.019584   1.000000   8.806512                  
1.025736   1.019880   1.000000   8.803471                  
1.025824   1.020181   1.000000   8.800527                  
1.025892   1.020488   1.000000   8.797690                  
1.025941   1.020798   1.000000   8.794972                  
1.025971   1.021111   1.000000   8.792383                  
1.030981   1.021425   1.000000   8.801877                  
1.030961   1.022053   1.000000   8.797323                  
1.030902   1.022678   1.000000   8.793075                  
1.030804   1.023299   1.000000   8.789164                  
1.030666   1.023912   1.000000   8.785596                  
1.030491   1.024515   1.000000   8.782385                  
1.030278   1.025106   1.000000   8.779533                  
1.030029   1.025683   1.000000   8.777067                  
1.029744   1.026242   1.000000   8.774988                  
1.029424   1.026783   1.000000   8.773312                  
1.029071   1.027303   1.000000   8.772025                  
1.028686   1.027799   1.000000   8.771154                  
1.028270   1.028270   1.000000   8.770670                  
1.027826   1.028715   1.000000   8.770286                  
1.027355   1.029130   1.000000   8.770670                  
1.026858   1.029515   1.000000   8.771439                  
1.026339   1.029868   1.000000   8.772602                  
1.025798   1.030188   1.000000   8.774164                  
1.025238   1.030473   1.000000   8.776127                  
1.024662   1.030723   1.000000   8.778487                  
1.024071   1.030935   1.000000   8.781220                  
1.023468   1.031111   1.000000   8.784325                  
1.022854   1.031248   1.000000   8.787801                  
1.022234   1.031346   1.000000   8.791617                  
1.021609   1.031405   1.000000   8.795769                  
1.020981   1.031425   1.000000   8.800241                  
1.020353   1.031405   1.000000   8.805017                  
1.019727   1.031346   1.000000   8.810079                  
1.019107   1.031248   1.000000   8.815399                  
1.018494   1.031111   1.000000   8.820965                  
1.017890   1.030935   1.000000   8.826757                  
1.017299   1.030723   1.000000   8.832753                  
1.016723   1.030473   1.000000   8.838921                  
1.016163   1.030188   1.000000   8.845247                  
1.015622   1.029868   1.000000   8.851705                  
1.015103   1.029515   1.000000   8.858262                  
1.014606   1.029130   1.000000   8.864901                  
1.014135   1.028715   1.000000   8.871588                  
1.013691   1.028270   1.000000   8.878305                  
1.013275   1.027799   1.000000   8.885015                  
1.012890   1.027303   1.000000   8.891712                  
1.012537   1.026783   1.000000   8.898341                  
1.012218   1.026242   1.000000   8.904894                  
1.011932   1.025683   1.000000   8.911345                  
1.011683   1.025106   1.000000   8.917667                  
1.011470   1.024515   1.000000   8.923827                  
1.011295   1.023912   1.000000   8.929800                  
1.011158   1.023299   1.000000   8.935579                  
1.011059   1.022678   1.000000   8.941122                  
1.011000   1.022053   1.000000   8.946417                  
1.010981   1.021425   1.000000   8.951432                  
1.011000   1.020797   1.000000   8.956155                  
1.011059   1.020172   1.000000   8.960575                  
1.011158   1.019551   1.000000   8.964657                  
1.011295   1.018938   1.000000   8.968391                  
1.011470   1.018335   1.000000   8.971760                  
1.011683   1.017744   1.000000   8.974760                  
1.011932   1.017167   1.000000   8.977356                  
1.012218   1.016607   1.000000   8.979563                  
1.012537   1.016067   1.000000   8.981347                  
1.012890   1.015547   1.000000   8.982713                  
1.013275   1.015051   1.000000   8.983637                  
1.013691   1.014579   1.000000   8.984085                  
1.014135   1.014135   1.000000   8.984248                  
1.014606   1.013720   1.000000   8.984265                  
1.015103   1.013335   1.000000   8.983473                  
1.015622   1.012982   1.000000   8.982255                  
1.016163   1.012662   1.000000   8.980621                  
1.016723   1.012377   1.000000   8.978570                  
1.017299   1.012127   1.000000   8.976110                  
1.017890   1.011914   1.000000   8.973251                  
1.018494   1.011739   1.000000   8.970004                  
1.019107   1.011602   1.000000   8.966392                  
1.019727   1.011504   1.000000   8.962419                  
1.020353   1.011445   1.000000   8.958103                  
1.020981   1.011425   1.000000   8.953462                  
1.021609   1.011445   1.000000   8.948516                  
1.022234   1.011504   1.000000   8.943284                  
1.022854   1.011602   1.000000   8.937789                  
1.023468   1.011739   1.000000   8.932055                  
1.024071   1.011914   1.000000   8.926105                  
1.024662   1.012127   1.000000   8.919974                  
1.025238   1.012377   1.000000   8.913669                  
1.025798   1.012662   1.000000   8.907226                  
1.026339   1.012982   1.000000   8.900663                  
1.026858   1.013335   1.000000   8.894023                  
1.027355   1.013720   1.000000   8.887318                  
1.027826   1.014135   1.000000   8.880582                  
1.028270   1.014579   1.000000   8.873844                  
1.028686   1.015051   1.000000   8.867130                  
1.029071   1.015547   1.000000   8.860457                  
1.029424   1.016067   1.000000   8.853861                  
1.029744   1.016607   1.000000   8.847367                  
1.030029   1.017167   1.000000   8.841001                  
1.030278   1.017744   1.000000   8.834777                  
1.030491   1.018335   1.000000   8.828729                  
1.030666   1.018938   1.000000   8.822878                  
1.030804   1.019551   1.000000   8.817247                  
1.030902   1.020172   1.000000   8.811857                  
1.030961   1.020797   1.000000   8.806727                  
1.029833   1.028715   1.000000   8.776565                  
1.029829   1.028841   1.000000   8.776824                  
1.029818   1.028966   1.000000   8.777076                  
1.029798   1.029091   1.000000   8.777304                  
1.029770   1.029214   1.000000   8.777523                  
1.029735   1.029335   1.000000   8.777722                  
1.029692   1.029453   1.000000   8.777896                  
1.029642   1.029569   1.000000   8.778058                  
1.029585   1.029682   1.000000   8.777934                  
1.029521   1.029790   1.000000   8.777926                  
1.029450   1.029894   1.000000   8.778048                  
1.029373   1.029994   1.000000   8.778161                  
1.029289   1.030089   1.000000   8.778237                  
1.029200   1.030178   1.000000   8.778294                  
1.029106   1.030261   1.000000   8.778322                  
1.029006   1.030338   1.000000   8.778326                  
1.028902   1.030409   1.000000   8.778310                  
1.028793   1.030474   1.000000   8.778266                  
1.028681   1.030531   1.000000   8.778198                  
1.028565   1.030581   1.000000   8.778114                  
1.028446   1.030624   1.000000   8.778008                  
1.028325   1.030659   1.000000   8.777880                  
1.028202   1.030686   1.000000   8.777731                  
1.028078   1.030706   1.000000   8.777563                  
1.027952   1.030718   1.000000   8.777376                  
1.027826   1.030722   1.000000   8.777179                  
1.027700   1.030718   1.000000   8.776958                  
1.027575   1.030706   1.000000   8.776720                  
1.027450   1.030686   1.000000   8.776468                  
1.027327   1.030659   1.000000   8.776211                  
1.027206   1.030624   1.000000   8.775933                  
1.027087   1.030581   1.000000   8.775644                  
1.026971   1.030531   1.000000   8.775345                  
1.026859   1.030474   1.000000   8.775046                  
1.026751   1.030409   1.000000   8.774730                  
1.026646   1.030338   1.000000   8.774409                  
1.026547   1.030261   1.000000   8.774082                  
1.026452   1.030178   1.000000   8.773752                  
1.026363   1.030089   1.000000   8.773419                  
1.026279   1.029994   1.000000   8.773086                  
1.026202   1.029894   1.000000   8.772753                  
1.026131   1.029790   1.000000   8.772413                  
1.026067   1.029682   1.000000   8.772084                  
1.026010   1.029569   1.000000   8.771760                  
1.025960   1.029453   1.000000   8.771441                  
1.025917   1.029335   1.000000   8.771120                  
1.025882   1.029214   1.000000   8.770815                  
1.025854   1.029091   1.000000   8.770520                  
1.025835   1.028966   1.000000   8.770225                  
1.025823   1.028841   1.000000   8.769950                  
1.025819   1.028715   1.000000   8.769687                  
1.025823   1.028588   1.000000   8.769436                  
1.025835   1.028463   1.000000   8.769191                  
1.025854   1.028338   1.000000   8.768968                  
1.025882   1.028215   1.000000   8.768760                  
1.025917   1.028094   1.000000   8.768567                  
1.025960   1.027976   1.000000   8.768389                  
1.026010   1.027860   1.000000   8.768235                  
1.026067   1.027748   1.000000   8.768096                  
1.026131   1.027639   1.000000   8.767972                  
1.026202   1.027535   1.000000   8.767869                  
1.026279   1.027435   1.000000   8.767776                  
1.026363   1.027340   1.000000   8.767708                  
1.026452   1.027251   1.000000   8.767650                  
1.026547   1.027168   1.000000   8.767610                  
1.026646   1.027091   1.000000   8.767577                  
1.026751   1.027020   1.000000   8.767574                  
1.026859   1.026956   1.000000   8.767735                  
1.026971   1.026898   1.000000   8.768114                  
1.027087   1.026848   1.000000   8.768199                  
1.027206   1.026805   1.000000   8.768302                  
1.027327   1.026770   1.000000   8.768425                  
1.027450   1.026743   1.000000   8.768571                  
1.027575   1.026723   1.000000   8.768724                  
1.027700   1.026711   1.000000   8.768903                  
1.027826   1.026707   1.000000   8.769098                  
1.027952   1.026711   1.000000   8.769309                  
1.028078   1.026723   1.000000   8.769535                  
1.028202   1.026743   1.000000   8.769775                  
1.028325   1.026770   1.000000   8.770030                  
1.028446   1.026805   1.000000   8.770297                  
1.028565   1.026848   1.000000   8.770576                  
1.028681   1.026898   1.000000   8.770874                  
1.028793   1.026956   1.000000   8.771173                  
1.028902   1.027020   1.000000   8.771482                  
1.029006   1.027091   1.000000   8.771797                  
1.029106   1.027168   1.000000   8.772119                  
1.029200   1.027251   1.000000   8.772445                  
1.029289   1.027340   1.000000   8.772776                  
1.029373   1.027435   1.000000   8.773117                  
1.029450   1.027535   1.000000   8.773451                  
1.029521   1.027639   1.000000   8.773785                  
1.029585   1.027748   1.000000   8.774117                  
1.029642   1.027860   1.000000   8.774446                  
1.029692   1.027976   1.000000   8.774771                  
1.029735   1.028094   1.000000   8.775090                  
1.029770   1.028215   1.000000   8.775402                  
1.029798   1.028338   1.000000   8.775715                  
1.029818   1.028463   1.000000   8.776010                  
1.029829   1.028588   1.000000   8.776294                  
1.031841   1.028715   1.000000   8.787811                  
1.031833   1.028967   1.000000   8.788341                  
1.031809   1.029218   1.000000   8.788842                  
1.031770   1.029467   1.000000   8.789313                  
1.031715   1.029713   1.000000   8.789752                  
1.031644   1.029955   1.000000   8.790157                  
1.031559   1.030192   1.000000   8.790525                  
1.031459   1.030424   1.000000   8.790854                  
1.031344   1.030649   1.000000   8.791149                  
1.031216   1.030866   1.000000   8.791395                  
1.031074   1.031074   1.000000   8.791597                  
1.030919   1.031274   1.000000   8.791393                  
1.030753   1.031463   1.000000   8.791570                  
1.030574   1.031641   1.000000   8.791677                  
1.030385   1.031808   1.000000   8.791723                  
1.030186   1.031962   1.000000   8.791718                  
1.029977   1.032104   1.000000   8.791673                  
1.029760   1.032233   1.000000   8.791578                  
1.029535   1.032347   1.000000   8.791443                  
1.029304   1.032447   1.000000   8.791262                  
1.029067   1.032533   1.000000   8.791039                  
1.028824   1.032603   1.000000   8.790774                  
1.028578   1.032658   1.000000   8.790469                  
1.028329   1.032697   1.000000   8.790134                  
1.028078   1.032721   1.000000   8.789754                  
1.027826   1.032729   1.000000   8.789340                  
1.027574   1.032721   1.000000   8.788893                  
1.027323   1.032697   1.000000   8.788415                  
1.027074   1.032658   1.000000   8.787909                  
1.026828   1.032603   1.000000   8.787377                  
1.026586   1.032533   1.000000   8.786820                  
1.026348   1.032447   1.000000   8.786243                  
1.026117   1.032347   1.000000   8.785637                  
1.025892   1.032233   1.000000   8.785024                  
1.025675   1.032104   1.000000   8.784388                  
1.025466   1.031962   1.000000   8.783750                  
1.025267   1.031808   1.000000   8.783094                  
1.025078   1.031641   1.000000   8.782432                  
1.024900   1.031463   1.000000   8.781767                  
1.024733   1.031274   1.000000   8.781092                  
1.024578   1.031074   1.000000   8.780428                  
1.024437   1.030866   1.000000   8.779768                  
1.024308   1.030649   1.000000   8.779107                  
1.024194   1.030424   1.000000   8.778455                  
1.024093   1.030192   1.000000   8.777824                  
1.024008   1.029955   1.000000   8.777198                  
1.023938   1.029713   1.000000   8.776589                  
1.023883   1.029467   1.000000   8.775998                  
1.023843   1.029218   1.000000   8.775420                  
1.023819   1.028967   1.000000   8.774874                  
1.023812   1.028715   1.000000   8.774352                  
1.023819   1.028462   1.000000   8.773857                  
1.023843   1.028211   1.000000   8.773381                  
1.023883   1.027962   1.000000   8.772944                  
1.023938   1.027716   1.000000   8.772537                  
1.024008   1.027474   1.000000   8.772162                  
1.024093   1.027237   1.000000   8.771820                  
1.024194   1.027005   1.000000   8.771510                  
1.024308   1.026781   1.000000   8.771241                  
1.024437   1.026563   1.000000   8.771003                  
1.024578   1.026355   1.000000   8.770801                  
1.024733   1.026156   1.000000   8.770637                  
1.024900   1.025966   1.000000   8.770504                  
1.025078   1.025788   1.000000   8.770384                  
1.025267   1.025621   1.000000   8.770280                  
1.025466   1.025467   1.000000   8.770695                  
1.025675   1.025325   1.000000   8.770774                  
1.025892   1.025197   1.000000   8.770861                  
1.026117   1.025082   1.000000   8.770981                  
1.026348   1.024982   1.000000   8.771135                  
1.026586   1.024896   1.000000   8.771334                  
1.026828   1.024826   1.000000   8.771570                  
1.027074   1.024771   1.000000   8.771851                  
1.027323   1.024732   1.000000   8.772159                  
1.027574   1.024708   1.000000   8.772512                  
1.027826   1.024700   1.000000   8.772889                  
1.028078   1.024708   1.000000   8.773308                  
1.028329   1.024732   1.000000   8.773749                  
1.028578   1.024771   1.000000   8.774228                  
1.028824   1.024826   1.000000   8.774727                  
1.029067   1.024896   1.000000   8.775261                  
1.029304   1.024982   1.000000   8.775811                  
1.029535   1.025082   1.000000   8.776392                  
1.029760   1.025197   1.000000   8.776984                  
1.029977   1.025325   1.000000   8.777594                  
1.030186   1.025467   1.000000   8.778229                  
1.030385   1.025621   1.000000   8.778869                  
1.030574   1.025788   1.000000   8.779529                  
1.030753   1.025966   1.000000   8.780188                  
1.030919   1.026156   1.000000   8.780853                  
1.031074   1.026355   1.000000   8.781522                  
1.031216   1.026563   1.000000   8.782200                  
1.031344   1.026781   1.000000   8.782868                  
1.031459   1.027005   1.000000   8.783530                  
1.031559   1.027237   1.000000   8.784185                  
1.031644   1.027474   1.000000   8.784831                  
1.031715   1.027716   1.000000   8.785463                  
1.031770   1.027962   1.000000   8.786080                  
1.031809   1.028211   1.000000   8.786678                  
1.031833   1.028462   1.000000   8.787256                  
1.027426   1.027020   1.000000   8.768451                  
1.027425   1.027062   1.000000   8.768440                  
1.027421   1.027104   1.000000   8.768436                  
1.027414   1.027146   1.000000   8.768422                  
1.027405   1.027188   1.000000   8.768415                  
1.027393   1.027228   1.000000   8.768404                  
1.027379   1.027268   1.000000   8.768397                  
1.027362   1.027307   1.000000   8.768380                  
1.027342   1.027345   1.000000   8.768359                  
1.027321   1.027382   1.000000   8.768127                  
1.027297   1.027417   1.000000   8.768003                  
1.027271   1.027450   1.000000   8.767942                  
1.027243   1.027482   1.000000   8.767906                  
1.027213   1.027512   1.000000   8.767897                  
1.027181   1.027540   1.000000   8.767893                  
1.027148   1.027566   1.000000   8.767894                  
1.027112   1.027590   1.000000   8.767890                  
1.027076   1.027612   1.000000   8.767894                  
1.027038   1.027631   1.000000   8.767893                  
1.026999   1.027648   1.000000   8.767889                  
1.026959   1.027662   1.000000   8.767881                  
1.026919   1.027674   1.000000   8.767878                  
1.026877   1.027683   1.000000   8.767871                  
1.026835   1.027690   1.000000   8.767871                  
1.026793   1.027694   1.000000   8.767869                  
1.026751   1.027695   1.000000   8.767856                  
1.026708   1.027694   1.000000   8.767851                  
1.026666   1.027690   1.000000   8.767852                  
1.026624   1.027683   1.000000   8.767845                  
1.026583   1.027674   1.000000   8.767836                  
1.026542   1.027662   1.000000   8.767836                  
1.026502   1.027648   1.000000   8.767826                  
1.026463   1.027631   1.000000   8.767825                  
1.026425   1.027612   1.000000   8.767824                  
1.026389   1.027590   1.000000   8.767814                  
1.026354   1.027566   1.000000   8.767813                  
1.026320   1.027540   1.000000   8.767811                  
1.026288   1.027512   1.000000   8.767810                  
1.026258   1.027482   1.000000   8.767809                  
1.026230   1.027450   1.000000   8.767808                  
1.026204   1.027417   1.000000   8.767807                  
1.026180   1.027382   1.000000   8.767806                  
1.026159   1.027345   1.000000   8.767813                  
1.026139   1.027307   1.000000   8.767812                  
1.026122   1.027268   1.000000   8.767811                  
1.026108   1.027228   1.000000   8.767818                  
1.026096   1.027188   1.000000   8.767816                  
1.026087   1.027146   1.000000   8.767823                  
1.026080   1.027104   1.000000   8.767828                  
1.026076   1.027062   1.000000   8.767833                  
1.026075   1.027020   1.000000   8.767836                  
1.026076   1.026977   1.000000   8.767838                  
1.026080   1.026935   1.000000   8.767847                  
1.026087   1.026893   1.000000   8.767844                  
1.026096   1.026852   1.000000   8.767848                  
1.026108   1.026811   1.000000   8.767857                  
1.026122   1.026771   1.000000   8.767854                  
1.026139   1.026732   1.000000   8.767856                  
1.026159   1.026694   1.000000   8.767853                  
1.026180   1.026658   1.000000   8.767855                  
1.026204   1.026623   1.000000   8.767855                  
1.026230   1.026589   1.000000   8.767858                  
1.026258   1.026557   1.000000   8.767859                  
1.026288   1.026527   1.000000   8.767871                  
1.026320   1.026499   1.000000   8.767902                  
1.026354   1.026473   1.000000   8.767967                  
1.026389   1.026449   1.000000   8.768082                  
1.026425   1.026428   1.000000   8.768327                  
1.026463   1.026409   1.000000   8.768358                  
1.026502   1.026392   1.000000   8.768371                  
1.026542   1.026377   1.000000   8.768379                  
1.026583   1.026365   1.000000   8.768391                  
1.026624   1.026356   1.000000   8.768400                  
1.026666   1.026350   1.000000   8.768415                  
1.026708   1.026346   1.000000   8.768420                  
1.026751   1.026344   1.000000   8.768432                  
1.026793   1.026346   1.000000   8.768434                  
1.026835   1.026350   1.000000   8.768443                  
1.026877   1.026356   1.000000   8.768452                  
1.026919   1.026365   1.000000   8.768459                  
1.026959   1.026377   1.000000   8.768466                  
1.026999   1.026392   1.000000   8.768472                  
1.027038   1.026409   1.000000   8.768468                  
1.027076   1.026428   1.000000   8.768472                  
1.027112   1.026449   1.000000   8.768476                  
1.027148   1.026473   1.000000   8.768478                  
1.027181   1.026499   1.000000   8.768480                  
1.027213   1.026527   1.000000   8.768482                  
1.027243   1.026557   1.000000   8.768482                  
1.027271   1.026589   1.000000   8.768490                  
1.027297   1.026623   1.000000   8.768489                  
1.027321   1.026658   1.000000   8.768487                  
1.027342   1.026694   1.000000   8.768485                  
1.027362   1.026732   1.000000   8.768481                  
1.027379   1.026771   1.000000   8.768477                  
1.027393   1.026811   1.000000   8.768472                  
1.027405   1.026852   1.000000   8.768466                  
1.027414   1.026893   1.000000   8.768468                  
1.027421   1.026935   1.000000   8.768461                  
1.027425   1.026977   1.000000   8.768452                  
1.028102   1.027020   1.000000   8.769476                  
1.028099   1.027105   1.000000   8.769470                  
1.028091   1.027189   1.000000   8.769454                  
1.028078   1.027273   1.000000   8.769437                  
1.028059   1.027356   1.000000   8.769427                  
1.028035   1.027437   1.000000   8.769406                  
1.028007   1.027517   1.000000   8.769392                  
1.027973   1.027595   1.000000   8.769374                  
1.027934   1.027671   1.000000   8.769352                  
1.027891   1.027744   1.000000   8.769329                  
1.027844   1.027814   1.000000   8.769300                  
1.027792   1.027881   1.000000   8.768992                  
1.027735   1.027945   1.000000   8.768851                  
1.027675   1.028005   1.000000   8.768827                  
1.027612   1.028061   1.000000   8.768825                  
1.027545   1.028113   1.000000   8.768821                  
1.027474   1.028160   1.000000   8.768822                  
1.027401   1.028204   1.000000   8.768807                  
1.027326   1.028242   1.000000   8.768799                  
1.027248   1.028276   1.000000   8.768781                  
1.027168   1.028305   1.000000   8.768765                  
1.027087   1.028328   1.000000   8.768745                  
1.027004   1.028347   1.000000   8.768730                  
1.026920   1.028360   1.000000   8.768712                  
1.026835   1.028368   1.000000   8.768701                  
1.026751   1.028371   1.000000   8.768680                  
1.026666   1.028368   1.000000   8.768667                  
1.026581   1.028360   1.000000   8.768646                  
1.026497   1.028347   1.000000   8.768633                  
1.026415   1.028328   1.000000   8.768620                  
1.026333   1.028305   1.000000   8.768608                  
1.026253   1.028276   1.000000   8.768589                  
1.026175   1.028242   1.000000   8.768579                  
1.026100   1.028204   1.000000   8.768570                  
1.026027   1.028160   1.000000   8.768562                  
1.025956   1.028113   1.000000   8.768556                  
1.025889   1.028061   1.000000   8.768551                  
1.025826   1.028005   1.000000   8.768547                  
1.025766   1.027945   1.000000   8.768545                  
1.025710   1.027881   1.000000   8.768545                  
1.025658   1.027814   1.000000   8.768546                  
1.025610   1.027744   1.000000   8.768548                  
1.025567   1.027671   1.000000   8.768552                  
1.025528   1.027595   1.000000   8.768557                  
1.025494   1.027517   1.000000   8.768563                  
1.025466   1.027437   1.000000   8.768570                  
1.025442   1.027356   1.000000   8.768587                  
1.025423   1.027273   1.000000   8.768595                  
1.025410   1.027189   1.000000   8.768605                  
1.025402   1.027105   1.000000   8.768623                  
1.025400   1.027020   1.000000   8.768632                  
1.025402   1.026935   1.000000   8.768649                  
1.025410   1.026850   1.000000   8.768665                  
1.025423   1.026767   1.000000   8.768679                  
1.025442   1.026684   1.000000   8.768690                  
1.025466   1.026602   1.000000   8.768706                  
1.025494   1.026522   1.000000   8.768717                  
1.025528   1.026445   1.000000   8.768730                  
1.025567   1.026369   1.000000   8.768741                  
1.025610   1.026296   1.000000   8.768749                  
1.025658   1.026226   1.000000   8.768748                  
1.025710   1.026159   1.000000   8.768749                  
1.025766   1.026095   1.000000   8.768746                  
1.025826   1.026035   1.000000   8.768777                  
1.025889   1.025979   1.000000   8.768906                  
1.025956   1.025927   1.000000   8.769249                  
1.026027   1.025879   1.000000   8.769275                  
1.026100   1.025836   1.000000   8.769303                  
1.026175   1.025797   1.000000   8.769320                  
1.026253   1.025764   1.000000   8.769339                  
1.026333   1.025735   1.000000   8.769364                  
1.026415   1.025711   1.000000   8.769378                  
1.026497   1.025693   1.000000   8.769399                  
1.026581   1.025679   1.000000   8.769417                  
1.026666   1.025671   1.000000   8.769435                  
1.026751   1.025669   1.000000   8.769442                  
1.026835   1.025671   1.000000   8.769456                  
1.026920   1.025679   1.000000   8.769470                  
1.027004   1.025693   1.000000   8.769482                  
1.027087   1.025711   1.000000   8.769493                  
1.027168   1.025735   1.000000   8.769503                  
1.027248   1.025764   1.000000   8.769520                  
1.027326   1.025797   1.000000   8.769528                  
1.027401   1.025836   1.000000   8.769534                  
1.027474   1.025879   1.000000   8.769539                  
1.027545   1.025927   1.000000   8.769544                  
1.027612   1.025979   1.000000   8.769546                  
1.027675   1.026035   1.000000   8.769548                  
1.027735   1.026095   1.000000   8.769549                  
1.027792   1.026159   1.000000   8.769548                  
1.027844   1.026226   1.000000   8.769547                  
1.027891   1.026296   1.000000   8.769544                  
1.027934   1.026369   1.000000   8.769549                  
1.027973   1.026445   1.000000   8.769544                  
1.028007   1.026522   1.000000   8.769537                  
1.028035   1.026602   1.000000   8.769530                  
1.028059   1.026684   1.000000   8.769522                  
1.028078   1.026767   1.000000   8.769512                  
1.028091   1.026850   1.000000   8.769501                  
1.028099   1.026935   1.000000   8.769489                  
