2868
1          718        
1          731        
2          718        
2          1183       
3          718        
3          755        
4          719        
4          731        
5          719        
5          732        
6          719        
6          1184       
7          720        
7          732        
8          720        
8          733        
9          720        
9          1185       
10         721        
10         733        
11         721        
11         734        
12         721        
12         1186       
13         722        
13         734        
14         722        
14         735        
15         722        
15         1187       
16         723        
16         735        
17         723        
17         736        
18         723        
18         1188       
19         724        
19         736        
20         724        
20         737        
21         724        
21         1189       
22         725        
22         737        
23         725        
23         738        
24         725        
24         1190       
25         726        
25         738        
26         726        
26         739        
27         726        
27         1191       
28         727        
28         739        
29         727        
29         740        
30         727        
30         1192       
31         728        
31         740        
32         728        
32         741        
33         728        
33         1193       
34         729        
34         741        
35         729        
35         742        
36         729        
36         1194       
37         730        
37         742        
38         730        
38         1195       
39         730        
39         767        
40         731        
40         743        
41         732        
41         744        
42         733        
42         745        
43         734        
43         746        
44         735        
44         747        
45         736        
45         748        
46         737        
46         749        
47         738        
47         750        
48         739        
48         751        
49         740        
49         752        
50         741        
50         753        
51         742        
51         754        
52         743        
52         755        
53         743        
53         756        
54         744        
54         756        
55         744        
55         757        
56         745        
56         757        
57         745        
57         758        
58         746        
58         758        
59         746        
59         759        
60         747        
60         759        
61         747        
61         760        
62         748        
62         760        
63         748        
63         761        
64         749        
64         761        
65         749        
65         762        
66         750        
66         762        
67         750        
67         763        
68         751        
68         763        
69         751        
69         764        
70         752        
70         764        
71         752        
71         765        
72         753        
72         765        
73         753        
73         766        
74         754        
74         766        
75         754        
75         767        
76         755        
76         768        
77         756        
77         769        
78         757        
78         770        
79         758        
79         771        
80         759        
80         772        
81         760        
81         773        
82         761        
82         774        
83         762        
83         775        
84         763        
84         776        
85         764        
85         777        
86         765        
86         778        
87         766        
87         779        
88         767        
88         780        
89         768        
89         783        
90         768        
90         784        
91         769        
91         784        
92         769        
92         785        
93         770        
93         785        
94         770        
94         786        
95         771        
95         786        
96         771        
96         787        
97         772        
97         787        
98         772        
98         788        
99         773        
99         788        
100        773        
100        789        
101        774        
101        789        
102        774        
102        790        
103        775        
103        790        
104        775        
104        791        
105        776        
105        791        
106        776        
106        792        
107        777        
107        792        
108        777        
108        793        
109        778        
109        793        
110        778        
110        794        
111        779        
111        794        
112        779        
112        795        
113        780        
113        795        
114        780        
114        796        
115        781        
115        812        
116        781        
116        796        
117        781        
117        782        
118        782        
118        797        
119        782        
119        783        
120        783        
120        798        
121        784        
121        799        
122        785        
122        800        
123        786        
123        801        
124        787        
124        802        
125        788        
125        803        
126        789        
126        804        
127        790        
127        805        
128        791        
128        806        
129        792        
129        807        
130        793        
130        808        
131        794        
131        809        
132        795        
132        810        
133        796        
133        811        
134        797        
134        813        
135        797        
135        814        
136        798        
136        814        
137        798        
137        815        
138        799        
138        815        
139        799        
139        816        
140        800        
140        816        
141        800        
141        817        
142        801        
142        817        
143        801        
143        818        
144        802        
144        818        
145        802        
145        819        
146        803        
146        819        
147        803        
147        820        
148        804        
148        820        
149        804        
149        821        
150        805        
150        821        
151        805        
151        822        
152        806        
152        822        
153        806        
153        823        
154        807        
154        823        
155        807        
155        824        
156        808        
156        824        
157        808        
157        825        
158        809        
158        825        
159        809        
159        826        
160        810        
160        826        
161        810        
161        827        
162        811        
162        827        
163        811        
163        828        
164        812        
164        828        
165        812        
165        813        
166        813        
166        829        
167        814        
167        830        
168        815        
168        831        
169        816        
169        832        
170        817        
170        833        
171        818        
171        834        
172        819        
172        835        
173        820        
173        836        
174        821        
174        837        
175        822        
175        838        
176        823        
176        839        
177        824        
177        840        
178        825        
178        841        
179        826        
179        842        
180        827        
180        843        
181        828        
181        844        
182        829        
182        845        
183        829        
183        846        
184        830        
184        846        
185        830        
185        847        
186        831        
186        847        
187        831        
187        848        
188        832        
188        848        
189        832        
189        849        
190        833        
190        849        
191        833        
191        850        
192        834        
192        850        
193        834        
193        851        
194        835        
194        851        
195        835        
195        852        
196        836        
196        852        
197        836        
197        853        
198        837        
198        853        
199        837        
199        854        
200        838        
200        854        
201        838        
201        855        
202        839        
202        855        
203        839        
203        856        
204        840        
204        856        
205        840        
205        857        
206        841        
206        857        
207        841        
207        858        
208        842        
208        858        
209        842        
209        859        
210        843        
210        859        
211        843        
211        860        
212        844        
212        860        
213        844        
213        845        
214        845        
214        876        
215        846        
215        861        
216        847        
216        862        
217        848        
217        863        
218        849        
218        864        
219        850        
219        865        
220        851        
220        866        
221        852        
221        867        
222        853        
222        868        
223        854        
223        869        
224        855        
224        870        
225        856        
225        871        
226        857        
226        872        
227        858        
227        873        
228        859        
228        874        
229        860        
229        875        
230        861        
230        877        
231        861        
231        878        
232        862        
232        878        
233        862        
233        879        
234        863        
234        879        
235        863        
235        880        
236        864        
236        880        
237        864        
237        881        
238        865        
238        881        
239        865        
239        882        
240        866        
240        882        
241        866        
241        883        
242        867        
242        883        
243        867        
243        884        
244        868        
244        884        
245        868        
245        885        
246        869        
246        885        
247        869        
247        886        
248        870        
248        886        
249        870        
249        887        
250        871        
250        887        
251        871        
251        888        
252        872        
252        888        
253        872        
253        889        
254        873        
254        889        
255        873        
255        890        
256        874        
256        890        
257        874        
257        891        
258        875        
258        891        
259        875        
259        892        
260        876        
260        892        
261        876        
261        877        
262        877        
262        893        
263        878        
263        894        
264        879        
264        895        
265        880        
265        896        
266        881        
266        897        
267        882        
267        898        
268        883        
268        899        
269        884        
269        900        
270        885        
270        901        
271        886        
271        902        
272        887        
272        903        
273        888        
273        904        
274        889        
274        905        
275        890        
275        906        
276        891        
276        907        
277        892        
277        908        
278        893        
278        909        
279        893        
279        910        
280        894        
280        910        
281        894        
281        911        
282        895        
282        911        
283        895        
283        912        
284        896        
284        912        
285        896        
285        913        
286        897        
286        913        
287        897        
287        914        
288        898        
288        914        
289        898        
289        915        
290        899        
290        915        
291        899        
291        916        
292        900        
292        916        
293        900        
293        917        
294        901        
294        917        
295        901        
295        918        
296        902        
296        918        
297        902        
297        919        
298        903        
298        919        
299        903        
299        920        
300        904        
300        920        
301        904        
301        921        
302        905        
302        921        
303        905        
303        922        
304        906        
304        922        
305        906        
305        923        
306        907        
306        923        
307        907        
307        924        
308        908        
308        924        
309        908        
309        909        
310        909        
310        940        
311        910        
311        925        
312        911        
312        926        
313        912        
313        927        
314        913        
314        928        
315        914        
315        929        
316        915        
316        930        
317        916        
317        931        
318        917        
318        932        
319        918        
319        933        
320        919        
320        934        
321        920        
321        935        
322        921        
322        936        
323        922        
323        937        
324        923        
324        938        
325        924        
325        939        
326        925        
326        941        
327        925        
327        942        
328        926        
328        942        
329        926        
329        943        
330        927        
330        943        
331        927        
331        944        
332        928        
332        944        
333        928        
333        945        
334        929        
334        945        
335        929        
335        946        
336        930        
336        946        
337        930        
337        947        
338        931        
338        947        
339        931        
339        948        
340        932        
340        948        
341        932        
341        949        
342        933        
342        949        
343        933        
343        950        
344        934        
344        950        
345        934        
345        951        
346        935        
346        951        
347        935        
347        952        
348        936        
348        952        
349        936        
349        953        
350        937        
350        953        
351        937        
351        954        
352        938        
352        954        
353        938        
353        955        
354        939        
354        955        
355        939        
355        956        
356        940        
356        956        
357        940        
357        941        
358        941        
358        957        
359        942        
359        958        
360        943        
360        959        
361        944        
361        960        
362        945        
362        961        
363        946        
363        962        
364        947        
364        963        
365        948        
365        964        
366        949        
366        965        
367        950        
367        966        
368        951        
368        967        
369        952        
369        968        
370        953        
370        969        
371        954        
371        970        
372        955        
372        971        
373        956        
373        972        
374        957        
374        973        
375        957        
375        974        
376        958        
376        974        
377        958        
377        975        
378        959        
378        975        
379        959        
379        976        
380        960        
380        976        
381        960        
381        977        
382        961        
382        977        
383        961        
383        978        
384        962        
384        978        
385        962        
385        979        
386        963        
386        979        
387        963        
387        980        
388        964        
388        980        
389        964        
389        981        
390        965        
390        981        
391        965        
391        982        
392        966        
392        982        
393        966        
393        983        
394        967        
394        983        
395        967        
395        984        
396        968        
396        984        
397        968        
397        985        
398        969        
398        985        
399        969        
399        986        
400        970        
400        986        
401        970        
401        987        
402        971        
402        987        
403        971        
403        988        
404        972        
404        988        
405        972        
405        973        
406        973        
406        1004       
407        974        
407        989        
408        975        
408        990        
409        976        
409        991        
410        977        
410        992        
411        978        
411        993        
412        979        
412        994        
413        980        
413        995        
414        981        
414        996        
415        982        
415        997        
416        983        
416        998        
417        984        
417        999        
418        985        
418        1000       
419        986        
419        1001       
420        987        
420        1002       
421        988        
421        1003       
422        989        
422        1005       
423        989        
423        1006       
424        990        
424        1006       
425        990        
425        1007       
426        991        
426        1007       
427        991        
427        1008       
428        992        
428        1008       
429        992        
429        1009       
430        993        
430        1009       
431        993        
431        1010       
432        994        
432        1010       
433        994        
433        1011       
434        995        
434        1011       
435        995        
435        1012       
436        996        
436        1012       
437        996        
437        1013       
438        997        
438        1013       
439        997        
439        1014       
440        998        
440        1014       
441        998        
441        1015       
442        999        
442        1015       
443        999        
443        1016       
444        1000       
444        1016       
445        1000       
445        1017       
446        1001       
446        1017       
447        1001       
447        1018       
448        1002       
448        1018       
449        1002       
449        1019       
450        1003       
450        1019       
451        1003       
451        1020       
452        1004       
452        1020       
453        1004       
453        1005       
454        1005       
454        1021       
455        1006       
455        1022       
456        1007       
456        1023       
457        1008       
457        1024       
458        1009       
458        1025       
459        1010       
459        1026       
460        1011       
460        1027       
461        1012       
461        1028       
462        1013       
462        1029       
463        1014       
463        1030       
464        1015       
464        1031       
465        1016       
465        1032       
466        1017       
466        1033       
467        1018       
467        1034       
468        1019       
468        1035       
469        1020       
469        1036       
470        1021       
470        1037       
471        1021       
471        1038       
472        1022       
472        1038       
473        1022       
473        1039       
474        1023       
474        1039       
475        1023       
475        1040       
476        1024       
476        1040       
477        1024       
477        1041       
478        1025       
478        1041       
479        1025       
479        1042       
480        1026       
480        1042       
481        1026       
481        1043       
482        1027       
482        1043       
483        1027       
483        1044       
484        1028       
484        1044       
485        1028       
485        1045       
486        1029       
486        1045       
487        1029       
487        1046       
488        1030       
488        1046       
489        1030       
489        1047       
490        1031       
490        1047       
491        1031       
491        1048       
492        1032       
492        1048       
493        1032       
493        1049       
494        1033       
494        1049       
495        1033       
495        1050       
496        1034       
496        1050       
497        1034       
497        1051       
498        1035       
498        1051       
499        1035       
499        1052       
500        1036       
500        1052       
501        1036       
501        1037       
502        1037       
502        1068       
503        1038       
503        1053       
504        1039       
504        1054       
505        1040       
505        1055       
506        1041       
506        1056       
507        1042       
507        1057       
508        1043       
508        1058       
509        1044       
509        1059       
510        1045       
510        1060       
511        1046       
511        1061       
512        1047       
512        1062       
513        1048       
513        1063       
514        1049       
514        1064       
515        1050       
515        1065       
516        1051       
516        1066       
517        1052       
517        1067       
518        1053       
518        1069       
519        1053       
519        1070       
520        1054       
520        1070       
521        1054       
521        1071       
522        1055       
522        1071       
523        1055       
523        1072       
524        1056       
524        1072       
525        1056       
525        1073       
526        1057       
526        1073       
527        1057       
527        1074       
528        1058       
528        1074       
529        1058       
529        1075       
530        1059       
530        1075       
531        1059       
531        1076       
532        1060       
532        1076       
533        1060       
533        1077       
534        1061       
534        1077       
535        1061       
535        1078       
536        1062       
536        1078       
537        1062       
537        1079       
538        1063       
538        1079       
539        1063       
539        1080       
540        1064       
540        1080       
541        1064       
541        1081       
542        1065       
542        1081       
543        1065       
543        1082       
544        1066       
544        1082       
545        1066       
545        1083       
546        1067       
546        1083       
547        1067       
547        1084       
548        1068       
548        1084       
549        1068       
549        1069       
550        1069       
550        1085       
551        1070       
551        1086       
552        1071       
552        1087       
553        1072       
553        1088       
554        1073       
554        1089       
555        1074       
555        1090       
556        1075       
556        1091       
557        1076       
557        1092       
558        1077       
558        1093       
559        1078       
559        1094       
560        1079       
560        1095       
561        1080       
561        1096       
562        1081       
562        1097       
563        1082       
563        1098       
564        1083       
564        1099       
565        1084       
565        1100       
566        1085       
566        1101       
567        1085       
567        1102       
568        1086       
568        1102       
569        1086       
569        1103       
570        1087       
570        1103       
571        1087       
571        1104       
572        1088       
572        1104       
573        1088       
573        1105       
574        1089       
574        1105       
575        1089       
575        1106       
576        1090       
576        1106       
577        1090       
577        1107       
578        1091       
578        1107       
579        1091       
579        1108       
580        1092       
580        1108       
581        1092       
581        1109       
582        1093       
582        1109       
583        1093       
583        1110       
584        1094       
584        1110       
585        1094       
585        1111       
586        1095       
586        1111       
587        1095       
587        1112       
588        1096       
588        1112       
589        1096       
589        1113       
590        1097       
590        1113       
591        1097       
591        1114       
592        1098       
592        1114       
593        1098       
593        1115       
594        1099       
594        1115       
595        1099       
595        1116       
596        1100       
596        1116       
597        1100       
597        1101       
598        1101       
598        1132       
599        1102       
599        1117       
600        1103       
600        1118       
601        1104       
601        1119       
602        1105       
602        1120       
603        1106       
603        1121       
604        1107       
604        1122       
605        1108       
605        1123       
606        1109       
606        1124       
607        1110       
607        1125       
608        1111       
608        1126       
609        1112       
609        1127       
610        1113       
610        1128       
611        1114       
611        1129       
612        1115       
612        1130       
613        1116       
613        1131       
614        1117       
614        1118       
615        1117       
615        1132       
616        1118       
616        1133       
617        1119       
617        1133       
618        1119       
618        1134       
619        1120       
619        1134       
620        1120       
620        1135       
621        1121       
621        1135       
622        1121       
622        1136       
623        1122       
623        1136       
624        1122       
624        1137       
625        1123       
625        1137       
626        1123       
626        1138       
627        1124       
627        1138       
628        1124       
628        1139       
629        1125       
629        1139       
630        1125       
630        1140       
631        1126       
631        1140       
632        1126       
632        1141       
633        1127       
633        1141       
634        1127       
634        1142       
635        1128       
635        1142       
636        1128       
636        1143       
637        1129       
637        1143       
638        1129       
638        1144       
639        1130       
639        1144       
640        1130       
640        1145       
641        1131       
641        1145       
642        1131       
642        1132       
643        1133       
643        1146       
644        1134       
644        1147       
645        1135       
645        1148       
646        1136       
646        1149       
647        1137       
647        1150       
648        1138       
648        1151       
649        1139       
649        1152       
650        1140       
650        1153       
651        1141       
651        1154       
652        1142       
652        1155       
653        1143       
653        1156       
654        1144       
654        1157       
655        1145       
655        1158       
656        1146       
656        1159       
657        1146       
657        1183       
658        1147       
658        1159       
659        1147       
659        1160       
660        1148       
660        1160       
661        1148       
661        1161       
662        1149       
662        1161       
663        1149       
663        1162       
664        1150       
664        1162       
665        1150       
665        1163       
666        1151       
666        1163       
667        1151       
667        1164       
668        1152       
668        1164       
669        1152       
669        1165       
670        1153       
670        1165       
671        1153       
671        1166       
672        1154       
672        1166       
673        1154       
673        1167       
674        1155       
674        1167       
675        1155       
675        1168       
676        1156       
676        1168       
677        1156       
677        1169       
678        1157       
678        1169       
679        1157       
679        1170       
680        1158       
680        1170       
681        1158       
681        1195       
682        1159       
682        1171       
683        1160       
683        1172       
684        1161       
684        1173       
685        1162       
685        1174       
686        1163       
686        1175       
687        1164       
687        1176       
688        1165       
688        1177       
689        1166       
689        1178       
690        1167       
690        1179       
691        1168       
691        1180       
692        1169       
692        1181       
693        1170       
693        1182       
694        1171       
694        1184       
695        1171       
695        1183       
696        1172       
696        1185       
697        1172       
697        1184       
698        1173       
698        1186       
699        1173       
699        1185       
700        1174       
700        1187       
701        1174       
701        1186       
702        1175       
702        1188       
703        1175       
703        1187       
704        1176       
704        1189       
705        1176       
705        1188       
706        1177       
706        1190       
707        1177       
707        1189       
708        1178       
708        1191       
709        1178       
709        1190       
710        1179       
710        1192       
711        1179       
711        1191       
712        1180       
712        1193       
713        1180       
713        1192       
714        1181       
714        1194       
715        1181       
715        1193       
716        1182       
716        1195       
717        1182       
717        1194       
1          2          
1          3          
2          3          
4          5          
4          6          
5          6          
7          8          
7          9          
8          9          
10         11         
10         12         
11         12         
13         14         
13         15         
14         15         
16         17         
16         18         
17         18         
19         20         
19         21         
20         21         
22         23         
22         24         
23         24         
25         26         
25         27         
26         27         
28         29         
28         30         
29         30         
31         32         
31         33         
32         33         
34         35         
34         36         
35         36         
37         38         
37         39         
38         39         
1          4          
1          40         
4          40         
5          7          
5          41         
7          41         
8          10         
8          42         
10         42         
11         13         
11         43         
13         43         
14         16         
14         44         
16         44         
17         19         
17         45         
19         45         
20         22         
20         46         
22         46         
23         25         
23         47         
25         47         
26         28         
26         48         
28         48         
29         31         
29         49         
31         49         
32         34         
32         50         
34         50         
35         37         
35         51         
37         51         
40         52         
40         53         
52         53         
41         54         
41         55         
54         55         
42         56         
42         57         
56         57         
43         58         
43         59         
58         59         
44         60         
44         61         
60         61         
45         62         
45         63         
62         63         
46         64         
46         65         
64         65         
47         66         
47         67         
66         67         
48         68         
48         69         
68         69         
49         70         
49         71         
70         71         
50         72         
50         73         
72         73         
51         74         
51         75         
74         75         
3          52         
3          76         
52         76         
53         54         
53         77         
54         77         
55         56         
55         78         
56         78         
57         58         
57         79         
58         79         
59         60         
59         80         
60         80         
61         62         
61         81         
62         81         
63         64         
63         82         
64         82         
65         66         
65         83         
66         83         
67         68         
67         84         
68         84         
69         70         
69         85         
70         85         
71         72         
71         86         
72         86         
73         74         
73         87         
74         87         
39         75         
39         88         
75         88         
76         89         
76         90         
89         90         
77         91         
77         92         
91         92         
78         93         
78         94         
93         94         
79         95         
79         96         
95         96         
80         97         
80         98         
97         98         
81         99         
81         100        
99         100        
82         101        
82         102        
101        102        
83         103        
83         104        
103        104        
84         105        
84         106        
105        106        
85         107        
85         108        
107        108        
86         109        
86         110        
109        110        
87         111        
87         112        
111        112        
88         113        
88         114        
113        114        
115        116        
115        117        
116        117        
117        118        
117        119        
118        119        
89         119        
89         120        
119        120        
90         91         
90         121        
91         121        
92         93         
92         122        
93         122        
94         95         
94         123        
95         123        
96         97         
96         124        
97         124        
98         99         
98         125        
99         125        
100        101        
100        126        
101        126        
102        103        
102        127        
103        127        
104        105        
104        128        
105        128        
106        107        
106        129        
107        129        
108        109        
108        130        
109        130        
110        111        
110        131        
111        131        
112        113        
112        132        
113        132        
114        116        
114        133        
116        133        
118        134        
118        135        
134        135        
120        136        
120        137        
136        137        
121        138        
121        139        
138        139        
122        140        
122        141        
140        141        
123        142        
123        143        
142        143        
124        144        
124        145        
144        145        
125        146        
125        147        
146        147        
126        148        
126        149        
148        149        
127        150        
127        151        
150        151        
128        152        
128        153        
152        153        
129        154        
129        155        
154        155        
130        156        
130        157        
156        157        
131        158        
131        159        
158        159        
132        160        
132        161        
160        161        
133        162        
133        163        
162        163        
115        164        
115        165        
164        165        
134        165        
134        166        
165        166        
135        136        
135        167        
136        167        
137        138        
137        168        
138        168        
139        140        
139        169        
140        169        
141        142        
141        170        
142        170        
143        144        
143        171        
144        171        
145        146        
145        172        
146        172        
147        148        
147        173        
148        173        
149        150        
149        174        
150        174        
151        152        
151        175        
152        175        
153        154        
153        176        
154        176        
155        156        
155        177        
156        177        
157        158        
157        178        
158        178        
159        160        
159        179        
160        179        
161        162        
161        180        
162        180        
163        164        
163        181        
164        181        
166        182        
166        183        
182        183        
167        184        
167        185        
184        185        
168        186        
168        187        
186        187        
169        188        
169        189        
188        189        
170        190        
170        191        
190        191        
171        192        
171        193        
192        193        
172        194        
172        195        
194        195        
173        196        
173        197        
196        197        
174        198        
174        199        
198        199        
175        200        
175        201        
200        201        
176        202        
176        203        
202        203        
177        204        
177        205        
204        205        
178        206        
178        207        
206        207        
179        208        
179        209        
208        209        
180        210        
180        211        
210        211        
181        212        
181        213        
212        213        
182        213        
182        214        
213        214        
183        184        
183        215        
184        215        
185        186        
185        216        
186        216        
187        188        
187        217        
188        217        
189        190        
189        218        
190        218        
191        192        
191        219        
192        219        
193        194        
193        220        
194        220        
195        196        
195        221        
196        221        
197        198        
197        222        
198        222        
199        200        
199        223        
200        223        
201        202        
201        224        
202        224        
203        204        
203        225        
204        225        
205        206        
205        226        
206        226        
207        208        
207        227        
208        227        
209        210        
209        228        
210        228        
211        212        
211        229        
212        229        
215        230        
215        231        
230        231        
216        232        
216        233        
232        233        
217        234        
217        235        
234        235        
218        236        
218        237        
236        237        
219        238        
219        239        
238        239        
220        240        
220        241        
240        241        
221        242        
221        243        
242        243        
222        244        
222        245        
244        245        
223        246        
223        247        
246        247        
224        248        
224        249        
248        249        
225        250        
225        251        
250        251        
226        252        
226        253        
252        253        
227        254        
227        255        
254        255        
228        256        
228        257        
256        257        
229        258        
229        259        
258        259        
214        260        
214        261        
260        261        
230        261        
230        262        
261        262        
231        232        
231        263        
232        263        
233        234        
233        264        
234        264        
235        236        
235        265        
236        265        
237        238        
237        266        
238        266        
239        240        
239        267        
240        267        
241        242        
241        268        
242        268        
243        244        
243        269        
244        269        
245        246        
245        270        
246        270        
247        248        
247        271        
248        271        
249        250        
249        272        
250        272        
251        252        
251        273        
252        273        
253        254        
253        274        
254        274        
255        256        
255        275        
256        275        
257        258        
257        276        
258        276        
259        260        
259        277        
260        277        
262        278        
262        279        
278        279        
263        280        
263        281        
280        281        
264        282        
264        283        
282        283        
265        284        
265        285        
284        285        
266        286        
266        287        
286        287        
267        288        
267        289        
288        289        
268        290        
268        291        
290        291        
269        292        
269        293        
292        293        
270        294        
270        295        
294        295        
271        296        
271        297        
296        297        
272        298        
272        299        
298        299        
273        300        
273        301        
300        301        
274        302        
274        303        
302        303        
275        304        
275        305        
304        305        
276        306        
276        307        
306        307        
277        308        
277        309        
308        309        
278        309        
278        310        
309        310        
279        280        
279        311        
280        311        
281        282        
281        312        
282        312        
283        284        
283        313        
284        313        
285        286        
285        314        
286        314        
287        288        
287        315        
288        315        
289        290        
289        316        
290        316        
291        292        
291        317        
292        317        
293        294        
293        318        
294        318        
295        296        
295        319        
296        319        
297        298        
297        320        
298        320        
299        300        
299        321        
300        321        
301        302        
301        322        
302        322        
303        304        
303        323        
304        323        
305        306        
305        324        
306        324        
307        308        
307        325        
308        325        
311        326        
311        327        
326        327        
312        328        
312        329        
328        329        
313        330        
313        331        
330        331        
314        332        
314        333        
332        333        
315        334        
315        335        
334        335        
316        336        
316        337        
336        337        
317        338        
317        339        
338        339        
318        340        
318        341        
340        341        
319        342        
319        343        
342        343        
320        344        
320        345        
344        345        
321        346        
321        347        
346        347        
322        348        
322        349        
348        349        
323        350        
323        351        
350        351        
324        352        
324        353        
352        353        
325        354        
325        355        
354        355        
310        356        
310        357        
356        357        
326        357        
326        358        
357        358        
327        328        
327        359        
328        359        
329        330        
329        360        
330        360        
331        332        
331        361        
332        361        
333        334        
333        362        
334        362        
335        336        
335        363        
336        363        
337        338        
337        364        
338        364        
339        340        
339        365        
340        365        
341        342        
341        366        
342        366        
343        344        
343        367        
344        367        
345        346        
345        368        
346        368        
347        348        
347        369        
348        369        
349        350        
349        370        
350        370        
351        352        
351        371        
352        371        
353        354        
353        372        
354        372        
355        356        
355        373        
356        373        
358        374        
358        375        
374        375        
359        376        
359        377        
376        377        
360        378        
360        379        
378        379        
361        380        
361        381        
380        381        
362        382        
362        383        
382        383        
363        384        
363        385        
384        385        
364        386        
364        387        
386        387        
365        388        
365        389        
388        389        
366        390        
366        391        
390        391        
367        392        
367        393        
392        393        
368        394        
368        395        
394        395        
369        396        
369        397        
396        397        
370        398        
370        399        
398        399        
371        400        
371        401        
400        401        
372        402        
372        403        
402        403        
373        404        
373        405        
404        405        
374        405        
374        406        
405        406        
375        376        
375        407        
376        407        
377        378        
377        408        
378        408        
379        380        
379        409        
380        409        
381        382        
381        410        
382        410        
383        384        
383        411        
384        411        
385        386        
385        412        
386        412        
387        388        
387        413        
388        413        
389        390        
389        414        
390        414        
391        392        
391        415        
392        415        
393        394        
393        416        
394        416        
395        396        
395        417        
396        417        
397        398        
397        418        
398        418        
399        400        
399        419        
400        419        
401        402        
401        420        
402        420        
403        404        
403        421        
404        421        
407        422        
407        423        
422        423        
408        424        
408        425        
424        425        
409        426        
409        427        
426        427        
410        428        
410        429        
428        429        
411        430        
411        431        
430        431        
412        432        
412        433        
432        433        
413        434        
413        435        
434        435        
414        436        
414        437        
436        437        
415        438        
415        439        
438        439        
416        440        
416        441        
440        441        
417        442        
417        443        
442        443        
418        444        
418        445        
444        445        
419        446        
419        447        
446        447        
420        448        
420        449        
448        449        
421        450        
421        451        
450        451        
406        452        
406        453        
452        453        
422        453        
422        454        
453        454        
423        424        
423        455        
424        455        
425        426        
425        456        
426        456        
427        428        
427        457        
428        457        
429        430        
429        458        
430        458        
431        432        
431        459        
432        459        
433        434        
433        460        
434        460        
435        436        
435        461        
436        461        
437        438        
437        462        
438        462        
439        440        
439        463        
440        463        
441        442        
441        464        
442        464        
443        444        
443        465        
444        465        
445        446        
445        466        
446        466        
447        448        
447        467        
448        467        
449        450        
449        468        
450        468        
451        452        
451        469        
452        469        
454        470        
454        471        
470        471        
455        472        
455        473        
472        473        
456        474        
456        475        
474        475        
457        476        
457        477        
476        477        
458        478        
458        479        
478        479        
459        480        
459        481        
480        481        
460        482        
460        483        
482        483        
461        484        
461        485        
484        485        
462        486        
462        487        
486        487        
463        488        
463        489        
488        489        
464        490        
464        491        
490        491        
465        492        
465        493        
492        493        
466        494        
466        495        
494        495        
467        496        
467        497        
496        497        
468        498        
468        499        
498        499        
469        500        
469        501        
500        501        
470        501        
470        502        
501        502        
471        472        
471        503        
472        503        
473        474        
473        504        
474        504        
475        476        
475        505        
476        505        
477        478        
477        506        
478        506        
479        480        
479        507        
480        507        
481        482        
481        508        
482        508        
483        484        
483        509        
484        509        
485        486        
485        510        
486        510        
487        488        
487        511        
488        511        
489        490        
489        512        
490        512        
491        492        
491        513        
492        513        
493        494        
493        514        
494        514        
495        496        
495        515        
496        515        
497        498        
497        516        
498        516        
499        500        
499        517        
500        517        
503        518        
503        519        
518        519        
504        520        
504        521        
520        521        
505        522        
505        523        
522        523        
506        524        
506        525        
524        525        
507        526        
507        527        
526        527        
508        528        
508        529        
528        529        
509        530        
509        531        
530        531        
510        532        
510        533        
532        533        
511        534        
511        535        
534        535        
512        536        
512        537        
536        537        
513        538        
513        539        
538        539        
514        540        
514        541        
540        541        
515        542        
515        543        
542        543        
516        544        
516        545        
544        545        
517        546        
517        547        
546        547        
502        548        
502        549        
548        549        
518        549        
518        550        
549        550        
519        520        
519        551        
520        551        
521        522        
521        552        
522        552        
523        524        
523        553        
524        553        
525        526        
525        554        
526        554        
527        528        
527        555        
528        555        
529        530        
529        556        
530        556        
531        532        
531        557        
532        557        
533        534        
533        558        
534        558        
535        536        
535        559        
536        559        
537        538        
537        560        
538        560        
539        540        
539        561        
540        561        
541        542        
541        562        
542        562        
543        544        
543        563        
544        563        
545        546        
545        564        
546        564        
547        548        
547        565        
548        565        
550        566        
550        567        
566        567        
551        568        
551        569        
568        569        
552        570        
552        571        
570        571        
553        572        
553        573        
572        573        
554        574        
554        575        
574        575        
555        576        
555        577        
576        577        
556        578        
556        579        
578        579        
557        580        
557        581        
580        581        
558        582        
558        583        
582        583        
559        584        
559        585        
584        585        
560        586        
560        587        
586        587        
561        588        
561        589        
588        589        
562        590        
562        591        
590        591        
563        592        
563        593        
592        593        
564        594        
564        595        
594        595        
565        596        
565        597        
596        597        
566        597        
566        598        
597        598        
567        568        
567        599        
568        599        
569        570        
569        600        
570        600        
571        572        
571        601        
572        601        
573        574        
573        602        
574        602        
575        576        
575        603        
576        603        
577        578        
577        604        
578        604        
579        580        
579        605        
580        605        
581        582        
581        606        
582        606        
583        584        
583        607        
584        607        
585        586        
585        608        
586        608        
587        588        
587        609        
588        609        
589        590        
589        610        
590        610        
591        592        
591        611        
592        611        
593        594        
593        612        
594        612        
595        596        
595        613        
596        613        
599        614        
599        615        
614        615        
600        614        
600        616        
614        616        
601        617        
601        618        
617        618        
602        619        
602        620        
619        620        
603        621        
603        622        
621        622        
604        623        
604        624        
623        624        
605        625        
605        626        
625        626        
606        627        
606        628        
627        628        
607        629        
607        630        
629        630        
608        631        
608        632        
631        632        
609        633        
609        634        
633        634        
610        635        
610        636        
635        636        
611        637        
611        638        
637        638        
612        639        
612        640        
639        640        
613        641        
613        642        
641        642        
598        615        
598        642        
615        642        
616        617        
616        643        
617        643        
618        619        
618        644        
619        644        
620        621        
620        645        
621        645        
622        623        
622        646        
623        646        
624        625        
624        647        
625        647        
626        627        
626        648        
627        648        
628        629        
628        649        
629        649        
630        631        
630        650        
631        650        
632        633        
632        651        
633        651        
634        635        
634        652        
635        652        
636        637        
636        653        
637        653        
638        639        
638        654        
639        654        
640        641        
640        655        
641        655        
643        656        
643        657        
656        657        
644        658        
644        659        
658        659        
645        660        
645        661        
660        661        
646        662        
646        663        
662        663        
647        664        
647        665        
664        665        
648        666        
648        667        
666        667        
649        668        
649        669        
668        669        
650        670        
650        671        
670        671        
651        672        
651        673        
672        673        
652        674        
652        675        
674        675        
653        676        
653        677        
676        677        
654        678        
654        679        
678        679        
655        680        
655        681        
680        681        
656        658        
656        682        
658        682        
659        660        
659        683        
660        683        
661        662        
661        684        
662        684        
663        664        
663        685        
664        685        
665        666        
665        686        
666        686        
667        668        
667        687        
668        687        
669        670        
669        688        
670        688        
671        672        
671        689        
672        689        
673        674        
673        690        
674        690        
675        676        
675        691        
676        691        
677        678        
677        692        
678        692        
679        680        
679        693        
680        693        
682        694        
682        695        
694        695        
683        696        
683        697        
696        697        
684        698        
684        699        
698        699        
685        700        
685        701        
700        701        
686        702        
686        703        
702        703        
687        704        
687        705        
704        705        
688        706        
688        707        
706        707        
689        708        
689        709        
708        709        
690        710        
690        711        
710        711        
691        712        
691        713        
712        713        
692        714        
692        715        
714        715        
693        716        
693        717        
716        717        
2          657        
2          695        
657        695        
6          694        
6          697        
694        697        
9          696        
9          699        
696        699        
12         698        
12         701        
698        701        
15         700        
15         703        
700        703        
18         702        
18         705        
702        705        
21         704        
21         707        
704        707        
24         706        
24         709        
706        709        
27         708        
27         711        
708        711        
30         710        
30         713        
710        713        
33         712        
33         715        
712        715        
36         714        
36         717        
714        717        
38         681        
38         716        
681        716        
