3060
1          766        
1          782        
2          766        
2          1260       
3          766        
3          781        
4          767        
4          782        
5          767        
5          783        
6          767        
6          1261       
7          768        
7          783        
8          768        
8          784        
9          768        
9          1262       
10         769        
10         784        
11         769        
11         785        
12         769        
12         1263       
13         770        
13         785        
14         770        
14         786        
15         770        
15         1264       
16         771        
16         786        
17         771        
17         787        
18         771        
18         1265       
19         772        
19         787        
20         772        
20         788        
21         772        
21         1266       
22         773        
22         788        
23         773        
23         789        
24         773        
24         1267       
25         774        
25         789        
26         774        
26         790        
27         774        
27         1268       
28         775        
28         790        
29         775        
29         791        
30         775        
30         1269       
31         776        
31         791        
32         776        
32         792        
33         776        
33         1270       
34         777        
34         792        
35         777        
35         793        
36         777        
36         1271       
37         778        
37         793        
38         778        
38         794        
39         778        
39         1272       
40         779        
40         794        
41         779        
41         795        
42         779        
42         1273       
43         780        
43         795        
44         780        
44         796        
45         780        
45         1274       
46         781        
46         1275       
47         781        
47         796        
48         782        
48         797        
49         783        
49         798        
50         784        
50         799        
51         785        
51         800        
52         786        
52         801        
53         787        
53         802        
54         788        
54         803        
55         789        
55         804        
56         790        
56         805        
57         791        
57         806        
58         792        
58         807        
59         793        
59         808        
60         794        
60         809        
61         795        
61         810        
62         796        
62         811        
63         797        
63         812        
64         797        
64         813        
65         798        
65         813        
66         798        
66         814        
67         799        
67         814        
68         799        
68         815        
69         800        
69         815        
70         800        
70         816        
71         801        
71         816        
72         801        
72         817        
73         802        
73         817        
74         802        
74         818        
75         803        
75         818        
76         803        
76         819        
77         804        
77         819        
78         804        
78         820        
79         805        
79         820        
80         805        
80         821        
81         806        
81         821        
82         806        
82         822        
83         807        
83         822        
84         807        
84         823        
85         808        
85         823        
86         808        
86         824        
87         809        
87         824        
88         809        
88         825        
89         810        
89         825        
90         810        
90         826        
91         811        
91         826        
92         811        
92         827        
93         812        
93         828        
94         812        
94         827        
95         813        
95         829        
96         814        
96         830        
97         815        
97         831        
98         816        
98         832        
99         817        
99         833        
100        818        
100        834        
101        819        
101        835        
102        820        
102        836        
103        821        
103        837        
104        822        
104        838        
105        823        
105        839        
106        824        
106        840        
107        825        
107        841        
108        826        
108        842        
109        827        
109        843        
110        828        
110        844        
111        828        
111        845        
112        829        
112        845        
113        829        
113        846        
114        830        
114        846        
115        830        
115        847        
116        831        
116        847        
117        831        
117        848        
118        832        
118        848        
119        832        
119        849        
120        833        
120        849        
121        833        
121        850        
122        834        
122        850        
123        834        
123        851        
124        835        
124        851        
125        835        
125        852        
126        836        
126        852        
127        836        
127        853        
128        837        
128        853        
129        837        
129        854        
130        838        
130        854        
131        838        
131        855        
132        839        
132        855        
133        839        
133        856        
134        840        
134        856        
135        840        
135        857        
136        841        
136        857        
137        841        
137        858        
138        842        
138        858        
139        842        
139        859        
140        843        
140        859        
141        843        
141        844        
142        844        
142        875        
143        845        
143        860        
144        846        
144        861        
145        847        
145        862        
146        848        
146        863        
147        849        
147        864        
148        850        
148        865        
149        851        
149        866        
150        852        
150        867        
151        853        
151        868        
152        854        
152        869        
153        855        
153        870        
154        856        
154        871        
155        857        
155        872        
156        858        
156        873        
157        859        
157        874        
158        860        
158        876        
159        860        
159        877        
160        861        
160        877        
161        861        
161        878        
162        862        
162        878        
163        862        
163        879        
164        863        
164        879        
165        863        
165        880        
166        864        
166        880        
167        864        
167        881        
168        865        
168        881        
169        865        
169        882        
170        866        
170        882        
171        866        
171        883        
172        867        
172        883        
173        867        
173        884        
174        868        
174        884        
175        868        
175        885        
176        869        
176        885        
177        869        
177        886        
178        870        
178        886        
179        870        
179        887        
180        871        
180        887        
181        871        
181        888        
182        872        
182        888        
183        872        
183        889        
184        873        
184        889        
185        873        
185        890        
186        874        
186        890        
187        874        
187        891        
188        875        
188        891        
189        875        
189        876        
190        876        
190        892        
191        877        
191        893        
192        878        
192        894        
193        879        
193        895        
194        880        
194        896        
195        881        
195        897        
196        882        
196        898        
197        883        
197        899        
198        884        
198        900        
199        885        
199        901        
200        886        
200        902        
201        887        
201        903        
202        888        
202        904        
203        889        
203        905        
204        890        
204        906        
205        891        
205        907        
206        892        
206        908        
207        892        
207        909        
208        893        
208        909        
209        893        
209        910        
210        894        
210        910        
211        894        
211        911        
212        895        
212        911        
213        895        
213        912        
214        896        
214        912        
215        896        
215        913        
216        897        
216        913        
217        897        
217        914        
218        898        
218        914        
219        898        
219        915        
220        899        
220        915        
221        899        
221        916        
222        900        
222        916        
223        900        
223        917        
224        901        
224        917        
225        901        
225        918        
226        902        
226        918        
227        902        
227        919        
228        903        
228        919        
229        903        
229        920        
230        904        
230        920        
231        904        
231        921        
232        905        
232        921        
233        905        
233        922        
234        906        
234        922        
235        906        
235        923        
236        907        
236        923        
237        907        
237        908        
238        908        
238        939        
239        909        
239        924        
240        910        
240        925        
241        911        
241        926        
242        912        
242        927        
243        913        
243        928        
244        914        
244        929        
245        915        
245        930        
246        916        
246        931        
247        917        
247        932        
248        918        
248        933        
249        919        
249        934        
250        920        
250        935        
251        921        
251        936        
252        922        
252        937        
253        923        
253        938        
254        924        
254        940        
255        924        
255        941        
256        925        
256        941        
257        925        
257        942        
258        926        
258        942        
259        926        
259        943        
260        927        
260        943        
261        927        
261        944        
262        928        
262        944        
263        928        
263        945        
264        929        
264        945        
265        929        
265        946        
266        930        
266        946        
267        930        
267        947        
268        931        
268        947        
269        931        
269        948        
270        932        
270        948        
271        932        
271        949        
272        933        
272        949        
273        933        
273        950        
274        934        
274        950        
275        934        
275        951        
276        935        
276        951        
277        935        
277        952        
278        936        
278        952        
279        936        
279        953        
280        937        
280        953        
281        937        
281        954        
282        938        
282        954        
283        938        
283        955        
284        939        
284        955        
285        939        
285        940        
286        940        
286        956        
287        941        
287        957        
288        942        
288        958        
289        943        
289        959        
290        944        
290        960        
291        945        
291        961        
292        946        
292        962        
293        947        
293        963        
294        948        
294        964        
295        949        
295        965        
296        950        
296        966        
297        951        
297        967        
298        952        
298        968        
299        953        
299        969        
300        954        
300        970        
301        955        
301        971        
302        956        
302        972        
303        956        
303        973        
304        957        
304        973        
305        957        
305        974        
306        958        
306        974        
307        958        
307        975        
308        959        
308        975        
309        959        
309        976        
310        960        
310        976        
311        960        
311        977        
312        961        
312        977        
313        961        
313        978        
314        962        
314        978        
315        962        
315        979        
316        963        
316        979        
317        963        
317        980        
318        964        
318        980        
319        964        
319        981        
320        965        
320        981        
321        965        
321        982        
322        966        
322        982        
323        966        
323        983        
324        967        
324        983        
325        967        
325        984        
326        968        
326        984        
327        968        
327        985        
328        969        
328        985        
329        969        
329        986        
330        970        
330        986        
331        970        
331        987        
332        971        
332        987        
333        971        
333        972        
334        972        
334        1003       
335        973        
335        988        
336        974        
336        989        
337        975        
337        990        
338        976        
338        991        
339        977        
339        992        
340        978        
340        993        
341        979        
341        994        
342        980        
342        995        
343        981        
343        996        
344        982        
344        997        
345        983        
345        998        
346        984        
346        999        
347        985        
347        1000       
348        986        
348        1001       
349        987        
349        1002       
350        988        
350        1004       
351        988        
351        1005       
352        989        
352        1005       
353        989        
353        1006       
354        990        
354        1006       
355        990        
355        1007       
356        991        
356        1007       
357        991        
357        1008       
358        992        
358        1008       
359        992        
359        1009       
360        993        
360        1009       
361        993        
361        1010       
362        994        
362        1010       
363        994        
363        1011       
364        995        
364        1011       
365        995        
365        1012       
366        996        
366        1012       
367        996        
367        1013       
368        997        
368        1013       
369        997        
369        1014       
370        998        
370        1014       
371        998        
371        1015       
372        999        
372        1015       
373        999        
373        1016       
374        1000       
374        1016       
375        1000       
375        1017       
376        1001       
376        1017       
377        1001       
377        1018       
378        1002       
378        1018       
379        1002       
379        1019       
380        1003       
380        1019       
381        1003       
381        1004       
382        1004       
382        1020       
383        1005       
383        1021       
384        1006       
384        1022       
385        1007       
385        1023       
386        1008       
386        1024       
387        1009       
387        1025       
388        1010       
388        1026       
389        1011       
389        1027       
390        1012       
390        1028       
391        1013       
391        1029       
392        1014       
392        1030       
393        1015       
393        1031       
394        1016       
394        1032       
395        1017       
395        1033       
396        1018       
396        1034       
397        1019       
397        1035       
398        1020       
398        1036       
399        1020       
399        1037       
400        1021       
400        1037       
401        1021       
401        1038       
402        1022       
402        1038       
403        1022       
403        1039       
404        1023       
404        1039       
405        1023       
405        1040       
406        1024       
406        1040       
407        1024       
407        1041       
408        1025       
408        1041       
409        1025       
409        1042       
410        1026       
410        1042       
411        1026       
411        1043       
412        1027       
412        1043       
413        1027       
413        1044       
414        1028       
414        1044       
415        1028       
415        1045       
416        1029       
416        1045       
417        1029       
417        1046       
418        1030       
418        1046       
419        1030       
419        1047       
420        1031       
420        1047       
421        1031       
421        1048       
422        1032       
422        1048       
423        1032       
423        1049       
424        1033       
424        1049       
425        1033       
425        1050       
426        1034       
426        1050       
427        1034       
427        1051       
428        1035       
428        1051       
429        1035       
429        1036       
430        1036       
430        1067       
431        1037       
431        1052       
432        1038       
432        1053       
433        1039       
433        1054       
434        1040       
434        1055       
435        1041       
435        1056       
436        1042       
436        1057       
437        1043       
437        1058       
438        1044       
438        1059       
439        1045       
439        1060       
440        1046       
440        1061       
441        1047       
441        1062       
442        1048       
442        1063       
443        1049       
443        1064       
444        1050       
444        1065       
445        1051       
445        1066       
446        1052       
446        1068       
447        1052       
447        1069       
448        1053       
448        1069       
449        1053       
449        1070       
450        1054       
450        1070       
451        1054       
451        1071       
452        1055       
452        1071       
453        1055       
453        1072       
454        1056       
454        1072       
455        1056       
455        1073       
456        1057       
456        1073       
457        1057       
457        1074       
458        1058       
458        1074       
459        1058       
459        1075       
460        1059       
460        1075       
461        1059       
461        1076       
462        1060       
462        1076       
463        1060       
463        1077       
464        1061       
464        1077       
465        1061       
465        1078       
466        1062       
466        1078       
467        1062       
467        1079       
468        1063       
468        1079       
469        1063       
469        1080       
470        1064       
470        1080       
471        1064       
471        1081       
472        1065       
472        1081       
473        1065       
473        1082       
474        1066       
474        1082       
475        1066       
475        1083       
476        1067       
476        1083       
477        1067       
477        1068       
478        1068       
478        1084       
479        1069       
479        1085       
480        1070       
480        1086       
481        1071       
481        1087       
482        1072       
482        1088       
483        1073       
483        1089       
484        1074       
484        1090       
485        1075       
485        1091       
486        1076       
486        1092       
487        1077       
487        1093       
488        1078       
488        1094       
489        1079       
489        1095       
490        1080       
490        1096       
491        1081       
491        1097       
492        1082       
492        1098       
493        1083       
493        1099       
494        1084       
494        1100       
495        1084       
495        1101       
496        1085       
496        1101       
497        1085       
497        1102       
498        1086       
498        1102       
499        1086       
499        1103       
500        1087       
500        1103       
501        1087       
501        1104       
502        1088       
502        1104       
503        1088       
503        1105       
504        1089       
504        1105       
505        1089       
505        1106       
506        1090       
506        1106       
507        1090       
507        1107       
508        1091       
508        1107       
509        1091       
509        1108       
510        1092       
510        1108       
511        1092       
511        1109       
512        1093       
512        1109       
513        1093       
513        1110       
514        1094       
514        1110       
515        1094       
515        1111       
516        1095       
516        1111       
517        1095       
517        1112       
518        1096       
518        1112       
519        1096       
519        1113       
520        1097       
520        1113       
521        1097       
521        1114       
522        1098       
522        1114       
523        1098       
523        1115       
524        1099       
524        1115       
525        1099       
525        1100       
526        1100       
526        1131       
527        1101       
527        1116       
528        1102       
528        1117       
529        1103       
529        1118       
530        1104       
530        1119       
531        1105       
531        1120       
532        1106       
532        1121       
533        1107       
533        1122       
534        1108       
534        1123       
535        1109       
535        1124       
536        1110       
536        1125       
537        1111       
537        1126       
538        1112       
538        1127       
539        1113       
539        1128       
540        1114       
540        1129       
541        1115       
541        1130       
542        1116       
542        1132       
543        1116       
543        1133       
544        1117       
544        1133       
545        1117       
545        1134       
546        1118       
546        1134       
547        1118       
547        1135       
548        1119       
548        1135       
549        1119       
549        1136       
550        1120       
550        1136       
551        1120       
551        1137       
552        1121       
552        1137       
553        1121       
553        1138       
554        1122       
554        1138       
555        1122       
555        1139       
556        1123       
556        1139       
557        1123       
557        1140       
558        1124       
558        1140       
559        1124       
559        1141       
560        1125       
560        1141       
561        1125       
561        1142       
562        1126       
562        1142       
563        1126       
563        1143       
564        1127       
564        1143       
565        1127       
565        1144       
566        1128       
566        1144       
567        1128       
567        1145       
568        1129       
568        1145       
569        1129       
569        1146       
570        1130       
570        1146       
571        1130       
571        1147       
572        1131       
572        1147       
573        1131       
573        1132       
574        1132       
574        1148       
575        1133       
575        1149       
576        1134       
576        1150       
577        1135       
577        1151       
578        1136       
578        1152       
579        1137       
579        1153       
580        1138       
580        1154       
581        1139       
581        1155       
582        1140       
582        1156       
583        1141       
583        1157       
584        1142       
584        1158       
585        1143       
585        1159       
586        1144       
586        1160       
587        1145       
587        1161       
588        1146       
588        1162       
589        1147       
589        1163       
590        1148       
590        1164       
591        1148       
591        1165       
592        1149       
592        1165       
593        1149       
593        1166       
594        1150       
594        1166       
595        1150       
595        1167       
596        1151       
596        1167       
597        1151       
597        1168       
598        1152       
598        1168       
599        1152       
599        1169       
600        1153       
600        1169       
601        1153       
601        1170       
602        1154       
602        1170       
603        1154       
603        1171       
604        1155       
604        1171       
605        1155       
605        1172       
606        1156       
606        1172       
607        1156       
607        1173       
608        1157       
608        1173       
609        1157       
609        1174       
610        1158       
610        1174       
611        1158       
611        1175       
612        1159       
612        1175       
613        1159       
613        1176       
614        1160       
614        1176       
615        1160       
615        1177       
616        1161       
616        1177       
617        1161       
617        1178       
618        1162       
618        1178       
619        1162       
619        1179       
620        1163       
620        1179       
621        1163       
621        1164       
622        1164       
622        1195       
623        1165       
623        1180       
624        1166       
624        1181       
625        1167       
625        1182       
626        1168       
626        1183       
627        1169       
627        1184       
628        1170       
628        1185       
629        1171       
629        1186       
630        1172       
630        1187       
631        1173       
631        1188       
632        1174       
632        1189       
633        1175       
633        1190       
634        1176       
634        1191       
635        1177       
635        1192       
636        1178       
636        1193       
637        1179       
637        1194       
638        1180       
638        1196       
639        1180       
639        1197       
640        1181       
640        1197       
641        1181       
641        1198       
642        1182       
642        1198       
643        1182       
643        1199       
644        1183       
644        1199       
645        1183       
645        1200       
646        1184       
646        1200       
647        1184       
647        1201       
648        1185       
648        1201       
649        1185       
649        1202       
650        1186       
650        1202       
651        1186       
651        1203       
652        1187       
652        1203       
653        1187       
653        1204       
654        1188       
654        1204       
655        1188       
655        1205       
656        1189       
656        1205       
657        1189       
657        1206       
658        1190       
658        1206       
659        1190       
659        1207       
660        1191       
660        1207       
661        1191       
661        1208       
662        1192       
662        1208       
663        1192       
663        1209       
664        1193       
664        1209       
665        1193       
665        1210       
666        1194       
666        1210       
667        1194       
667        1211       
668        1195       
668        1211       
669        1195       
669        1196       
670        1196       
670        1212       
671        1197       
671        1213       
672        1198       
672        1214       
673        1199       
673        1215       
674        1200       
674        1216       
675        1201       
675        1217       
676        1202       
676        1218       
677        1203       
677        1219       
678        1204       
678        1220       
679        1205       
679        1221       
680        1206       
680        1222       
681        1207       
681        1223       
682        1208       
682        1224       
683        1209       
683        1225       
684        1210       
684        1226       
685        1211       
685        1227       
686        1212       
686        1228       
687        1212       
687        1229       
688        1213       
688        1229       
689        1213       
689        1230       
690        1214       
690        1230       
691        1214       
691        1231       
692        1215       
692        1231       
693        1215       
693        1232       
694        1216       
694        1232       
695        1216       
695        1233       
696        1217       
696        1233       
697        1217       
697        1234       
698        1218       
698        1234       
699        1218       
699        1235       
700        1219       
700        1235       
701        1219       
701        1236       
702        1220       
702        1236       
703        1220       
703        1237       
704        1221       
704        1237       
705        1221       
705        1238       
706        1222       
706        1238       
707        1222       
707        1239       
708        1223       
708        1239       
709        1223       
709        1240       
710        1224       
710        1240       
711        1224       
711        1241       
712        1225       
712        1241       
713        1225       
713        1242       
714        1226       
714        1242       
715        1226       
715        1243       
716        1227       
716        1243       
717        1227       
717        1228       
718        1228       
718        1259       
719        1229       
719        1244       
720        1230       
720        1245       
721        1231       
721        1246       
722        1232       
722        1247       
723        1233       
723        1248       
724        1234       
724        1249       
725        1235       
725        1250       
726        1236       
726        1251       
727        1237       
727        1252       
728        1238       
728        1253       
729        1239       
729        1254       
730        1240       
730        1255       
731        1241       
731        1256       
732        1242       
732        1257       
733        1243       
733        1258       
734        1244       
734        1261       
735        1244       
735        1260       
736        1245       
736        1262       
737        1245       
737        1261       
738        1246       
738        1263       
739        1246       
739        1262       
740        1247       
740        1264       
741        1247       
741        1263       
742        1248       
742        1265       
743        1248       
743        1264       
744        1249       
744        1266       
745        1249       
745        1265       
746        1250       
746        1267       
747        1250       
747        1266       
748        1251       
748        1268       
749        1251       
749        1267       
750        1252       
750        1269       
751        1252       
751        1268       
752        1253       
752        1270       
753        1253       
753        1269       
754        1254       
754        1271       
755        1254       
755        1270       
756        1255       
756        1272       
757        1255       
757        1271       
758        1256       
758        1273       
759        1256       
759        1272       
760        1257       
760        1274       
761        1257       
761        1273       
762        1258       
762        1275       
763        1258       
763        1274       
764        1259       
764        1260       
765        1259       
765        1275       
1          2          
1          3          
2          3          
4          5          
4          6          
5          6          
7          8          
7          9          
8          9          
10         11         
10         12         
11         12         
13         14         
13         15         
14         15         
16         17         
16         18         
17         18         
19         20         
19         21         
20         21         
22         23         
22         24         
23         24         
25         26         
25         27         
26         27         
28         29         
28         30         
29         30         
31         32         
31         33         
32         33         
34         35         
34         36         
35         36         
37         38         
37         39         
38         39         
40         41         
40         42         
41         42         
43         44         
43         45         
44         45         
3          46         
3          47         
46         47         
1          4          
1          48         
4          48         
5          7          
5          49         
7          49         
8          10         
8          50         
10         50         
11         13         
11         51         
13         51         
14         16         
14         52         
16         52         
17         19         
17         53         
19         53         
20         22         
20         54         
22         54         
23         25         
23         55         
25         55         
26         28         
26         56         
28         56         
29         31         
29         57         
31         57         
32         34         
32         58         
34         58         
35         37         
35         59         
37         59         
38         40         
38         60         
40         60         
41         43         
41         61         
43         61         
44         47         
44         62         
47         62         
48         63         
48         64         
63         64         
49         65         
49         66         
65         66         
50         67         
50         68         
67         68         
51         69         
51         70         
69         70         
52         71         
52         72         
71         72         
53         73         
53         74         
73         74         
54         75         
54         76         
75         76         
55         77         
55         78         
77         78         
56         79         
56         80         
79         80         
57         81         
57         82         
81         82         
58         83         
58         84         
83         84         
59         85         
59         86         
85         86         
60         87         
60         88         
87         88         
61         89         
61         90         
89         90         
62         91         
62         92         
91         92         
63         93         
63         94         
93         94         
64         65         
64         95         
65         95         
66         67         
66         96         
67         96         
68         69         
68         97         
69         97         
70         71         
70         98         
71         98         
72         73         
72         99         
73         99         
74         75         
74         100        
75         100        
76         77         
76         101        
77         101        
78         79         
78         102        
79         102        
80         81         
80         103        
81         103        
82         83         
82         104        
83         104        
84         85         
84         105        
85         105        
86         87         
86         106        
87         106        
88         89         
88         107        
89         107        
90         91         
90         108        
91         108        
92         94         
92         109        
94         109        
93         110        
93         111        
110        111        
95         112        
95         113        
112        113        
96         114        
96         115        
114        115        
97         116        
97         117        
116        117        
98         118        
98         119        
118        119        
99         120        
99         121        
120        121        
100        122        
100        123        
122        123        
101        124        
101        125        
124        125        
102        126        
102        127        
126        127        
103        128        
103        129        
128        129        
104        130        
104        131        
130        131        
105        132        
105        133        
132        133        
106        134        
106        135        
134        135        
107        136        
107        137        
136        137        
108        138        
108        139        
138        139        
109        140        
109        141        
140        141        
110        141        
110        142        
141        142        
111        112        
111        143        
112        143        
113        114        
113        144        
114        144        
115        116        
115        145        
116        145        
117        118        
117        146        
118        146        
119        120        
119        147        
120        147        
121        122        
121        148        
122        148        
123        124        
123        149        
124        149        
125        126        
125        150        
126        150        
127        128        
127        151        
128        151        
129        130        
129        152        
130        152        
131        132        
131        153        
132        153        
133        134        
133        154        
134        154        
135        136        
135        155        
136        155        
137        138        
137        156        
138        156        
139        140        
139        157        
140        157        
143        158        
143        159        
158        159        
144        160        
144        161        
160        161        
145        162        
145        163        
162        163        
146        164        
146        165        
164        165        
147        166        
147        167        
166        167        
148        168        
148        169        
168        169        
149        170        
149        171        
170        171        
150        172        
150        173        
172        173        
151        174        
151        175        
174        175        
152        176        
152        177        
176        177        
153        178        
153        179        
178        179        
154        180        
154        181        
180        181        
155        182        
155        183        
182        183        
156        184        
156        185        
184        185        
157        186        
157        187        
186        187        
142        188        
142        189        
188        189        
158        189        
158        190        
189        190        
159        160        
159        191        
160        191        
161        162        
161        192        
162        192        
163        164        
163        193        
164        193        
165        166        
165        194        
166        194        
167        168        
167        195        
168        195        
169        170        
169        196        
170        196        
171        172        
171        197        
172        197        
173        174        
173        198        
174        198        
175        176        
175        199        
176        199        
177        178        
177        200        
178        200        
179        180        
179        201        
180        201        
181        182        
181        202        
182        202        
183        184        
183        203        
184        203        
185        186        
185        204        
186        204        
187        188        
187        205        
188        205        
190        206        
190        207        
206        207        
191        208        
191        209        
208        209        
192        210        
192        211        
210        211        
193        212        
193        213        
212        213        
194        214        
194        215        
214        215        
195        216        
195        217        
216        217        
196        218        
196        219        
218        219        
197        220        
197        221        
220        221        
198        222        
198        223        
222        223        
199        224        
199        225        
224        225        
200        226        
200        227        
226        227        
201        228        
201        229        
228        229        
202        230        
202        231        
230        231        
203        232        
203        233        
232        233        
204        234        
204        235        
234        235        
205        236        
205        237        
236        237        
206        237        
206        238        
237        238        
207        208        
207        239        
208        239        
209        210        
209        240        
210        240        
211        212        
211        241        
212        241        
213        214        
213        242        
214        242        
215        216        
215        243        
216        243        
217        218        
217        244        
218        244        
219        220        
219        245        
220        245        
221        222        
221        246        
222        246        
223        224        
223        247        
224        247        
225        226        
225        248        
226        248        
227        228        
227        249        
228        249        
229        230        
229        250        
230        250        
231        232        
231        251        
232        251        
233        234        
233        252        
234        252        
235        236        
235        253        
236        253        
239        254        
239        255        
254        255        
240        256        
240        257        
256        257        
241        258        
241        259        
258        259        
242        260        
242        261        
260        261        
243        262        
243        263        
262        263        
244        264        
244        265        
264        265        
245        266        
245        267        
266        267        
246        268        
246        269        
268        269        
247        270        
247        271        
270        271        
248        272        
248        273        
272        273        
249        274        
249        275        
274        275        
250        276        
250        277        
276        277        
251        278        
251        279        
278        279        
252        280        
252        281        
280        281        
253        282        
253        283        
282        283        
238        284        
238        285        
284        285        
254        285        
254        286        
285        286        
255        256        
255        287        
256        287        
257        258        
257        288        
258        288        
259        260        
259        289        
260        289        
261        262        
261        290        
262        290        
263        264        
263        291        
264        291        
265        266        
265        292        
266        292        
267        268        
267        293        
268        293        
269        270        
269        294        
270        294        
271        272        
271        295        
272        295        
273        274        
273        296        
274        296        
275        276        
275        297        
276        297        
277        278        
277        298        
278        298        
279        280        
279        299        
280        299        
281        282        
281        300        
282        300        
283        284        
283        301        
284        301        
286        302        
286        303        
302        303        
287        304        
287        305        
304        305        
288        306        
288        307        
306        307        
289        308        
289        309        
308        309        
290        310        
290        311        
310        311        
291        312        
291        313        
312        313        
292        314        
292        315        
314        315        
293        316        
293        317        
316        317        
294        318        
294        319        
318        319        
295        320        
295        321        
320        321        
296        322        
296        323        
322        323        
297        324        
297        325        
324        325        
298        326        
298        327        
326        327        
299        328        
299        329        
328        329        
300        330        
300        331        
330        331        
301        332        
301        333        
332        333        
302        333        
302        334        
333        334        
303        304        
303        335        
304        335        
305        306        
305        336        
306        336        
307        308        
307        337        
308        337        
309        310        
309        338        
310        338        
311        312        
311        339        
312        339        
313        314        
313        340        
314        340        
315        316        
315        341        
316        341        
317        318        
317        342        
318        342        
319        320        
319        343        
320        343        
321        322        
321        344        
322        344        
323        324        
323        345        
324        345        
325        326        
325        346        
326        346        
327        328        
327        347        
328        347        
329        330        
329        348        
330        348        
331        332        
331        349        
332        349        
335        350        
335        351        
350        351        
336        352        
336        353        
352        353        
337        354        
337        355        
354        355        
338        356        
338        357        
356        357        
339        358        
339        359        
358        359        
340        360        
340        361        
360        361        
341        362        
341        363        
362        363        
342        364        
342        365        
364        365        
343        366        
343        367        
366        367        
344        368        
344        369        
368        369        
345        370        
345        371        
370        371        
346        372        
346        373        
372        373        
347        374        
347        375        
374        375        
348        376        
348        377        
376        377        
349        378        
349        379        
378        379        
334        380        
334        381        
380        381        
350        381        
350        382        
381        382        
351        352        
351        383        
352        383        
353        354        
353        384        
354        384        
355        356        
355        385        
356        385        
357        358        
357        386        
358        386        
359        360        
359        387        
360        387        
361        362        
361        388        
362        388        
363        364        
363        389        
364        389        
365        366        
365        390        
366        390        
367        368        
367        391        
368        391        
369        370        
369        392        
370        392        
371        372        
371        393        
372        393        
373        374        
373        394        
374        394        
375        376        
375        395        
376        395        
377        378        
377        396        
378        396        
379        380        
379        397        
380        397        
382        398        
382        399        
398        399        
383        400        
383        401        
400        401        
384        402        
384        403        
402        403        
385        404        
385        405        
404        405        
386        406        
386        407        
406        407        
387        408        
387        409        
408        409        
388        410        
388        411        
410        411        
389        412        
389        413        
412        413        
390        414        
390        415        
414        415        
391        416        
391        417        
416        417        
392        418        
392        419        
418        419        
393        420        
393        421        
420        421        
394        422        
394        423        
422        423        
395        424        
395        425        
424        425        
396        426        
396        427        
426        427        
397        428        
397        429        
428        429        
398        429        
398        430        
429        430        
399        400        
399        431        
400        431        
401        402        
401        432        
402        432        
403        404        
403        433        
404        433        
405        406        
405        434        
406        434        
407        408        
407        435        
408        435        
409        410        
409        436        
410        436        
411        412        
411        437        
412        437        
413        414        
413        438        
414        438        
415        416        
415        439        
416        439        
417        418        
417        440        
418        440        
419        420        
419        441        
420        441        
421        422        
421        442        
422        442        
423        424        
423        443        
424        443        
425        426        
425        444        
426        444        
427        428        
427        445        
428        445        
431        446        
431        447        
446        447        
432        448        
432        449        
448        449        
433        450        
433        451        
450        451        
434        452        
434        453        
452        453        
435        454        
435        455        
454        455        
436        456        
436        457        
456        457        
437        458        
437        459        
458        459        
438        460        
438        461        
460        461        
439        462        
439        463        
462        463        
440        464        
440        465        
464        465        
441        466        
441        467        
466        467        
442        468        
442        469        
468        469        
443        470        
443        471        
470        471        
444        472        
444        473        
472        473        
445        474        
445        475        
474        475        
430        476        
430        477        
476        477        
446        477        
446        478        
477        478        
447        448        
447        479        
448        479        
449        450        
449        480        
450        480        
451        452        
451        481        
452        481        
453        454        
453        482        
454        482        
455        456        
455        483        
456        483        
457        458        
457        484        
458        484        
459        460        
459        485        
460        485        
461        462        
461        486        
462        486        
463        464        
463        487        
464        487        
465        466        
465        488        
466        488        
467        468        
467        489        
468        489        
469        470        
469        490        
470        490        
471        472        
471        491        
472        491        
473        474        
473        492        
474        492        
475        476        
475        493        
476        493        
478        494        
478        495        
494        495        
479        496        
479        497        
496        497        
480        498        
480        499        
498        499        
481        500        
481        501        
500        501        
482        502        
482        503        
502        503        
483        504        
483        505        
504        505        
484        506        
484        507        
506        507        
485        508        
485        509        
508        509        
486        510        
486        511        
510        511        
487        512        
487        513        
512        513        
488        514        
488        515        
514        515        
489        516        
489        517        
516        517        
490        518        
490        519        
518        519        
491        520        
491        521        
520        521        
492        522        
492        523        
522        523        
493        524        
493        525        
524        525        
494        525        
494        526        
525        526        
495        496        
495        527        
496        527        
497        498        
497        528        
498        528        
499        500        
499        529        
500        529        
501        502        
501        530        
502        530        
503        504        
503        531        
504        531        
505        506        
505        532        
506        532        
507        508        
507        533        
508        533        
509        510        
509        534        
510        534        
511        512        
511        535        
512        535        
513        514        
513        536        
514        536        
515        516        
515        537        
516        537        
517        518        
517        538        
518        538        
519        520        
519        539        
520        539        
521        522        
521        540        
522        540        
523        524        
523        541        
524        541        
527        542        
527        543        
542        543        
528        544        
528        545        
544        545        
529        546        
529        547        
546        547        
530        548        
530        549        
548        549        
531        550        
531        551        
550        551        
532        552        
532        553        
552        553        
533        554        
533        555        
554        555        
534        556        
534        557        
556        557        
535        558        
535        559        
558        559        
536        560        
536        561        
560        561        
537        562        
537        563        
562        563        
538        564        
538        565        
564        565        
539        566        
539        567        
566        567        
540        568        
540        569        
568        569        
541        570        
541        571        
570        571        
526        572        
526        573        
572        573        
542        573        
542        574        
573        574        
543        544        
543        575        
544        575        
545        546        
545        576        
546        576        
547        548        
547        577        
548        577        
549        550        
549        578        
550        578        
551        552        
551        579        
552        579        
553        554        
553        580        
554        580        
555        556        
555        581        
556        581        
557        558        
557        582        
558        582        
559        560        
559        583        
560        583        
561        562        
561        584        
562        584        
563        564        
563        585        
564        585        
565        566        
565        586        
566        586        
567        568        
567        587        
568        587        
569        570        
569        588        
570        588        
571        572        
571        589        
572        589        
574        590        
574        591        
590        591        
575        592        
575        593        
592        593        
576        594        
576        595        
594        595        
577        596        
577        597        
596        597        
578        598        
578        599        
598        599        
579        600        
579        601        
600        601        
580        602        
580        603        
602        603        
581        604        
581        605        
604        605        
582        606        
582        607        
606        607        
583        608        
583        609        
608        609        
584        610        
584        611        
610        611        
585        612        
585        613        
612        613        
586        614        
586        615        
614        615        
587        616        
587        617        
616        617        
588        618        
588        619        
618        619        
589        620        
589        621        
620        621        
590        621        
590        622        
621        622        
591        592        
591        623        
592        623        
593        594        
593        624        
594        624        
595        596        
595        625        
596        625        
597        598        
597        626        
598        626        
599        600        
599        627        
600        627        
601        602        
601        628        
602        628        
603        604        
603        629        
604        629        
605        606        
605        630        
606        630        
607        608        
607        631        
608        631        
609        610        
609        632        
610        632        
611        612        
611        633        
612        633        
613        614        
613        634        
614        634        
615        616        
615        635        
616        635        
617        618        
617        636        
618        636        
619        620        
619        637        
620        637        
623        638        
623        639        
638        639        
624        640        
624        641        
640        641        
625        642        
625        643        
642        643        
626        644        
626        645        
644        645        
627        646        
627        647        
646        647        
628        648        
628        649        
648        649        
629        650        
629        651        
650        651        
630        652        
630        653        
652        653        
631        654        
631        655        
654        655        
632        656        
632        657        
656        657        
633        658        
633        659        
658        659        
634        660        
634        661        
660        661        
635        662        
635        663        
662        663        
636        664        
636        665        
664        665        
637        666        
637        667        
666        667        
622        668        
622        669        
668        669        
638        669        
638        670        
669        670        
639        640        
639        671        
640        671        
641        642        
641        672        
642        672        
643        644        
643        673        
644        673        
645        646        
645        674        
646        674        
647        648        
647        675        
648        675        
649        650        
649        676        
650        676        
651        652        
651        677        
652        677        
653        654        
653        678        
654        678        
655        656        
655        679        
656        679        
657        658        
657        680        
658        680        
659        660        
659        681        
660        681        
661        662        
661        682        
662        682        
663        664        
663        683        
664        683        
665        666        
665        684        
666        684        
667        668        
667        685        
668        685        
670        686        
670        687        
686        687        
671        688        
671        689        
688        689        
672        690        
672        691        
690        691        
673        692        
673        693        
692        693        
674        694        
674        695        
694        695        
675        696        
675        697        
696        697        
676        698        
676        699        
698        699        
677        700        
677        701        
700        701        
678        702        
678        703        
702        703        
679        704        
679        705        
704        705        
680        706        
680        707        
706        707        
681        708        
681        709        
708        709        
682        710        
682        711        
710        711        
683        712        
683        713        
712        713        
684        714        
684        715        
714        715        
685        716        
685        717        
716        717        
686        717        
686        718        
717        718        
687        688        
687        719        
688        719        
689        690        
689        720        
690        720        
691        692        
691        721        
692        721        
693        694        
693        722        
694        722        
695        696        
695        723        
696        723        
697        698        
697        724        
698        724        
699        700        
699        725        
700        725        
701        702        
701        726        
702        726        
703        704        
703        727        
704        727        
705        706        
705        728        
706        728        
707        708        
707        729        
708        729        
709        710        
709        730        
710        730        
711        712        
711        731        
712        731        
713        714        
713        732        
714        732        
715        716        
715        733        
716        733        
719        734        
719        735        
734        735        
720        736        
720        737        
736        737        
721        738        
721        739        
738        739        
722        740        
722        741        
740        741        
723        742        
723        743        
742        743        
724        744        
724        745        
744        745        
725        746        
725        747        
746        747        
726        748        
726        749        
748        749        
727        750        
727        751        
750        751        
728        752        
728        753        
752        753        
729        754        
729        755        
754        755        
730        756        
730        757        
756        757        
731        758        
731        759        
758        759        
732        760        
732        761        
760        761        
733        762        
733        763        
762        763        
718        764        
718        765        
764        765        
2          735        
2          764        
735        764        
6          734        
6          737        
734        737        
9          736        
9          739        
736        739        
12         738        
12         741        
738        741        
15         740        
15         743        
740        743        
18         742        
18         745        
742        745        
21         744        
21         747        
744        747        
24         746        
24         749        
746        749        
27         748        
27         751        
748        751        
30         750        
30         753        
750        753        
33         752        
33         755        
752        755        
36         754        
36         757        
754        757        
39         756        
39         759        
756        759        
42         758        
42         761        
758        761        
45         760        
45         763        
760        763        
46         762        
46         765        
762        765        
