2712
1          679        
1          689        
2          679        
2          690        
3          679        
3          1121       
4          680        
4          690        
5          680        
5          691        
6          680        
6          1122       
7          681        
7          691        
8          681        
8          692        
9          681        
9          1123       
10         682        
10         692        
11         682        
11         693        
12         682        
12         1124       
13         683        
13         693        
14         683        
14         694        
15         683        
15         1125       
16         684        
16         694        
17         684        
17         695        
18         684        
18         1126       
19         685        
19         695        
20         685        
20         696        
21         685        
21         1127       
22         686        
22         696        
23         686        
23         697        
24         686        
24         1128       
25         687        
25         697        
26         687        
26         698        
27         687        
27         1129       
28         688        
28         698        
29         688        
29         699        
30         688        
30         1130       
31         689        
31         700        
32         689        
32         1110       
33         690        
33         701        
34         691        
34         702        
35         692        
35         703        
36         693        
36         704        
37         694        
37         705        
38         695        
38         706        
39         696        
39         707        
40         697        
40         708        
41         698        
41         709        
42         699        
42         710        
43         699        
43         1120       
44         700        
44         711        
45         700        
45         721        
46         701        
46         711        
47         701        
47         712        
48         702        
48         712        
49         702        
49         713        
50         703        
50         713        
51         703        
51         714        
52         704        
52         714        
53         704        
53         715        
54         705        
54         715        
55         705        
55         716        
56         706        
56         716        
57         706        
57         717        
58         707        
58         717        
59         707        
59         718        
60         708        
60         718        
61         708        
61         719        
62         709        
62         719        
63         709        
63         720        
64         710        
64         720        
65         710        
65         732        
66         711        
66         722        
67         712        
67         723        
68         713        
68         724        
69         714        
69         725        
70         715        
70         726        
71         716        
71         727        
72         717        
72         728        
73         718        
73         729        
74         719        
74         730        
75         720        
75         731        
76         721        
76         733        
77         721        
77         734        
78         722        
78         734        
79         722        
79         735        
80         723        
80         735        
81         723        
81         736        
82         724        
82         736        
83         724        
83         737        
84         725        
84         737        
85         725        
85         738        
86         726        
86         738        
87         726        
87         739        
88         727        
88         739        
89         727        
89         740        
90         728        
90         740        
91         728        
91         741        
92         729        
92         741        
93         729        
93         742        
94         730        
94         742        
95         730        
95         743        
96         731        
96         743        
97         731        
97         744        
98         732        
98         744        
99         732        
99         745        
100        733        
100        746        
101        733        
101        760        
102        734        
102        747        
103        735        
103        748        
104        736        
104        749        
105        737        
105        750        
106        738        
106        751        
107        739        
107        752        
108        740        
108        753        
109        741        
109        754        
110        742        
110        755        
111        743        
111        756        
112        744        
112        757        
113        745        
113        758        
114        745        
114        759        
115        746        
115        761        
116        746        
116        762        
117        747        
117        762        
118        747        
118        763        
119        748        
119        763        
120        748        
120        764        
121        749        
121        764        
122        749        
122        765        
123        750        
123        765        
124        750        
124        766        
125        751        
125        766        
126        751        
126        767        
127        752        
127        767        
128        752        
128        768        
129        753        
129        768        
130        753        
130        769        
131        754        
131        769        
132        754        
132        770        
133        755        
133        770        
134        755        
134        771        
135        756        
135        771        
136        756        
136        772        
137        757        
137        772        
138        757        
138        773        
139        758        
139        773        
140        758        
140        774        
141        759        
141        774        
142        759        
142        775        
143        760        
143        776        
144        760        
144        761        
145        761        
145        777        
146        762        
146        778        
147        763        
147        779        
148        764        
148        780        
149        765        
149        781        
150        766        
150        782        
151        767        
151        783        
152        768        
152        784        
153        769        
153        785        
154        770        
154        786        
155        771        
155        787        
156        772        
156        788        
157        773        
157        789        
158        774        
158        790        
159        775        
159        791        
160        775        
160        776        
161        776        
161        792        
162        777        
162        793        
163        777        
163        794        
164        778        
164        794        
165        778        
165        795        
166        779        
166        795        
167        779        
167        796        
168        780        
168        796        
169        780        
169        797        
170        781        
170        797        
171        781        
171        798        
172        782        
172        798        
173        782        
173        799        
174        783        
174        799        
175        783        
175        800        
176        784        
176        800        
177        784        
177        801        
178        785        
178        801        
179        785        
179        802        
180        786        
180        802        
181        786        
181        803        
182        787        
182        803        
183        787        
183        804        
184        788        
184        804        
185        788        
185        805        
186        789        
186        805        
187        789        
187        806        
188        790        
188        806        
189        790        
189        807        
190        791        
190        807        
191        791        
191        808        
192        792        
192        808        
193        792        
193        793        
194        793        
194        824        
195        794        
195        809        
196        795        
196        810        
197        796        
197        811        
198        797        
198        812        
199        798        
199        813        
200        799        
200        814        
201        800        
201        815        
202        801        
202        816        
203        802        
203        817        
204        803        
204        818        
205        804        
205        819        
206        805        
206        820        
207        806        
207        821        
208        807        
208        822        
209        808        
209        823        
210        809        
210        825        
211        809        
211        826        
212        810        
212        826        
213        810        
213        827        
214        811        
214        827        
215        811        
215        828        
216        812        
216        828        
217        812        
217        829        
218        813        
218        829        
219        813        
219        830        
220        814        
220        830        
221        814        
221        831        
222        815        
222        831        
223        815        
223        832        
224        816        
224        832        
225        816        
225        833        
226        817        
226        833        
227        817        
227        834        
228        818        
228        834        
229        818        
229        835        
230        819        
230        835        
231        819        
231        836        
232        820        
232        836        
233        820        
233        837        
234        821        
234        837        
235        821        
235        838        
236        822        
236        838        
237        822        
237        839        
238        823        
238        839        
239        823        
239        840        
240        824        
240        840        
241        824        
241        825        
242        825        
242        841        
243        826        
243        842        
244        827        
244        843        
245        828        
245        844        
246        829        
246        845        
247        830        
247        846        
248        831        
248        847        
249        832        
249        848        
250        833        
250        849        
251        834        
251        850        
252        835        
252        851        
253        836        
253        852        
254        837        
254        853        
255        838        
255        854        
256        839        
256        855        
257        840        
257        856        
258        841        
258        857        
259        841        
259        858        
260        842        
260        858        
261        842        
261        859        
262        843        
262        859        
263        843        
263        860        
264        844        
264        860        
265        844        
265        861        
266        845        
266        861        
267        845        
267        862        
268        846        
268        862        
269        846        
269        863        
270        847        
270        863        
271        847        
271        864        
272        848        
272        864        
273        848        
273        865        
274        849        
274        865        
275        849        
275        866        
276        850        
276        866        
277        850        
277        867        
278        851        
278        867        
279        851        
279        868        
280        852        
280        868        
281        852        
281        869        
282        853        
282        869        
283        853        
283        870        
284        854        
284        870        
285        854        
285        871        
286        855        
286        871        
287        855        
287        872        
288        856        
288        872        
289        856        
289        857        
290        857        
290        888        
291        858        
291        873        
292        859        
292        874        
293        860        
293        875        
294        861        
294        876        
295        862        
295        877        
296        863        
296        878        
297        864        
297        879        
298        865        
298        880        
299        866        
299        881        
300        867        
300        882        
301        868        
301        883        
302        869        
302        884        
303        870        
303        885        
304        871        
304        886        
305        872        
305        887        
306        873        
306        889        
307        873        
307        890        
308        874        
308        890        
309        874        
309        891        
310        875        
310        891        
311        875        
311        892        
312        876        
312        892        
313        876        
313        893        
314        877        
314        893        
315        877        
315        894        
316        878        
316        894        
317        878        
317        895        
318        879        
318        895        
319        879        
319        896        
320        880        
320        896        
321        880        
321        897        
322        881        
322        897        
323        881        
323        898        
324        882        
324        898        
325        882        
325        899        
326        883        
326        899        
327        883        
327        900        
328        884        
328        900        
329        884        
329        901        
330        885        
330        901        
331        885        
331        902        
332        886        
332        902        
333        886        
333        903        
334        887        
334        903        
335        887        
335        904        
336        888        
336        904        
337        888        
337        889        
338        889        
338        905        
339        890        
339        906        
340        891        
340        907        
341        892        
341        908        
342        893        
342        909        
343        894        
343        910        
344        895        
344        911        
345        896        
345        912        
346        897        
346        913        
347        898        
347        914        
348        899        
348        915        
349        900        
349        916        
350        901        
350        917        
351        902        
351        918        
352        903        
352        919        
353        904        
353        920        
354        905        
354        921        
355        905        
355        922        
356        906        
356        922        
357        906        
357        923        
358        907        
358        923        
359        907        
359        924        
360        908        
360        924        
361        908        
361        925        
362        909        
362        925        
363        909        
363        926        
364        910        
364        926        
365        910        
365        927        
366        911        
366        927        
367        911        
367        928        
368        912        
368        928        
369        912        
369        929        
370        913        
370        929        
371        913        
371        930        
372        914        
372        930        
373        914        
373        931        
374        915        
374        931        
375        915        
375        932        
376        916        
376        932        
377        916        
377        933        
378        917        
378        933        
379        917        
379        934        
380        918        
380        934        
381        918        
381        935        
382        919        
382        935        
383        919        
383        936        
384        920        
384        936        
385        920        
385        921        
386        921        
386        952        
387        922        
387        937        
388        923        
388        938        
389        924        
389        939        
390        925        
390        940        
391        926        
391        941        
392        927        
392        942        
393        928        
393        943        
394        929        
394        944        
395        930        
395        945        
396        931        
396        946        
397        932        
397        947        
398        933        
398        948        
399        934        
399        949        
400        935        
400        950        
401        936        
401        951        
402        937        
402        953        
403        937        
403        954        
404        938        
404        954        
405        938        
405        955        
406        939        
406        955        
407        939        
407        956        
408        940        
408        956        
409        940        
409        957        
410        941        
410        957        
411        941        
411        958        
412        942        
412        958        
413        942        
413        959        
414        943        
414        959        
415        943        
415        960        
416        944        
416        960        
417        944        
417        961        
418        945        
418        961        
419        945        
419        962        
420        946        
420        962        
421        946        
421        963        
422        947        
422        963        
423        947        
423        964        
424        948        
424        964        
425        948        
425        965        
426        949        
426        965        
427        949        
427        966        
428        950        
428        966        
429        950        
429        967        
430        951        
430        967        
431        951        
431        968        
432        952        
432        968        
433        952        
433        953        
434        953        
434        969        
435        954        
435        970        
436        955        
436        971        
437        956        
437        972        
438        957        
438        973        
439        958        
439        974        
440        959        
440        975        
441        960        
441        976        
442        961        
442        977        
443        962        
443        978        
444        963        
444        979        
445        964        
445        980        
446        965        
446        981        
447        966        
447        982        
448        967        
448        983        
449        968        
449        984        
450        969        
450        985        
451        969        
451        986        
452        970        
452        986        
453        970        
453        987        
454        971        
454        987        
455        971        
455        988        
456        972        
456        988        
457        972        
457        989        
458        973        
458        989        
459        973        
459        990        
460        974        
460        990        
461        974        
461        991        
462        975        
462        991        
463        975        
463        992        
464        976        
464        992        
465        976        
465        993        
466        977        
466        993        
467        977        
467        994        
468        978        
468        994        
469        978        
469        995        
470        979        
470        995        
471        979        
471        996        
472        980        
472        996        
473        980        
473        997        
474        981        
474        997        
475        981        
475        998        
476        982        
476        998        
477        982        
477        999        
478        983        
478        999        
479        983        
479        1000       
480        984        
480        1000       
481        984        
481        985        
482        985        
482        1016       
483        986        
483        1001       
484        987        
484        1002       
485        988        
485        1003       
486        989        
486        1004       
487        990        
487        1005       
488        991        
488        1006       
489        992        
489        1007       
490        993        
490        1008       
491        994        
491        1009       
492        995        
492        1010       
493        996        
493        1011       
494        997        
494        1012       
495        998        
495        1013       
496        999        
496        1014       
497        1000       
497        1015       
498        1001       
498        1017       
499        1001       
499        1018       
500        1002       
500        1018       
501        1002       
501        1019       
502        1003       
502        1019       
503        1003       
503        1020       
504        1004       
504        1020       
505        1004       
505        1021       
506        1005       
506        1021       
507        1005       
507        1022       
508        1006       
508        1022       
509        1006       
509        1023       
510        1007       
510        1023       
511        1007       
511        1024       
512        1008       
512        1024       
513        1008       
513        1025       
514        1009       
514        1025       
515        1009       
515        1026       
516        1010       
516        1026       
517        1010       
517        1027       
518        1011       
518        1027       
519        1011       
519        1028       
520        1012       
520        1028       
521        1012       
521        1029       
522        1013       
522        1029       
523        1013       
523        1030       
524        1014       
524        1030       
525        1014       
525        1031       
526        1015       
526        1031       
527        1015       
527        1032       
528        1016       
528        1032       
529        1016       
529        1017       
530        1017       
530        1033       
531        1018       
531        1034       
532        1019       
532        1035       
533        1020       
533        1036       
534        1021       
534        1037       
535        1022       
535        1038       
536        1023       
536        1039       
537        1024       
537        1040       
538        1025       
538        1041       
539        1026       
539        1042       
540        1027       
540        1043       
541        1028       
541        1044       
542        1029       
542        1045       
543        1030       
543        1046       
544        1031       
544        1047       
545        1032       
545        1048       
546        1033       
546        1049       
547        1033       
547        1050       
548        1034       
548        1050       
549        1034       
549        1051       
550        1035       
550        1051       
551        1035       
551        1052       
552        1036       
552        1052       
553        1036       
553        1053       
554        1037       
554        1053       
555        1037       
555        1054       
556        1038       
556        1054       
557        1038       
557        1055       
558        1039       
558        1055       
559        1039       
559        1056       
560        1040       
560        1056       
561        1040       
561        1057       
562        1041       
562        1057       
563        1041       
563        1058       
564        1042       
564        1058       
565        1042       
565        1059       
566        1043       
566        1059       
567        1043       
567        1060       
568        1044       
568        1060       
569        1044       
569        1061       
570        1045       
570        1061       
571        1045       
571        1062       
572        1046       
572        1062       
573        1046       
573        1063       
574        1047       
574        1063       
575        1047       
575        1048       
576        1048       
576        1049       
577        1049       
577        1064       
578        1050       
578        1064       
579        1051       
579        1065       
580        1052       
580        1066       
581        1053       
581        1067       
582        1054       
582        1068       
583        1055       
583        1069       
584        1056       
584        1070       
585        1057       
585        1071       
586        1058       
586        1072       
587        1059       
587        1073       
588        1060       
588        1074       
589        1061       
589        1075       
590        1062       
590        1076       
591        1063       
591        1076       
592        1064       
592        1077       
593        1065       
593        1077       
594        1065       
594        1078       
595        1066       
595        1078       
596        1066       
596        1079       
597        1067       
597        1079       
598        1067       
598        1080       
599        1068       
599        1080       
600        1068       
600        1081       
601        1069       
601        1081       
602        1069       
602        1082       
603        1070       
603        1082       
604        1070       
604        1083       
605        1071       
605        1083       
606        1071       
606        1084       
607        1072       
607        1084       
608        1072       
608        1085       
609        1073       
609        1085       
610        1073       
610        1086       
611        1074       
611        1086       
612        1074       
612        1087       
613        1075       
613        1087       
614        1075       
614        1088       
615        1076       
615        1088       
616        1077       
616        1099       
617        1078       
617        1089       
618        1079       
618        1090       
619        1080       
619        1091       
620        1081       
620        1092       
621        1082       
621        1093       
622        1083       
622        1094       
623        1084       
623        1095       
624        1085       
624        1096       
625        1086       
625        1097       
626        1087       
626        1098       
627        1088       
627        1109       
628        1089       
628        1099       
629        1089       
629        1100       
630        1090       
630        1100       
631        1090       
631        1101       
632        1091       
632        1101       
633        1091       
633        1102       
634        1092       
634        1102       
635        1092       
635        1103       
636        1093       
636        1103       
637        1093       
637        1104       
638        1094       
638        1104       
639        1094       
639        1105       
640        1095       
640        1105       
641        1095       
641        1106       
642        1096       
642        1106       
643        1096       
643        1107       
644        1097       
644        1107       
645        1097       
645        1108       
646        1098       
646        1108       
647        1098       
647        1109       
648        1099       
648        1110       
649        1100       
649        1111       
650        1101       
650        1112       
651        1102       
651        1113       
652        1103       
652        1114       
653        1104       
653        1115       
654        1105       
654        1116       
655        1106       
655        1117       
656        1107       
656        1118       
657        1108       
657        1119       
658        1109       
658        1120       
659        1110       
659        1121       
660        1111       
660        1122       
661        1111       
661        1121       
662        1112       
662        1123       
663        1112       
663        1122       
664        1113       
664        1124       
665        1113       
665        1123       
666        1114       
666        1125       
667        1114       
667        1124       
668        1115       
668        1126       
669        1115       
669        1125       
670        1116       
670        1127       
671        1116       
671        1126       
672        1117       
672        1128       
673        1117       
673        1127       
674        1118       
674        1129       
675        1118       
675        1128       
676        1119       
676        1130       
677        1119       
677        1129       
678        1120       
678        1130       
1          2          
1          3          
2          3          
4          5          
4          6          
5          6          
7          8          
7          9          
8          9          
10         11         
10         12         
11         12         
13         14         
13         15         
14         15         
16         17         
16         18         
17         18         
19         20         
19         21         
20         21         
22         23         
22         24         
23         24         
25         26         
25         27         
26         27         
28         29         
28         30         
29         30         
1          31         
1          32         
31         32         
2          4          
2          33         
4          33         
5          7          
5          34         
7          34         
8          10         
8          35         
10         35         
11         13         
11         36         
13         36         
14         16         
14         37         
16         37         
17         19         
17         38         
19         38         
20         22         
20         39         
22         39         
23         25         
23         40         
25         40         
26         28         
26         41         
28         41         
29         42         
29         43         
42         43         
31         44         
31         45         
44         45         
33         46         
33         47         
46         47         
34         48         
34         49         
48         49         
35         50         
35         51         
50         51         
36         52         
36         53         
52         53         
37         54         
37         55         
54         55         
38         56         
38         57         
56         57         
39         58         
39         59         
58         59         
40         60         
40         61         
60         61         
41         62         
41         63         
62         63         
42         64         
42         65         
64         65         
44         46         
44         66         
46         66         
47         48         
47         67         
48         67         
49         50         
49         68         
50         68         
51         52         
51         69         
52         69         
53         54         
53         70         
54         70         
55         56         
55         71         
56         71         
57         58         
57         72         
58         72         
59         60         
59         73         
60         73         
61         62         
61         74         
62         74         
63         64         
63         75         
64         75         
45         76         
45         77         
76         77         
66         78         
66         79         
78         79         
67         80         
67         81         
80         81         
68         82         
68         83         
82         83         
69         84         
69         85         
84         85         
70         86         
70         87         
86         87         
71         88         
71         89         
88         89         
72         90         
72         91         
90         91         
73         92         
73         93         
92         93         
74         94         
74         95         
94         95         
75         96         
75         97         
96         97         
65         98         
65         99         
98         99         
76         100        
76         101        
100        101        
77         78         
77         102        
78         102        
79         80         
79         103        
80         103        
81         82         
81         104        
82         104        
83         84         
83         105        
84         105        
85         86         
85         106        
86         106        
87         88         
87         107        
88         107        
89         90         
89         108        
90         108        
91         92         
91         109        
92         109        
93         94         
93         110        
94         110        
95         96         
95         111        
96         111        
97         98         
97         112        
98         112        
99         113        
99         114        
113        114        
100        115        
100        116        
115        116        
102        117        
102        118        
117        118        
103        119        
103        120        
119        120        
104        121        
104        122        
121        122        
105        123        
105        124        
123        124        
106        125        
106        126        
125        126        
107        127        
107        128        
127        128        
108        129        
108        130        
129        130        
109        131        
109        132        
131        132        
110        133        
110        134        
133        134        
111        135        
111        136        
135        136        
112        137        
112        138        
137        138        
113        139        
113        140        
139        140        
114        141        
114        142        
141        142        
101        143        
101        144        
143        144        
115        144        
115        145        
144        145        
116        117        
116        146        
117        146        
118        119        
118        147        
119        147        
120        121        
120        148        
121        148        
122        123        
122        149        
123        149        
124        125        
124        150        
125        150        
126        127        
126        151        
127        151        
128        129        
128        152        
129        152        
130        131        
130        153        
131        153        
132        133        
132        154        
133        154        
134        135        
134        155        
135        155        
136        137        
136        156        
137        156        
138        139        
138        157        
139        157        
140        141        
140        158        
141        158        
142        159        
142        160        
159        160        
143        160        
143        161        
160        161        
145        162        
145        163        
162        163        
146        164        
146        165        
164        165        
147        166        
147        167        
166        167        
148        168        
148        169        
168        169        
149        170        
149        171        
170        171        
150        172        
150        173        
172        173        
151        174        
151        175        
174        175        
152        176        
152        177        
176        177        
153        178        
153        179        
178        179        
154        180        
154        181        
180        181        
155        182        
155        183        
182        183        
156        184        
156        185        
184        185        
157        186        
157        187        
186        187        
158        188        
158        189        
188        189        
159        190        
159        191        
190        191        
161        192        
161        193        
192        193        
162        193        
162        194        
193        194        
163        164        
163        195        
164        195        
165        166        
165        196        
166        196        
167        168        
167        197        
168        197        
169        170        
169        198        
170        198        
171        172        
171        199        
172        199        
173        174        
173        200        
174        200        
175        176        
175        201        
176        201        
177        178        
177        202        
178        202        
179        180        
179        203        
180        203        
181        182        
181        204        
182        204        
183        184        
183        205        
184        205        
185        186        
185        206        
186        206        
187        188        
187        207        
188        207        
189        190        
189        208        
190        208        
191        192        
191        209        
192        209        
195        210        
195        211        
210        211        
196        212        
196        213        
212        213        
197        214        
197        215        
214        215        
198        216        
198        217        
216        217        
199        218        
199        219        
218        219        
200        220        
200        221        
220        221        
201        222        
201        223        
222        223        
202        224        
202        225        
224        225        
203        226        
203        227        
226        227        
204        228        
204        229        
228        229        
205        230        
205        231        
230        231        
206        232        
206        233        
232        233        
207        234        
207        235        
234        235        
208        236        
208        237        
236        237        
209        238        
209        239        
238        239        
194        240        
194        241        
240        241        
210        241        
210        242        
241        242        
211        212        
211        243        
212        243        
213        214        
213        244        
214        244        
215        216        
215        245        
216        245        
217        218        
217        246        
218        246        
219        220        
219        247        
220        247        
221        222        
221        248        
222        248        
223        224        
223        249        
224        249        
225        226        
225        250        
226        250        
227        228        
227        251        
228        251        
229        230        
229        252        
230        252        
231        232        
231        253        
232        253        
233        234        
233        254        
234        254        
235        236        
235        255        
236        255        
237        238        
237        256        
238        256        
239        240        
239        257        
240        257        
242        258        
242        259        
258        259        
243        260        
243        261        
260        261        
244        262        
244        263        
262        263        
245        264        
245        265        
264        265        
246        266        
246        267        
266        267        
247        268        
247        269        
268        269        
248        270        
248        271        
270        271        
249        272        
249        273        
272        273        
250        274        
250        275        
274        275        
251        276        
251        277        
276        277        
252        278        
252        279        
278        279        
253        280        
253        281        
280        281        
254        282        
254        283        
282        283        
255        284        
255        285        
284        285        
256        286        
256        287        
286        287        
257        288        
257        289        
288        289        
258        289        
258        290        
289        290        
259        260        
259        291        
260        291        
261        262        
261        292        
262        292        
263        264        
263        293        
264        293        
265        266        
265        294        
266        294        
267        268        
267        295        
268        295        
269        270        
269        296        
270        296        
271        272        
271        297        
272        297        
273        274        
273        298        
274        298        
275        276        
275        299        
276        299        
277        278        
277        300        
278        300        
279        280        
279        301        
280        301        
281        282        
281        302        
282        302        
283        284        
283        303        
284        303        
285        286        
285        304        
286        304        
287        288        
287        305        
288        305        
291        306        
291        307        
306        307        
292        308        
292        309        
308        309        
293        310        
293        311        
310        311        
294        312        
294        313        
312        313        
295        314        
295        315        
314        315        
296        316        
296        317        
316        317        
297        318        
297        319        
318        319        
298        320        
298        321        
320        321        
299        322        
299        323        
322        323        
300        324        
300        325        
324        325        
301        326        
301        327        
326        327        
302        328        
302        329        
328        329        
303        330        
303        331        
330        331        
304        332        
304        333        
332        333        
305        334        
305        335        
334        335        
290        336        
290        337        
336        337        
306        337        
306        338        
337        338        
307        308        
307        339        
308        339        
309        310        
309        340        
310        340        
311        312        
311        341        
312        341        
313        314        
313        342        
314        342        
315        316        
315        343        
316        343        
317        318        
317        344        
318        344        
319        320        
319        345        
320        345        
321        322        
321        346        
322        346        
323        324        
323        347        
324        347        
325        326        
325        348        
326        348        
327        328        
327        349        
328        349        
329        330        
329        350        
330        350        
331        332        
331        351        
332        351        
333        334        
333        352        
334        352        
335        336        
335        353        
336        353        
338        354        
338        355        
354        355        
339        356        
339        357        
356        357        
340        358        
340        359        
358        359        
341        360        
341        361        
360        361        
342        362        
342        363        
362        363        
343        364        
343        365        
364        365        
344        366        
344        367        
366        367        
345        368        
345        369        
368        369        
346        370        
346        371        
370        371        
347        372        
347        373        
372        373        
348        374        
348        375        
374        375        
349        376        
349        377        
376        377        
350        378        
350        379        
378        379        
351        380        
351        381        
380        381        
352        382        
352        383        
382        383        
353        384        
353        385        
384        385        
354        385        
354        386        
385        386        
355        356        
355        387        
356        387        
357        358        
357        388        
358        388        
359        360        
359        389        
360        389        
361        362        
361        390        
362        390        
363        364        
363        391        
364        391        
365        366        
365        392        
366        392        
367        368        
367        393        
368        393        
369        370        
369        394        
370        394        
371        372        
371        395        
372        395        
373        374        
373        396        
374        396        
375        376        
375        397        
376        397        
377        378        
377        398        
378        398        
379        380        
379        399        
380        399        
381        382        
381        400        
382        400        
383        384        
383        401        
384        401        
387        402        
387        403        
402        403        
388        404        
388        405        
404        405        
389        406        
389        407        
406        407        
390        408        
390        409        
408        409        
391        410        
391        411        
410        411        
392        412        
392        413        
412        413        
393        414        
393        415        
414        415        
394        416        
394        417        
416        417        
395        418        
395        419        
418        419        
396        420        
396        421        
420        421        
397        422        
397        423        
422        423        
398        424        
398        425        
424        425        
399        426        
399        427        
426        427        
400        428        
400        429        
428        429        
401        430        
401        431        
430        431        
386        432        
386        433        
432        433        
402        433        
402        434        
433        434        
403        404        
403        435        
404        435        
405        406        
405        436        
406        436        
407        408        
407        437        
408        437        
409        410        
409        438        
410        438        
411        412        
411        439        
412        439        
413        414        
413        440        
414        440        
415        416        
415        441        
416        441        
417        418        
417        442        
418        442        
419        420        
419        443        
420        443        
421        422        
421        444        
422        444        
423        424        
423        445        
424        445        
425        426        
425        446        
426        446        
427        428        
427        447        
428        447        
429        430        
429        448        
430        448        
431        432        
431        449        
432        449        
434        450        
434        451        
450        451        
435        452        
435        453        
452        453        
436        454        
436        455        
454        455        
437        456        
437        457        
456        457        
438        458        
438        459        
458        459        
439        460        
439        461        
460        461        
440        462        
440        463        
462        463        
441        464        
441        465        
464        465        
442        466        
442        467        
466        467        
443        468        
443        469        
468        469        
444        470        
444        471        
470        471        
445        472        
445        473        
472        473        
446        474        
446        475        
474        475        
447        476        
447        477        
476        477        
448        478        
448        479        
478        479        
449        480        
449        481        
480        481        
450        481        
450        482        
481        482        
451        452        
451        483        
452        483        
453        454        
453        484        
454        484        
455        456        
455        485        
456        485        
457        458        
457        486        
458        486        
459        460        
459        487        
460        487        
461        462        
461        488        
462        488        
463        464        
463        489        
464        489        
465        466        
465        490        
466        490        
467        468        
467        491        
468        491        
469        470        
469        492        
470        492        
471        472        
471        493        
472        493        
473        474        
473        494        
474        494        
475        476        
475        495        
476        495        
477        478        
477        496        
478        496        
479        480        
479        497        
480        497        
483        498        
483        499        
498        499        
484        500        
484        501        
500        501        
485        502        
485        503        
502        503        
486        504        
486        505        
504        505        
487        506        
487        507        
506        507        
488        508        
488        509        
508        509        
489        510        
489        511        
510        511        
490        512        
490        513        
512        513        
491        514        
491        515        
514        515        
492        516        
492        517        
516        517        
493        518        
493        519        
518        519        
494        520        
494        521        
520        521        
495        522        
495        523        
522        523        
496        524        
496        525        
524        525        
497        526        
497        527        
526        527        
482        528        
482        529        
528        529        
498        529        
498        530        
529        530        
499        500        
499        531        
500        531        
501        502        
501        532        
502        532        
503        504        
503        533        
504        533        
505        506        
505        534        
506        534        
507        508        
507        535        
508        535        
509        510        
509        536        
510        536        
511        512        
511        537        
512        537        
513        514        
513        538        
514        538        
515        516        
515        539        
516        539        
517        518        
517        540        
518        540        
519        520        
519        541        
520        541        
521        522        
521        542        
522        542        
523        524        
523        543        
524        543        
525        526        
525        544        
526        544        
527        528        
527        545        
528        545        
530        546        
530        547        
546        547        
531        548        
531        549        
548        549        
532        550        
532        551        
550        551        
533        552        
533        553        
552        553        
534        554        
534        555        
554        555        
535        556        
535        557        
556        557        
536        558        
536        559        
558        559        
537        560        
537        561        
560        561        
538        562        
538        563        
562        563        
539        564        
539        565        
564        565        
540        566        
540        567        
566        567        
541        568        
541        569        
568        569        
542        570        
542        571        
570        571        
543        572        
543        573        
572        573        
544        574        
544        575        
574        575        
545        575        
545        576        
575        576        
546        576        
546        577        
576        577        
547        548        
547        578        
548        578        
549        550        
549        579        
550        579        
551        552        
551        580        
552        580        
553        554        
553        581        
554        581        
555        556        
555        582        
556        582        
557        558        
557        583        
558        583        
559        560        
559        584        
560        584        
561        562        
561        585        
562        585        
563        564        
563        586        
564        586        
565        566        
565        587        
566        587        
567        568        
567        588        
568        588        
569        570        
569        589        
570        589        
571        572        
571        590        
572        590        
573        574        
573        591        
574        591        
577        578        
577        592        
578        592        
579        593        
579        594        
593        594        
580        595        
580        596        
595        596        
581        597        
581        598        
597        598        
582        599        
582        600        
599        600        
583        601        
583        602        
601        602        
584        603        
584        604        
603        604        
585        605        
585        606        
605        606        
586        607        
586        608        
607        608        
587        609        
587        610        
609        610        
588        611        
588        612        
611        612        
589        613        
589        614        
613        614        
590        591        
590        615        
591        615        
592        593        
592        616        
593        616        
594        595        
594        617        
595        617        
596        597        
596        618        
597        618        
598        599        
598        619        
599        619        
600        601        
600        620        
601        620        
602        603        
602        621        
603        621        
604        605        
604        622        
605        622        
606        607        
606        623        
607        623        
608        609        
608        624        
609        624        
610        611        
610        625        
611        625        
612        613        
612        626        
613        626        
614        615        
614        627        
615        627        
617        628        
617        629        
628        629        
618        630        
618        631        
630        631        
619        632        
619        633        
632        633        
620        634        
620        635        
634        635        
621        636        
621        637        
636        637        
622        638        
622        639        
638        639        
623        640        
623        641        
640        641        
624        642        
624        643        
642        643        
625        644        
625        645        
644        645        
626        646        
626        647        
646        647        
616        628        
616        648        
628        648        
629        630        
629        649        
630        649        
631        632        
631        650        
632        650        
633        634        
633        651        
634        651        
635        636        
635        652        
636        652        
637        638        
637        653        
638        653        
639        640        
639        654        
640        654        
641        642        
641        655        
642        655        
643        644        
643        656        
644        656        
645        646        
645        657        
646        657        
627        647        
627        658        
647        658        
32         648        
32         659        
648        659        
649        660        
649        661        
660        661        
650        662        
650        663        
662        663        
651        664        
651        665        
664        665        
652        666        
652        667        
666        667        
653        668        
653        669        
668        669        
654        670        
654        671        
670        671        
655        672        
655        673        
672        673        
656        674        
656        675        
674        675        
657        676        
657        677        
676        677        
43         658        
43         678        
658        678        
3          659        
3          661        
659        661        
6          660        
6          663        
660        663        
9          662        
9          665        
662        665        
12         664        
12         667        
664        667        
15         666        
15         669        
666        669        
18         668        
18         671        
668        671        
21         670        
21         673        
670        673        
24         672        
24         675        
672        675        
27         674        
27         677        
674        677        
30         676        
30         678        
676        678        
