3036
1          760        
1          774        
2          760        
2          775        
3          760        
3          1252       
4          761        
4          775        
5          761        
5          776        
6          761        
6          1253       
7          762        
7          776        
8          762        
8          777        
9          762        
9          1254       
10         763        
10         777        
11         763        
11         778        
12         763        
12         1255       
13         764        
13         778        
14         764        
14         779        
15         764        
15         1256       
16         765        
16         779        
17         765        
17         780        
18         765        
18         1257       
19         766        
19         780        
20         766        
20         781        
21         766        
21         1258       
22         767        
22         781        
23         767        
23         782        
24         767        
24         1259       
25         768        
25         782        
26         768        
26         783        
27         768        
27         1260       
28         769        
28         783        
29         769        
29         784        
30         769        
30         1261       
31         770        
31         784        
32         770        
32         785        
33         770        
33         1262       
34         771        
34         785        
35         771        
35         786        
36         771        
36         1263       
37         772        
37         786        
38         772        
38         787        
39         772        
39         1264       
40         773        
40         787        
41         773        
41         788        
42         773        
42         1265       
43         774        
43         789        
44         774        
44         1237       
45         775        
45         790        
46         776        
46         791        
47         777        
47         792        
48         778        
48         793        
49         779        
49         794        
50         780        
50         795        
51         781        
51         796        
52         782        
52         797        
53         783        
53         798        
54         784        
54         799        
55         785        
55         800        
56         786        
56         801        
57         787        
57         802        
58         788        
58         803        
59         788        
59         804        
60         789        
60         805        
61         789        
61         806        
62         790        
62         806        
63         790        
63         807        
64         791        
64         807        
65         791        
65         808        
66         792        
66         808        
67         792        
67         809        
68         793        
68         809        
69         793        
69         810        
70         794        
70         810        
71         794        
71         811        
72         795        
72         811        
73         795        
73         812        
74         796        
74         812        
75         796        
75         813        
76         797        
76         813        
77         797        
77         814        
78         798        
78         814        
79         798        
79         815        
80         799        
80         815        
81         799        
81         816        
82         800        
82         816        
83         800        
83         817        
84         801        
84         817        
85         801        
85         818        
86         802        
86         818        
87         802        
87         819        
88         803        
88         819        
89         803        
89         820        
90         804        
90         820        
91         804        
91         805        
92         805        
92         821        
93         806        
93         822        
94         807        
94         823        
95         808        
95         824        
96         809        
96         825        
97         810        
97         826        
98         811        
98         827        
99         812        
99         828        
100        813        
100        829        
101        814        
101        830        
102        815        
102        831        
103        816        
103        832        
104        817        
104        833        
105        818        
105        834        
106        819        
106        835        
107        820        
107        836        
108        821        
108        837        
109        821        
109        838        
110        822        
110        838        
111        822        
111        839        
112        823        
112        839        
113        823        
113        840        
114        824        
114        840        
115        824        
115        841        
116        825        
116        841        
117        825        
117        842        
118        826        
118        842        
119        826        
119        843        
120        827        
120        843        
121        827        
121        844        
122        828        
122        844        
123        828        
123        845        
124        829        
124        845        
125        829        
125        846        
126        830        
126        846        
127        830        
127        847        
128        831        
128        847        
129        831        
129        848        
130        832        
130        848        
131        832        
131        849        
132        833        
132        849        
133        833        
133        850        
134        834        
134        850        
135        834        
135        851        
136        835        
136        851        
137        835        
137        852        
138        836        
138        852        
139        836        
139        837        
140        837        
140        868        
141        838        
141        853        
142        839        
142        854        
143        840        
143        855        
144        841        
144        856        
145        842        
145        857        
146        843        
146        858        
147        844        
147        859        
148        845        
148        860        
149        846        
149        861        
150        847        
150        862        
151        848        
151        863        
152        849        
152        864        
153        850        
153        865        
154        851        
154        866        
155        852        
155        867        
156        853        
156        869        
157        853        
157        870        
158        854        
158        870        
159        854        
159        871        
160        855        
160        871        
161        855        
161        872        
162        856        
162        872        
163        856        
163        873        
164        857        
164        873        
165        857        
165        874        
166        858        
166        874        
167        858        
167        875        
168        859        
168        875        
169        859        
169        876        
170        860        
170        876        
171        860        
171        877        
172        861        
172        877        
173        861        
173        878        
174        862        
174        878        
175        862        
175        879        
176        863        
176        879        
177        863        
177        880        
178        864        
178        880        
179        864        
179        881        
180        865        
180        881        
181        865        
181        882        
182        866        
182        882        
183        866        
183        883        
184        867        
184        883        
185        867        
185        884        
186        868        
186        884        
187        868        
187        869        
188        869        
188        885        
189        870        
189        886        
190        871        
190        887        
191        872        
191        888        
192        873        
192        889        
193        874        
193        890        
194        875        
194        891        
195        876        
195        892        
196        877        
196        893        
197        878        
197        894        
198        879        
198        895        
199        880        
199        896        
200        881        
200        897        
201        882        
201        898        
202        883        
202        899        
203        884        
203        900        
204        885        
204        901        
205        885        
205        902        
206        886        
206        902        
207        886        
207        903        
208        887        
208        903        
209        887        
209        904        
210        888        
210        904        
211        888        
211        905        
212        889        
212        905        
213        889        
213        906        
214        890        
214        906        
215        890        
215        907        
216        891        
216        907        
217        891        
217        908        
218        892        
218        908        
219        892        
219        909        
220        893        
220        909        
221        893        
221        910        
222        894        
222        910        
223        894        
223        911        
224        895        
224        911        
225        895        
225        912        
226        896        
226        912        
227        896        
227        913        
228        897        
228        913        
229        897        
229        914        
230        898        
230        914        
231        898        
231        915        
232        899        
232        915        
233        899        
233        916        
234        900        
234        916        
235        900        
235        901        
236        901        
236        932        
237        902        
237        917        
238        903        
238        918        
239        904        
239        919        
240        905        
240        920        
241        906        
241        921        
242        907        
242        922        
243        908        
243        923        
244        909        
244        924        
245        910        
245        925        
246        911        
246        926        
247        912        
247        927        
248        913        
248        928        
249        914        
249        929        
250        915        
250        930        
251        916        
251        931        
252        917        
252        933        
253        917        
253        934        
254        918        
254        934        
255        918        
255        935        
256        919        
256        935        
257        919        
257        936        
258        920        
258        936        
259        920        
259        937        
260        921        
260        937        
261        921        
261        938        
262        922        
262        938        
263        922        
263        939        
264        923        
264        939        
265        923        
265        940        
266        924        
266        940        
267        924        
267        941        
268        925        
268        941        
269        925        
269        942        
270        926        
270        942        
271        926        
271        943        
272        927        
272        943        
273        927        
273        944        
274        928        
274        944        
275        928        
275        945        
276        929        
276        945        
277        929        
277        946        
278        930        
278        946        
279        930        
279        947        
280        931        
280        947        
281        931        
281        948        
282        932        
282        948        
283        932        
283        933        
284        933        
284        949        
285        934        
285        950        
286        935        
286        951        
287        936        
287        952        
288        937        
288        953        
289        938        
289        954        
290        939        
290        955        
291        940        
291        956        
292        941        
292        957        
293        942        
293        958        
294        943        
294        959        
295        944        
295        960        
296        945        
296        961        
297        946        
297        962        
298        947        
298        963        
299        948        
299        964        
300        949        
300        965        
301        949        
301        966        
302        950        
302        966        
303        950        
303        967        
304        951        
304        967        
305        951        
305        968        
306        952        
306        968        
307        952        
307        969        
308        953        
308        969        
309        953        
309        970        
310        954        
310        970        
311        954        
311        971        
312        955        
312        971        
313        955        
313        972        
314        956        
314        972        
315        956        
315        973        
316        957        
316        973        
317        957        
317        974        
318        958        
318        974        
319        958        
319        975        
320        959        
320        975        
321        959        
321        976        
322        960        
322        976        
323        960        
323        977        
324        961        
324        977        
325        961        
325        978        
326        962        
326        978        
327        962        
327        979        
328        963        
328        979        
329        963        
329        980        
330        964        
330        980        
331        964        
331        965        
332        965        
332        996        
333        966        
333        981        
334        967        
334        982        
335        968        
335        983        
336        969        
336        984        
337        970        
337        985        
338        971        
338        986        
339        972        
339        987        
340        973        
340        988        
341        974        
341        989        
342        975        
342        990        
343        976        
343        991        
344        977        
344        992        
345        978        
345        993        
346        979        
346        994        
347        980        
347        995        
348        981        
348        997        
349        981        
349        998        
350        982        
350        998        
351        982        
351        999        
352        983        
352        999        
353        983        
353        1000       
354        984        
354        1000       
355        984        
355        1001       
356        985        
356        1001       
357        985        
357        1002       
358        986        
358        1002       
359        986        
359        1003       
360        987        
360        1003       
361        987        
361        1004       
362        988        
362        1004       
363        988        
363        1005       
364        989        
364        1005       
365        989        
365        1006       
366        990        
366        1006       
367        990        
367        1007       
368        991        
368        1007       
369        991        
369        1008       
370        992        
370        1008       
371        992        
371        1009       
372        993        
372        1009       
373        993        
373        1010       
374        994        
374        1010       
375        994        
375        1011       
376        995        
376        1011       
377        995        
377        1012       
378        996        
378        1012       
379        996        
379        997        
380        997        
380        1013       
381        998        
381        1014       
382        999        
382        1015       
383        1000       
383        1016       
384        1001       
384        1017       
385        1002       
385        1018       
386        1003       
386        1019       
387        1004       
387        1020       
388        1005       
388        1021       
389        1006       
389        1022       
390        1007       
390        1023       
391        1008       
391        1024       
392        1009       
392        1025       
393        1010       
393        1026       
394        1011       
394        1027       
395        1012       
395        1028       
396        1013       
396        1029       
397        1013       
397        1030       
398        1014       
398        1030       
399        1014       
399        1031       
400        1015       
400        1031       
401        1015       
401        1032       
402        1016       
402        1032       
403        1016       
403        1033       
404        1017       
404        1033       
405        1017       
405        1034       
406        1018       
406        1034       
407        1018       
407        1035       
408        1019       
408        1035       
409        1019       
409        1036       
410        1020       
410        1036       
411        1020       
411        1037       
412        1021       
412        1037       
413        1021       
413        1038       
414        1022       
414        1038       
415        1022       
415        1039       
416        1023       
416        1039       
417        1023       
417        1040       
418        1024       
418        1040       
419        1024       
419        1041       
420        1025       
420        1041       
421        1025       
421        1042       
422        1026       
422        1042       
423        1026       
423        1043       
424        1027       
424        1043       
425        1027       
425        1044       
426        1028       
426        1044       
427        1028       
427        1029       
428        1029       
428        1060       
429        1030       
429        1045       
430        1031       
430        1046       
431        1032       
431        1047       
432        1033       
432        1048       
433        1034       
433        1049       
434        1035       
434        1050       
435        1036       
435        1051       
436        1037       
436        1052       
437        1038       
437        1053       
438        1039       
438        1054       
439        1040       
439        1055       
440        1041       
440        1056       
441        1042       
441        1057       
442        1043       
442        1058       
443        1044       
443        1059       
444        1045       
444        1061       
445        1045       
445        1062       
446        1046       
446        1062       
447        1046       
447        1063       
448        1047       
448        1063       
449        1047       
449        1064       
450        1048       
450        1064       
451        1048       
451        1065       
452        1049       
452        1065       
453        1049       
453        1066       
454        1050       
454        1066       
455        1050       
455        1067       
456        1051       
456        1067       
457        1051       
457        1068       
458        1052       
458        1068       
459        1052       
459        1069       
460        1053       
460        1069       
461        1053       
461        1070       
462        1054       
462        1070       
463        1054       
463        1071       
464        1055       
464        1071       
465        1055       
465        1072       
466        1056       
466        1072       
467        1056       
467        1073       
468        1057       
468        1073       
469        1057       
469        1074       
470        1058       
470        1074       
471        1058       
471        1075       
472        1059       
472        1075       
473        1059       
473        1076       
474        1060       
474        1076       
475        1060       
475        1061       
476        1061       
476        1077       
477        1062       
477        1078       
478        1063       
478        1079       
479        1064       
479        1080       
480        1065       
480        1081       
481        1066       
481        1082       
482        1067       
482        1083       
483        1068       
483        1084       
484        1069       
484        1085       
485        1070       
485        1086       
486        1071       
486        1087       
487        1072       
487        1088       
488        1073       
488        1089       
489        1074       
489        1090       
490        1075       
490        1091       
491        1076       
491        1092       
492        1077       
492        1093       
493        1077       
493        1094       
494        1078       
494        1094       
495        1078       
495        1095       
496        1079       
496        1095       
497        1079       
497        1096       
498        1080       
498        1096       
499        1080       
499        1097       
500        1081       
500        1097       
501        1081       
501        1098       
502        1082       
502        1098       
503        1082       
503        1099       
504        1083       
504        1099       
505        1083       
505        1100       
506        1084       
506        1100       
507        1084       
507        1101       
508        1085       
508        1101       
509        1085       
509        1102       
510        1086       
510        1102       
511        1086       
511        1103       
512        1087       
512        1103       
513        1087       
513        1104       
514        1088       
514        1104       
515        1088       
515        1105       
516        1089       
516        1105       
517        1089       
517        1106       
518        1090       
518        1106       
519        1090       
519        1107       
520        1091       
520        1107       
521        1091       
521        1108       
522        1092       
522        1108       
523        1092       
523        1093       
524        1093       
524        1124       
525        1094       
525        1109       
526        1095       
526        1110       
527        1096       
527        1111       
528        1097       
528        1112       
529        1098       
529        1113       
530        1099       
530        1114       
531        1100       
531        1115       
532        1101       
532        1116       
533        1102       
533        1117       
534        1103       
534        1118       
535        1104       
535        1119       
536        1105       
536        1120       
537        1106       
537        1121       
538        1107       
538        1122       
539        1108       
539        1123       
540        1109       
540        1125       
541        1109       
541        1126       
542        1110       
542        1126       
543        1110       
543        1127       
544        1111       
544        1127       
545        1111       
545        1128       
546        1112       
546        1128       
547        1112       
547        1129       
548        1113       
548        1129       
549        1113       
549        1130       
550        1114       
550        1130       
551        1114       
551        1131       
552        1115       
552        1131       
553        1115       
553        1132       
554        1116       
554        1132       
555        1116       
555        1133       
556        1117       
556        1133       
557        1117       
557        1134       
558        1118       
558        1134       
559        1118       
559        1135       
560        1119       
560        1135       
561        1119       
561        1136       
562        1120       
562        1136       
563        1120       
563        1137       
564        1121       
564        1137       
565        1121       
565        1138       
566        1122       
566        1138       
567        1122       
567        1139       
568        1123       
568        1139       
569        1123       
569        1140       
570        1124       
570        1140       
571        1124       
571        1125       
572        1125       
572        1141       
573        1126       
573        1142       
574        1127       
574        1143       
575        1128       
575        1144       
576        1129       
576        1145       
577        1130       
577        1146       
578        1131       
578        1147       
579        1132       
579        1148       
580        1133       
580        1149       
581        1134       
581        1150       
582        1135       
582        1151       
583        1136       
583        1152       
584        1137       
584        1153       
585        1138       
585        1154       
586        1139       
586        1155       
587        1140       
587        1156       
588        1141       
588        1157       
589        1141       
589        1158       
590        1142       
590        1158       
591        1142       
591        1159       
592        1143       
592        1159       
593        1143       
593        1160       
594        1144       
594        1160       
595        1144       
595        1161       
596        1145       
596        1161       
597        1145       
597        1162       
598        1146       
598        1162       
599        1146       
599        1163       
600        1147       
600        1163       
601        1147       
601        1164       
602        1148       
602        1164       
603        1148       
603        1165       
604        1149       
604        1165       
605        1149       
605        1166       
606        1150       
606        1166       
607        1150       
607        1167       
608        1151       
608        1167       
609        1151       
609        1168       
610        1152       
610        1168       
611        1152       
611        1169       
612        1153       
612        1169       
613        1153       
613        1170       
614        1154       
614        1170       
615        1154       
615        1171       
616        1155       
616        1171       
617        1155       
617        1172       
618        1156       
618        1172       
619        1156       
619        1157       
620        1157       
620        1188       
621        1158       
621        1173       
622        1159       
622        1174       
623        1160       
623        1175       
624        1161       
624        1176       
625        1162       
625        1177       
626        1163       
626        1178       
627        1164       
627        1179       
628        1165       
628        1180       
629        1166       
629        1181       
630        1167       
630        1182       
631        1168       
631        1183       
632        1169       
632        1184       
633        1170       
633        1185       
634        1171       
634        1186       
635        1172       
635        1187       
636        1173       
636        1189       
637        1173       
637        1190       
638        1174       
638        1190       
639        1174       
639        1191       
640        1175       
640        1191       
641        1175       
641        1192       
642        1176       
642        1192       
643        1176       
643        1193       
644        1177       
644        1193       
645        1177       
645        1194       
646        1178       
646        1194       
647        1178       
647        1195       
648        1179       
648        1195       
649        1179       
649        1196       
650        1180       
650        1196       
651        1180       
651        1197       
652        1181       
652        1197       
653        1181       
653        1198       
654        1182       
654        1198       
655        1182       
655        1199       
656        1183       
656        1199       
657        1183       
657        1200       
658        1184       
658        1200       
659        1184       
659        1201       
660        1185       
660        1201       
661        1185       
661        1202       
662        1186       
662        1202       
663        1186       
663        1203       
664        1187       
664        1203       
665        1187       
665        1204       
666        1188       
666        1204       
667        1188       
667        1189       
668        1189       
668        1205       
669        1190       
669        1206       
670        1191       
670        1207       
671        1192       
671        1208       
672        1193       
672        1209       
673        1194       
673        1210       
674        1195       
674        1211       
675        1196       
675        1212       
676        1197       
676        1213       
677        1198       
677        1214       
678        1199       
678        1215       
679        1200       
679        1216       
680        1201       
680        1217       
681        1202       
681        1218       
682        1203       
682        1219       
683        1204       
683        1220       
684        1205       
684        1221       
685        1205       
685        1222       
686        1206       
686        1222       
687        1206       
687        1223       
688        1207       
688        1223       
689        1207       
689        1224       
690        1208       
690        1224       
691        1208       
691        1225       
692        1209       
692        1225       
693        1209       
693        1226       
694        1210       
694        1226       
695        1210       
695        1227       
696        1211       
696        1227       
697        1211       
697        1228       
698        1212       
698        1228       
699        1212       
699        1229       
700        1213       
700        1229       
701        1213       
701        1230       
702        1214       
702        1230       
703        1214       
703        1231       
704        1215       
704        1231       
705        1215       
705        1232       
706        1216       
706        1232       
707        1216       
707        1233       
708        1217       
708        1233       
709        1217       
709        1234       
710        1218       
710        1234       
711        1218       
711        1235       
712        1219       
712        1235       
713        1219       
713        1236       
714        1220       
714        1236       
715        1220       
715        1221       
716        1221       
716        1251       
717        1222       
717        1237       
718        1223       
718        1238       
719        1224       
719        1239       
720        1225       
720        1240       
721        1226       
721        1241       
722        1227       
722        1242       
723        1228       
723        1243       
724        1229       
724        1244       
725        1230       
725        1245       
726        1231       
726        1246       
727        1232       
727        1247       
728        1233       
728        1248       
729        1234       
729        1249       
730        1235       
730        1250       
731        1236       
731        1251       
732        1237       
732        1252       
733        1238       
733        1253       
734        1238       
734        1252       
735        1239       
735        1254       
736        1239       
736        1253       
737        1240       
737        1255       
738        1240       
738        1254       
739        1241       
739        1256       
740        1241       
740        1255       
741        1242       
741        1257       
742        1242       
742        1256       
743        1243       
743        1258       
744        1243       
744        1257       
745        1244       
745        1259       
746        1244       
746        1258       
747        1245       
747        1260       
748        1245       
748        1259       
749        1246       
749        1261       
750        1246       
750        1260       
751        1247       
751        1262       
752        1247       
752        1261       
753        1248       
753        1263       
754        1248       
754        1262       
755        1249       
755        1264       
756        1249       
756        1263       
757        1250       
757        1265       
758        1250       
758        1264       
759        1251       
759        1265       
1          2          
1          3          
2          3          
4          5          
4          6          
5          6          
7          8          
7          9          
8          9          
10         11         
10         12         
11         12         
13         14         
13         15         
14         15         
16         17         
16         18         
17         18         
19         20         
19         21         
20         21         
22         23         
22         24         
23         24         
25         26         
25         27         
26         27         
28         29         
28         30         
29         30         
31         32         
31         33         
32         33         
34         35         
34         36         
35         36         
37         38         
37         39         
38         39         
40         41         
40         42         
41         42         
1          43         
1          44         
43         44         
2          4          
2          45         
4          45         
5          7          
5          46         
7          46         
8          10         
8          47         
10         47         
11         13         
11         48         
13         48         
14         16         
14         49         
16         49         
17         19         
17         50         
19         50         
20         22         
20         51         
22         51         
23         25         
23         52         
25         52         
26         28         
26         53         
28         53         
29         31         
29         54         
31         54         
32         34         
32         55         
34         55         
35         37         
35         56         
37         56         
38         40         
38         57         
40         57         
41         58         
41         59         
58         59         
43         60         
43         61         
60         61         
45         62         
45         63         
62         63         
46         64         
46         65         
64         65         
47         66         
47         67         
66         67         
48         68         
48         69         
68         69         
49         70         
49         71         
70         71         
50         72         
50         73         
72         73         
51         74         
51         75         
74         75         
52         76         
52         77         
76         77         
53         78         
53         79         
78         79         
54         80         
54         81         
80         81         
55         82         
55         83         
82         83         
56         84         
56         85         
84         85         
57         86         
57         87         
86         87         
58         88         
58         89         
88         89         
59         90         
59         91         
90         91         
60         91         
60         92         
91         92         
61         62         
61         93         
62         93         
63         64         
63         94         
64         94         
65         66         
65         95         
66         95         
67         68         
67         96         
68         96         
69         70         
69         97         
70         97         
71         72         
71         98         
72         98         
73         74         
73         99         
74         99         
75         76         
75         100        
76         100        
77         78         
77         101        
78         101        
79         80         
79         102        
80         102        
81         82         
81         103        
82         103        
83         84         
83         104        
84         104        
85         86         
85         105        
86         105        
87         88         
87         106        
88         106        
89         90         
89         107        
90         107        
92         108        
92         109        
108        109        
93         110        
93         111        
110        111        
94         112        
94         113        
112        113        
95         114        
95         115        
114        115        
96         116        
96         117        
116        117        
97         118        
97         119        
118        119        
98         120        
98         121        
120        121        
99         122        
99         123        
122        123        
100        124        
100        125        
124        125        
101        126        
101        127        
126        127        
102        128        
102        129        
128        129        
103        130        
103        131        
130        131        
104        132        
104        133        
132        133        
105        134        
105        135        
134        135        
106        136        
106        137        
136        137        
107        138        
107        139        
138        139        
108        139        
108        140        
139        140        
109        110        
109        141        
110        141        
111        112        
111        142        
112        142        
113        114        
113        143        
114        143        
115        116        
115        144        
116        144        
117        118        
117        145        
118        145        
119        120        
119        146        
120        146        
121        122        
121        147        
122        147        
123        124        
123        148        
124        148        
125        126        
125        149        
126        149        
127        128        
127        150        
128        150        
129        130        
129        151        
130        151        
131        132        
131        152        
132        152        
133        134        
133        153        
134        153        
135        136        
135        154        
136        154        
137        138        
137        155        
138        155        
141        156        
141        157        
156        157        
142        158        
142        159        
158        159        
143        160        
143        161        
160        161        
144        162        
144        163        
162        163        
145        164        
145        165        
164        165        
146        166        
146        167        
166        167        
147        168        
147        169        
168        169        
148        170        
148        171        
170        171        
149        172        
149        173        
172        173        
150        174        
150        175        
174        175        
151        176        
151        177        
176        177        
152        178        
152        179        
178        179        
153        180        
153        181        
180        181        
154        182        
154        183        
182        183        
155        184        
155        185        
184        185        
140        186        
140        187        
186        187        
156        187        
156        188        
187        188        
157        158        
157        189        
158        189        
159        160        
159        190        
160        190        
161        162        
161        191        
162        191        
163        164        
163        192        
164        192        
165        166        
165        193        
166        193        
167        168        
167        194        
168        194        
169        170        
169        195        
170        195        
171        172        
171        196        
172        196        
173        174        
173        197        
174        197        
175        176        
175        198        
176        198        
177        178        
177        199        
178        199        
179        180        
179        200        
180        200        
181        182        
181        201        
182        201        
183        184        
183        202        
184        202        
185        186        
185        203        
186        203        
188        204        
188        205        
204        205        
189        206        
189        207        
206        207        
190        208        
190        209        
208        209        
191        210        
191        211        
210        211        
192        212        
192        213        
212        213        
193        214        
193        215        
214        215        
194        216        
194        217        
216        217        
195        218        
195        219        
218        219        
196        220        
196        221        
220        221        
197        222        
197        223        
222        223        
198        224        
198        225        
224        225        
199        226        
199        227        
226        227        
200        228        
200        229        
228        229        
201        230        
201        231        
230        231        
202        232        
202        233        
232        233        
203        234        
203        235        
234        235        
204        235        
204        236        
235        236        
205        206        
205        237        
206        237        
207        208        
207        238        
208        238        
209        210        
209        239        
210        239        
211        212        
211        240        
212        240        
213        214        
213        241        
214        241        
215        216        
215        242        
216        242        
217        218        
217        243        
218        243        
219        220        
219        244        
220        244        
221        222        
221        245        
222        245        
223        224        
223        246        
224        246        
225        226        
225        247        
226        247        
227        228        
227        248        
228        248        
229        230        
229        249        
230        249        
231        232        
231        250        
232        250        
233        234        
233        251        
234        251        
237        252        
237        253        
252        253        
238        254        
238        255        
254        255        
239        256        
239        257        
256        257        
240        258        
240        259        
258        259        
241        260        
241        261        
260        261        
242        262        
242        263        
262        263        
243        264        
243        265        
264        265        
244        266        
244        267        
266        267        
245        268        
245        269        
268        269        
246        270        
246        271        
270        271        
247        272        
247        273        
272        273        
248        274        
248        275        
274        275        
249        276        
249        277        
276        277        
250        278        
250        279        
278        279        
251        280        
251        281        
280        281        
236        282        
236        283        
282        283        
252        283        
252        284        
283        284        
253        254        
253        285        
254        285        
255        256        
255        286        
256        286        
257        258        
257        287        
258        287        
259        260        
259        288        
260        288        
261        262        
261        289        
262        289        
263        264        
263        290        
264        290        
265        266        
265        291        
266        291        
267        268        
267        292        
268        292        
269        270        
269        293        
270        293        
271        272        
271        294        
272        294        
273        274        
273        295        
274        295        
275        276        
275        296        
276        296        
277        278        
277        297        
278        297        
279        280        
279        298        
280        298        
281        282        
281        299        
282        299        
284        300        
284        301        
300        301        
285        302        
285        303        
302        303        
286        304        
286        305        
304        305        
287        306        
287        307        
306        307        
288        308        
288        309        
308        309        
289        310        
289        311        
310        311        
290        312        
290        313        
312        313        
291        314        
291        315        
314        315        
292        316        
292        317        
316        317        
293        318        
293        319        
318        319        
294        320        
294        321        
320        321        
295        322        
295        323        
322        323        
296        324        
296        325        
324        325        
297        326        
297        327        
326        327        
298        328        
298        329        
328        329        
299        330        
299        331        
330        331        
300        331        
300        332        
331        332        
301        302        
301        333        
302        333        
303        304        
303        334        
304        334        
305        306        
305        335        
306        335        
307        308        
307        336        
308        336        
309        310        
309        337        
310        337        
311        312        
311        338        
312        338        
313        314        
313        339        
314        339        
315        316        
315        340        
316        340        
317        318        
317        341        
318        341        
319        320        
319        342        
320        342        
321        322        
321        343        
322        343        
323        324        
323        344        
324        344        
325        326        
325        345        
326        345        
327        328        
327        346        
328        346        
329        330        
329        347        
330        347        
333        348        
333        349        
348        349        
334        350        
334        351        
350        351        
335        352        
335        353        
352        353        
336        354        
336        355        
354        355        
337        356        
337        357        
356        357        
338        358        
338        359        
358        359        
339        360        
339        361        
360        361        
340        362        
340        363        
362        363        
341        364        
341        365        
364        365        
342        366        
342        367        
366        367        
343        368        
343        369        
368        369        
344        370        
344        371        
370        371        
345        372        
345        373        
372        373        
346        374        
346        375        
374        375        
347        376        
347        377        
376        377        
332        378        
332        379        
378        379        
348        379        
348        380        
379        380        
349        350        
349        381        
350        381        
351        352        
351        382        
352        382        
353        354        
353        383        
354        383        
355        356        
355        384        
356        384        
357        358        
357        385        
358        385        
359        360        
359        386        
360        386        
361        362        
361        387        
362        387        
363        364        
363        388        
364        388        
365        366        
365        389        
366        389        
367        368        
367        390        
368        390        
369        370        
369        391        
370        391        
371        372        
371        392        
372        392        
373        374        
373        393        
374        393        
375        376        
375        394        
376        394        
377        378        
377        395        
378        395        
380        396        
380        397        
396        397        
381        398        
381        399        
398        399        
382        400        
382        401        
400        401        
383        402        
383        403        
402        403        
384        404        
384        405        
404        405        
385        406        
385        407        
406        407        
386        408        
386        409        
408        409        
387        410        
387        411        
410        411        
388        412        
388        413        
412        413        
389        414        
389        415        
414        415        
390        416        
390        417        
416        417        
391        418        
391        419        
418        419        
392        420        
392        421        
420        421        
393        422        
393        423        
422        423        
394        424        
394        425        
424        425        
395        426        
395        427        
426        427        
396        427        
396        428        
427        428        
397        398        
397        429        
398        429        
399        400        
399        430        
400        430        
401        402        
401        431        
402        431        
403        404        
403        432        
404        432        
405        406        
405        433        
406        433        
407        408        
407        434        
408        434        
409        410        
409        435        
410        435        
411        412        
411        436        
412        436        
413        414        
413        437        
414        437        
415        416        
415        438        
416        438        
417        418        
417        439        
418        439        
419        420        
419        440        
420        440        
421        422        
421        441        
422        441        
423        424        
423        442        
424        442        
425        426        
425        443        
426        443        
429        444        
429        445        
444        445        
430        446        
430        447        
446        447        
431        448        
431        449        
448        449        
432        450        
432        451        
450        451        
433        452        
433        453        
452        453        
434        454        
434        455        
454        455        
435        456        
435        457        
456        457        
436        458        
436        459        
458        459        
437        460        
437        461        
460        461        
438        462        
438        463        
462        463        
439        464        
439        465        
464        465        
440        466        
440        467        
466        467        
441        468        
441        469        
468        469        
442        470        
442        471        
470        471        
443        472        
443        473        
472        473        
428        474        
428        475        
474        475        
444        475        
444        476        
475        476        
445        446        
445        477        
446        477        
447        448        
447        478        
448        478        
449        450        
449        479        
450        479        
451        452        
451        480        
452        480        
453        454        
453        481        
454        481        
455        456        
455        482        
456        482        
457        458        
457        483        
458        483        
459        460        
459        484        
460        484        
461        462        
461        485        
462        485        
463        464        
463        486        
464        486        
465        466        
465        487        
466        487        
467        468        
467        488        
468        488        
469        470        
469        489        
470        489        
471        472        
471        490        
472        490        
473        474        
473        491        
474        491        
476        492        
476        493        
492        493        
477        494        
477        495        
494        495        
478        496        
478        497        
496        497        
479        498        
479        499        
498        499        
480        500        
480        501        
500        501        
481        502        
481        503        
502        503        
482        504        
482        505        
504        505        
483        506        
483        507        
506        507        
484        508        
484        509        
508        509        
485        510        
485        511        
510        511        
486        512        
486        513        
512        513        
487        514        
487        515        
514        515        
488        516        
488        517        
516        517        
489        518        
489        519        
518        519        
490        520        
490        521        
520        521        
491        522        
491        523        
522        523        
492        523        
492        524        
523        524        
493        494        
493        525        
494        525        
495        496        
495        526        
496        526        
497        498        
497        527        
498        527        
499        500        
499        528        
500        528        
501        502        
501        529        
502        529        
503        504        
503        530        
504        530        
505        506        
505        531        
506        531        
507        508        
507        532        
508        532        
509        510        
509        533        
510        533        
511        512        
511        534        
512        534        
513        514        
513        535        
514        535        
515        516        
515        536        
516        536        
517        518        
517        537        
518        537        
519        520        
519        538        
520        538        
521        522        
521        539        
522        539        
525        540        
525        541        
540        541        
526        542        
526        543        
542        543        
527        544        
527        545        
544        545        
528        546        
528        547        
546        547        
529        548        
529        549        
548        549        
530        550        
530        551        
550        551        
531        552        
531        553        
552        553        
532        554        
532        555        
554        555        
533        556        
533        557        
556        557        
534        558        
534        559        
558        559        
535        560        
535        561        
560        561        
536        562        
536        563        
562        563        
537        564        
537        565        
564        565        
538        566        
538        567        
566        567        
539        568        
539        569        
568        569        
524        570        
524        571        
570        571        
540        571        
540        572        
571        572        
541        542        
541        573        
542        573        
543        544        
543        574        
544        574        
545        546        
545        575        
546        575        
547        548        
547        576        
548        576        
549        550        
549        577        
550        577        
551        552        
551        578        
552        578        
553        554        
553        579        
554        579        
555        556        
555        580        
556        580        
557        558        
557        581        
558        581        
559        560        
559        582        
560        582        
561        562        
561        583        
562        583        
563        564        
563        584        
564        584        
565        566        
565        585        
566        585        
567        568        
567        586        
568        586        
569        570        
569        587        
570        587        
572        588        
572        589        
588        589        
573        590        
573        591        
590        591        
574        592        
574        593        
592        593        
575        594        
575        595        
594        595        
576        596        
576        597        
596        597        
577        598        
577        599        
598        599        
578        600        
578        601        
600        601        
579        602        
579        603        
602        603        
580        604        
580        605        
604        605        
581        606        
581        607        
606        607        
582        608        
582        609        
608        609        
583        610        
583        611        
610        611        
584        612        
584        613        
612        613        
585        614        
585        615        
614        615        
586        616        
586        617        
616        617        
587        618        
587        619        
618        619        
588        619        
588        620        
619        620        
589        590        
589        621        
590        621        
591        592        
591        622        
592        622        
593        594        
593        623        
594        623        
595        596        
595        624        
596        624        
597        598        
597        625        
598        625        
599        600        
599        626        
600        626        
601        602        
601        627        
602        627        
603        604        
603        628        
604        628        
605        606        
605        629        
606        629        
607        608        
607        630        
608        630        
609        610        
609        631        
610        631        
611        612        
611        632        
612        632        
613        614        
613        633        
614        633        
615        616        
615        634        
616        634        
617        618        
617        635        
618        635        
621        636        
621        637        
636        637        
622        638        
622        639        
638        639        
623        640        
623        641        
640        641        
624        642        
624        643        
642        643        
625        644        
625        645        
644        645        
626        646        
626        647        
646        647        
627        648        
627        649        
648        649        
628        650        
628        651        
650        651        
629        652        
629        653        
652        653        
630        654        
630        655        
654        655        
631        656        
631        657        
656        657        
632        658        
632        659        
658        659        
633        660        
633        661        
660        661        
634        662        
634        663        
662        663        
635        664        
635        665        
664        665        
620        666        
620        667        
666        667        
636        667        
636        668        
667        668        
637        638        
637        669        
638        669        
639        640        
639        670        
640        670        
641        642        
641        671        
642        671        
643        644        
643        672        
644        672        
645        646        
645        673        
646        673        
647        648        
647        674        
648        674        
649        650        
649        675        
650        675        
651        652        
651        676        
652        676        
653        654        
653        677        
654        677        
655        656        
655        678        
656        678        
657        658        
657        679        
658        679        
659        660        
659        680        
660        680        
661        662        
661        681        
662        681        
663        664        
663        682        
664        682        
665        666        
665        683        
666        683        
668        684        
668        685        
684        685        
669        686        
669        687        
686        687        
670        688        
670        689        
688        689        
671        690        
671        691        
690        691        
672        692        
672        693        
692        693        
673        694        
673        695        
694        695        
674        696        
674        697        
696        697        
675        698        
675        699        
698        699        
676        700        
676        701        
700        701        
677        702        
677        703        
702        703        
678        704        
678        705        
704        705        
679        706        
679        707        
706        707        
680        708        
680        709        
708        709        
681        710        
681        711        
710        711        
682        712        
682        713        
712        713        
683        714        
683        715        
714        715        
684        715        
684        716        
715        716        
685        686        
685        717        
686        717        
687        688        
687        718        
688        718        
689        690        
689        719        
690        719        
691        692        
691        720        
692        720        
693        694        
693        721        
694        721        
695        696        
695        722        
696        722        
697        698        
697        723        
698        723        
699        700        
699        724        
700        724        
701        702        
701        725        
702        725        
703        704        
703        726        
704        726        
705        706        
705        727        
706        727        
707        708        
707        728        
708        728        
709        710        
709        729        
710        729        
711        712        
711        730        
712        730        
713        714        
713        731        
714        731        
44         717        
44         732        
717        732        
718        733        
718        734        
733        734        
719        735        
719        736        
735        736        
720        737        
720        738        
737        738        
721        739        
721        740        
739        740        
722        741        
722        742        
741        742        
723        743        
723        744        
743        744        
724        745        
724        746        
745        746        
725        747        
725        748        
747        748        
726        749        
726        750        
749        750        
727        751        
727        752        
751        752        
728        753        
728        754        
753        754        
729        755        
729        756        
755        756        
730        757        
730        758        
757        758        
716        731        
716        759        
731        759        
3          732        
3          734        
732        734        
6          733        
6          736        
733        736        
9          735        
9          738        
735        738        
12         737        
12         740        
737        740        
15         739        
15         742        
739        742        
18         741        
18         744        
741        744        
21         743        
21         746        
743        746        
24         745        
24         748        
745        748        
27         747        
27         750        
747        750        
30         749        
30         752        
749        752        
33         751        
33         754        
751        754        
36         753        
36         756        
753        756        
39         755        
39         758        
755        758        
42         757        
42         759        
757        759        
