3012
1          754        
1          767        
2          754        
2          768        
3          754        
3          1242       
4          755        
4          768        
5          755        
5          769        
6          755        
6          1243       
7          756        
7          769        
8          756        
8          770        
9          756        
9          1244       
10         757        
10         770        
11         757        
11         771        
12         757        
12         1245       
13         758        
13         771        
14         758        
14         772        
15         758        
15         1246       
16         759        
16         772        
17         759        
17         773        
18         759        
18         1247       
19         760        
19         773        
20         760        
20         774        
21         760        
21         1248       
22         761        
22         774        
23         761        
23         775        
24         761        
24         1249       
25         762        
25         775        
26         762        
26         776        
27         762        
27         1250       
28         763        
28         776        
29         763        
29         777        
30         763        
30         1251       
31         764        
31         777        
32         764        
32         778        
33         764        
33         1252       
34         765        
34         778        
35         765        
35         779        
36         765        
36         1253       
37         766        
37         779        
38         766        
38         780        
39         766        
39         1254       
40         767        
40         781        
41         767        
41         1241       
42         768        
42         782        
43         769        
43         783        
44         770        
44         784        
45         771        
45         785        
46         772        
46         786        
47         773        
47         787        
48         774        
48         788        
49         775        
49         789        
50         776        
50         790        
51         777        
51         791        
52         778        
52         792        
53         779        
53         793        
54         780        
54         794        
55         780        
55         1255       
56         781        
56         796        
57         781        
57         797        
58         782        
58         797        
59         782        
59         798        
60         783        
60         798        
61         783        
61         799        
62         784        
62         799        
63         784        
63         800        
64         785        
64         800        
65         785        
65         801        
66         786        
66         801        
67         786        
67         802        
68         787        
68         802        
69         787        
69         803        
70         788        
70         803        
71         788        
71         804        
72         789        
72         804        
73         789        
73         805        
74         790        
74         805        
75         790        
75         806        
76         791        
76         806        
77         791        
77         807        
78         792        
78         807        
79         792        
79         808        
80         793        
80         808        
81         793        
81         809        
82         794        
82         809        
83         794        
83         810        
84         795        
84         811        
85         795        
85         796        
86         795        
86         810        
87         796        
87         812        
88         797        
88         813        
89         798        
89         814        
90         799        
90         815        
91         800        
91         816        
92         801        
92         817        
93         802        
93         818        
94         803        
94         819        
95         804        
95         820        
96         805        
96         821        
97         806        
97         822        
98         807        
98         823        
99         808        
99         824        
100        809        
100        825        
101        810        
101        826        
102        811        
102        827        
103        811        
103        828        
104        812        
104        828        
105        812        
105        829        
106        813        
106        829        
107        813        
107        830        
108        814        
108        830        
109        814        
109        831        
110        815        
110        831        
111        815        
111        832        
112        816        
112        832        
113        816        
113        833        
114        817        
114        833        
115        817        
115        834        
116        818        
116        834        
117        818        
117        835        
118        819        
118        835        
119        819        
119        836        
120        820        
120        836        
121        820        
121        837        
122        821        
122        837        
123        821        
123        838        
124        822        
124        838        
125        822        
125        839        
126        823        
126        839        
127        823        
127        840        
128        824        
128        840        
129        824        
129        841        
130        825        
130        841        
131        825        
131        842        
132        826        
132        842        
133        826        
133        827        
134        827        
134        858        
135        828        
135        843        
136        829        
136        844        
137        830        
137        845        
138        831        
138        846        
139        832        
139        847        
140        833        
140        848        
141        834        
141        849        
142        835        
142        850        
143        836        
143        851        
144        837        
144        852        
145        838        
145        853        
146        839        
146        854        
147        840        
147        855        
148        841        
148        856        
149        842        
149        857        
150        843        
150        859        
151        843        
151        860        
152        844        
152        860        
153        844        
153        861        
154        845        
154        861        
155        845        
155        862        
156        846        
156        862        
157        846        
157        863        
158        847        
158        863        
159        847        
159        864        
160        848        
160        864        
161        848        
161        865        
162        849        
162        865        
163        849        
163        866        
164        850        
164        866        
165        850        
165        867        
166        851        
166        867        
167        851        
167        868        
168        852        
168        868        
169        852        
169        869        
170        853        
170        869        
171        853        
171        870        
172        854        
172        870        
173        854        
173        871        
174        855        
174        871        
175        855        
175        872        
176        856        
176        872        
177        856        
177        873        
178        857        
178        873        
179        857        
179        874        
180        858        
180        874        
181        858        
181        859        
182        859        
182        875        
183        860        
183        876        
184        861        
184        877        
185        862        
185        878        
186        863        
186        879        
187        864        
187        880        
188        865        
188        881        
189        866        
189        882        
190        867        
190        883        
191        868        
191        884        
192        869        
192        885        
193        870        
193        886        
194        871        
194        887        
195        872        
195        888        
196        873        
196        889        
197        874        
197        890        
198        875        
198        891        
199        875        
199        892        
200        876        
200        892        
201        876        
201        893        
202        877        
202        893        
203        877        
203        894        
204        878        
204        894        
205        878        
205        895        
206        879        
206        895        
207        879        
207        896        
208        880        
208        896        
209        880        
209        897        
210        881        
210        897        
211        881        
211        898        
212        882        
212        898        
213        882        
213        899        
214        883        
214        899        
215        883        
215        900        
216        884        
216        900        
217        884        
217        901        
218        885        
218        901        
219        885        
219        902        
220        886        
220        902        
221        886        
221        903        
222        887        
222        903        
223        887        
223        904        
224        888        
224        904        
225        888        
225        905        
226        889        
226        905        
227        889        
227        906        
228        890        
228        906        
229        890        
229        891        
230        891        
230        922        
231        892        
231        907        
232        893        
232        908        
233        894        
233        909        
234        895        
234        910        
235        896        
235        911        
236        897        
236        912        
237        898        
237        913        
238        899        
238        914        
239        900        
239        915        
240        901        
240        916        
241        902        
241        917        
242        903        
242        918        
243        904        
243        919        
244        905        
244        920        
245        906        
245        921        
246        907        
246        923        
247        907        
247        924        
248        908        
248        924        
249        908        
249        925        
250        909        
250        925        
251        909        
251        926        
252        910        
252        926        
253        910        
253        927        
254        911        
254        927        
255        911        
255        928        
256        912        
256        928        
257        912        
257        929        
258        913        
258        929        
259        913        
259        930        
260        914        
260        930        
261        914        
261        931        
262        915        
262        931        
263        915        
263        932        
264        916        
264        932        
265        916        
265        933        
266        917        
266        933        
267        917        
267        934        
268        918        
268        934        
269        918        
269        935        
270        919        
270        935        
271        919        
271        936        
272        920        
272        936        
273        920        
273        937        
274        921        
274        937        
275        921        
275        938        
276        922        
276        938        
277        922        
277        923        
278        923        
278        939        
279        924        
279        940        
280        925        
280        941        
281        926        
281        942        
282        927        
282        943        
283        928        
283        944        
284        929        
284        945        
285        930        
285        946        
286        931        
286        947        
287        932        
287        948        
288        933        
288        949        
289        934        
289        950        
290        935        
290        951        
291        936        
291        952        
292        937        
292        953        
293        938        
293        954        
294        939        
294        955        
295        939        
295        956        
296        940        
296        956        
297        940        
297        957        
298        941        
298        957        
299        941        
299        958        
300        942        
300        958        
301        942        
301        959        
302        943        
302        959        
303        943        
303        960        
304        944        
304        960        
305        944        
305        961        
306        945        
306        961        
307        945        
307        962        
308        946        
308        962        
309        946        
309        963        
310        947        
310        963        
311        947        
311        964        
312        948        
312        964        
313        948        
313        965        
314        949        
314        965        
315        949        
315        966        
316        950        
316        966        
317        950        
317        967        
318        951        
318        967        
319        951        
319        968        
320        952        
320        968        
321        952        
321        969        
322        953        
322        969        
323        953        
323        970        
324        954        
324        970        
325        954        
325        955        
326        955        
326        986        
327        956        
327        971        
328        957        
328        972        
329        958        
329        973        
330        959        
330        974        
331        960        
331        975        
332        961        
332        976        
333        962        
333        977        
334        963        
334        978        
335        964        
335        979        
336        965        
336        980        
337        966        
337        981        
338        967        
338        982        
339        968        
339        983        
340        969        
340        984        
341        970        
341        985        
342        971        
342        987        
343        971        
343        988        
344        972        
344        988        
345        972        
345        989        
346        973        
346        989        
347        973        
347        990        
348        974        
348        990        
349        974        
349        991        
350        975        
350        991        
351        975        
351        992        
352        976        
352        992        
353        976        
353        993        
354        977        
354        993        
355        977        
355        994        
356        978        
356        994        
357        978        
357        995        
358        979        
358        995        
359        979        
359        996        
360        980        
360        996        
361        980        
361        997        
362        981        
362        997        
363        981        
363        998        
364        982        
364        998        
365        982        
365        999        
366        983        
366        999        
367        983        
367        1000       
368        984        
368        1000       
369        984        
369        1001       
370        985        
370        1001       
371        985        
371        1002       
372        986        
372        1002       
373        986        
373        987        
374        987        
374        1003       
375        988        
375        1004       
376        989        
376        1005       
377        990        
377        1006       
378        991        
378        1007       
379        992        
379        1008       
380        993        
380        1009       
381        994        
381        1010       
382        995        
382        1011       
383        996        
383        1012       
384        997        
384        1013       
385        998        
385        1014       
386        999        
386        1015       
387        1000       
387        1016       
388        1001       
388        1017       
389        1002       
389        1018       
390        1003       
390        1019       
391        1003       
391        1020       
392        1004       
392        1020       
393        1004       
393        1021       
394        1005       
394        1021       
395        1005       
395        1022       
396        1006       
396        1022       
397        1006       
397        1023       
398        1007       
398        1023       
399        1007       
399        1024       
400        1008       
400        1024       
401        1008       
401        1025       
402        1009       
402        1025       
403        1009       
403        1026       
404        1010       
404        1026       
405        1010       
405        1027       
406        1011       
406        1027       
407        1011       
407        1028       
408        1012       
408        1028       
409        1012       
409        1029       
410        1013       
410        1029       
411        1013       
411        1030       
412        1014       
412        1030       
413        1014       
413        1031       
414        1015       
414        1031       
415        1015       
415        1032       
416        1016       
416        1032       
417        1016       
417        1033       
418        1017       
418        1033       
419        1017       
419        1034       
420        1018       
420        1034       
421        1018       
421        1019       
422        1019       
422        1050       
423        1020       
423        1035       
424        1021       
424        1036       
425        1022       
425        1037       
426        1023       
426        1038       
427        1024       
427        1039       
428        1025       
428        1040       
429        1026       
429        1041       
430        1027       
430        1042       
431        1028       
431        1043       
432        1029       
432        1044       
433        1030       
433        1045       
434        1031       
434        1046       
435        1032       
435        1047       
436        1033       
436        1048       
437        1034       
437        1049       
438        1035       
438        1051       
439        1035       
439        1052       
440        1036       
440        1052       
441        1036       
441        1053       
442        1037       
442        1053       
443        1037       
443        1054       
444        1038       
444        1054       
445        1038       
445        1055       
446        1039       
446        1055       
447        1039       
447        1056       
448        1040       
448        1056       
449        1040       
449        1057       
450        1041       
450        1057       
451        1041       
451        1058       
452        1042       
452        1058       
453        1042       
453        1059       
454        1043       
454        1059       
455        1043       
455        1060       
456        1044       
456        1060       
457        1044       
457        1061       
458        1045       
458        1061       
459        1045       
459        1062       
460        1046       
460        1062       
461        1046       
461        1063       
462        1047       
462        1063       
463        1047       
463        1064       
464        1048       
464        1064       
465        1048       
465        1065       
466        1049       
466        1065       
467        1049       
467        1066       
468        1050       
468        1066       
469        1050       
469        1051       
470        1051       
470        1067       
471        1052       
471        1068       
472        1053       
472        1069       
473        1054       
473        1070       
474        1055       
474        1071       
475        1056       
475        1072       
476        1057       
476        1073       
477        1058       
477        1074       
478        1059       
478        1075       
479        1060       
479        1076       
480        1061       
480        1077       
481        1062       
481        1078       
482        1063       
482        1079       
483        1064       
483        1080       
484        1065       
484        1081       
485        1066       
485        1082       
486        1067       
486        1083       
487        1067       
487        1084       
488        1068       
488        1084       
489        1068       
489        1085       
490        1069       
490        1085       
491        1069       
491        1086       
492        1070       
492        1086       
493        1070       
493        1087       
494        1071       
494        1087       
495        1071       
495        1088       
496        1072       
496        1088       
497        1072       
497        1089       
498        1073       
498        1089       
499        1073       
499        1090       
500        1074       
500        1090       
501        1074       
501        1091       
502        1075       
502        1091       
503        1075       
503        1092       
504        1076       
504        1092       
505        1076       
505        1093       
506        1077       
506        1093       
507        1077       
507        1094       
508        1078       
508        1094       
509        1078       
509        1095       
510        1079       
510        1095       
511        1079       
511        1096       
512        1080       
512        1096       
513        1080       
513        1097       
514        1081       
514        1097       
515        1081       
515        1098       
516        1082       
516        1098       
517        1082       
517        1083       
518        1083       
518        1114       
519        1084       
519        1099       
520        1085       
520        1100       
521        1086       
521        1101       
522        1087       
522        1102       
523        1088       
523        1103       
524        1089       
524        1104       
525        1090       
525        1105       
526        1091       
526        1106       
527        1092       
527        1107       
528        1093       
528        1108       
529        1094       
529        1109       
530        1095       
530        1110       
531        1096       
531        1111       
532        1097       
532        1112       
533        1098       
533        1113       
534        1099       
534        1115       
535        1099       
535        1116       
536        1100       
536        1116       
537        1100       
537        1117       
538        1101       
538        1117       
539        1101       
539        1118       
540        1102       
540        1118       
541        1102       
541        1119       
542        1103       
542        1119       
543        1103       
543        1120       
544        1104       
544        1120       
545        1104       
545        1121       
546        1105       
546        1121       
547        1105       
547        1122       
548        1106       
548        1122       
549        1106       
549        1123       
550        1107       
550        1123       
551        1107       
551        1124       
552        1108       
552        1124       
553        1108       
553        1125       
554        1109       
554        1125       
555        1109       
555        1126       
556        1110       
556        1126       
557        1110       
557        1127       
558        1111       
558        1127       
559        1111       
559        1128       
560        1112       
560        1128       
561        1112       
561        1129       
562        1113       
562        1129       
563        1113       
563        1130       
564        1114       
564        1130       
565        1114       
565        1115       
566        1115       
566        1131       
567        1116       
567        1132       
568        1117       
568        1133       
569        1118       
569        1134       
570        1119       
570        1135       
571        1120       
571        1136       
572        1121       
572        1137       
573        1122       
573        1138       
574        1123       
574        1139       
575        1124       
575        1140       
576        1125       
576        1141       
577        1126       
577        1142       
578        1127       
578        1143       
579        1128       
579        1144       
580        1129       
580        1145       
581        1130       
581        1146       
582        1131       
582        1147       
583        1131       
583        1148       
584        1132       
584        1148       
585        1132       
585        1149       
586        1133       
586        1149       
587        1133       
587        1150       
588        1134       
588        1150       
589        1134       
589        1151       
590        1135       
590        1151       
591        1135       
591        1152       
592        1136       
592        1152       
593        1136       
593        1153       
594        1137       
594        1153       
595        1137       
595        1154       
596        1138       
596        1154       
597        1138       
597        1155       
598        1139       
598        1155       
599        1139       
599        1156       
600        1140       
600        1156       
601        1140       
601        1157       
602        1141       
602        1157       
603        1141       
603        1158       
604        1142       
604        1158       
605        1142       
605        1159       
606        1143       
606        1159       
607        1143       
607        1160       
608        1144       
608        1160       
609        1144       
609        1161       
610        1145       
610        1161       
611        1145       
611        1162       
612        1146       
612        1162       
613        1146       
613        1147       
614        1147       
614        1178       
615        1148       
615        1163       
616        1149       
616        1164       
617        1150       
617        1165       
618        1151       
618        1166       
619        1152       
619        1167       
620        1153       
620        1168       
621        1154       
621        1169       
622        1155       
622        1170       
623        1156       
623        1171       
624        1157       
624        1172       
625        1158       
625        1173       
626        1159       
626        1174       
627        1160       
627        1175       
628        1161       
628        1176       
629        1162       
629        1177       
630        1163       
630        1179       
631        1163       
631        1180       
632        1164       
632        1180       
633        1164       
633        1181       
634        1165       
634        1181       
635        1165       
635        1182       
636        1166       
636        1182       
637        1166       
637        1183       
638        1167       
638        1183       
639        1167       
639        1184       
640        1168       
640        1184       
641        1168       
641        1185       
642        1169       
642        1185       
643        1169       
643        1186       
644        1170       
644        1186       
645        1170       
645        1187       
646        1171       
646        1187       
647        1171       
647        1188       
648        1172       
648        1188       
649        1172       
649        1189       
650        1173       
650        1189       
651        1173       
651        1190       
652        1174       
652        1190       
653        1174       
653        1191       
654        1175       
654        1191       
655        1175       
655        1192       
656        1176       
656        1192       
657        1176       
657        1193       
658        1177       
658        1193       
659        1177       
659        1194       
660        1178       
660        1194       
661        1178       
661        1179       
662        1179       
662        1195       
663        1180       
663        1196       
664        1181       
664        1197       
665        1182       
665        1198       
666        1183       
666        1199       
667        1184       
667        1200       
668        1185       
668        1201       
669        1186       
669        1202       
670        1187       
670        1203       
671        1188       
671        1204       
672        1189       
672        1205       
673        1190       
673        1206       
674        1191       
674        1207       
675        1192       
675        1208       
676        1193       
676        1209       
677        1194       
677        1210       
678        1195       
678        1211       
679        1195       
679        1212       
680        1196       
680        1212       
681        1196       
681        1213       
682        1197       
682        1213       
683        1197       
683        1214       
684        1198       
684        1214       
685        1198       
685        1215       
686        1199       
686        1215       
687        1199       
687        1216       
688        1200       
688        1216       
689        1200       
689        1217       
690        1201       
690        1217       
691        1201       
691        1218       
692        1202       
692        1218       
693        1202       
693        1219       
694        1203       
694        1219       
695        1203       
695        1220       
696        1204       
696        1220       
697        1204       
697        1221       
698        1205       
698        1221       
699        1205       
699        1222       
700        1206       
700        1222       
701        1206       
701        1223       
702        1207       
702        1223       
703        1207       
703        1224       
704        1208       
704        1224       
705        1208       
705        1225       
706        1209       
706        1225       
707        1209       
707        1226       
708        1210       
708        1226       
709        1210       
709        1211       
710        1211       
710        1255       
711        1212       
711        1241       
712        1213       
712        1227       
713        1214       
713        1228       
714        1215       
714        1229       
715        1216       
715        1230       
716        1217       
716        1231       
717        1218       
717        1232       
718        1219       
718        1233       
719        1220       
719        1234       
720        1221       
720        1235       
721        1222       
721        1236       
722        1223       
722        1237       
723        1224       
723        1238       
724        1225       
724        1239       
725        1226       
725        1240       
726        1227       
726        1242       
727        1227       
727        1241       
728        1228       
728        1243       
729        1228       
729        1242       
730        1229       
730        1244       
731        1229       
731        1243       
732        1230       
732        1245       
733        1230       
733        1244       
734        1231       
734        1246       
735        1231       
735        1245       
736        1232       
736        1247       
737        1232       
737        1246       
738        1233       
738        1248       
739        1233       
739        1247       
740        1234       
740        1249       
741        1234       
741        1248       
742        1235       
742        1250       
743        1235       
743        1249       
744        1236       
744        1251       
745        1236       
745        1250       
746        1237       
746        1252       
747        1237       
747        1251       
748        1238       
748        1253       
749        1238       
749        1252       
750        1239       
750        1254       
751        1239       
751        1253       
752        1240       
752        1255       
753        1240       
753        1254       
1          2          
1          3          
2          3          
4          5          
4          6          
5          6          
7          8          
7          9          
8          9          
10         11         
10         12         
11         12         
13         14         
13         15         
14         15         
16         17         
16         18         
17         18         
19         20         
19         21         
20         21         
22         23         
22         24         
23         24         
25         26         
25         27         
26         27         
28         29         
28         30         
29         30         
31         32         
31         33         
32         33         
34         35         
34         36         
35         36         
37         38         
37         39         
38         39         
1          40         
1          41         
40         41         
2          4          
2          42         
4          42         
5          7          
5          43         
7          43         
8          10         
8          44         
10         44         
11         13         
11         45         
13         45         
14         16         
14         46         
16         46         
17         19         
17         47         
19         47         
20         22         
20         48         
22         48         
23         25         
23         49         
25         49         
26         28         
26         50         
28         50         
29         31         
29         51         
31         51         
32         34         
32         52         
34         52         
35         37         
35         53         
37         53         
38         54         
38         55         
54         55         
40         56         
40         57         
56         57         
42         58         
42         59         
58         59         
43         60         
43         61         
60         61         
44         62         
44         63         
62         63         
45         64         
45         65         
64         65         
46         66         
46         67         
66         67         
47         68         
47         69         
68         69         
48         70         
48         71         
70         71         
49         72         
49         73         
72         73         
50         74         
50         75         
74         75         
51         76         
51         77         
76         77         
52         78         
52         79         
78         79         
53         80         
53         81         
80         81         
54         82         
54         83         
82         83         
84         85         
84         86         
85         86         
56         85         
56         87         
85         87         
57         58         
57         88         
58         88         
59         60         
59         89         
60         89         
61         62         
61         90         
62         90         
63         64         
63         91         
64         91         
65         66         
65         92         
66         92         
67         68         
67         93         
68         93         
69         70         
69         94         
70         94         
71         72         
71         95         
72         95         
73         74         
73         96         
74         96         
75         76         
75         97         
76         97         
77         78         
77         98         
78         98         
79         80         
79         99         
80         99         
81         82         
81         100        
82         100        
83         86         
83         101        
86         101        
84         102        
84         103        
102        103        
87         104        
87         105        
104        105        
88         106        
88         107        
106        107        
89         108        
89         109        
108        109        
90         110        
90         111        
110        111        
91         112        
91         113        
112        113        
92         114        
92         115        
114        115        
93         116        
93         117        
116        117        
94         118        
94         119        
118        119        
95         120        
95         121        
120        121        
96         122        
96         123        
122        123        
97         124        
97         125        
124        125        
98         126        
98         127        
126        127        
99         128        
99         129        
128        129        
100        130        
100        131        
130        131        
101        132        
101        133        
132        133        
102        133        
102        134        
133        134        
103        104        
103        135        
104        135        
105        106        
105        136        
106        136        
107        108        
107        137        
108        137        
109        110        
109        138        
110        138        
111        112        
111        139        
112        139        
113        114        
113        140        
114        140        
115        116        
115        141        
116        141        
117        118        
117        142        
118        142        
119        120        
119        143        
120        143        
121        122        
121        144        
122        144        
123        124        
123        145        
124        145        
125        126        
125        146        
126        146        
127        128        
127        147        
128        147        
129        130        
129        148        
130        148        
131        132        
131        149        
132        149        
135        150        
135        151        
150        151        
136        152        
136        153        
152        153        
137        154        
137        155        
154        155        
138        156        
138        157        
156        157        
139        158        
139        159        
158        159        
140        160        
140        161        
160        161        
141        162        
141        163        
162        163        
142        164        
142        165        
164        165        
143        166        
143        167        
166        167        
144        168        
144        169        
168        169        
145        170        
145        171        
170        171        
146        172        
146        173        
172        173        
147        174        
147        175        
174        175        
148        176        
148        177        
176        177        
149        178        
149        179        
178        179        
134        180        
134        181        
180        181        
150        181        
150        182        
181        182        
151        152        
151        183        
152        183        
153        154        
153        184        
154        184        
155        156        
155        185        
156        185        
157        158        
157        186        
158        186        
159        160        
159        187        
160        187        
161        162        
161        188        
162        188        
163        164        
163        189        
164        189        
165        166        
165        190        
166        190        
167        168        
167        191        
168        191        
169        170        
169        192        
170        192        
171        172        
171        193        
172        193        
173        174        
173        194        
174        194        
175        176        
175        195        
176        195        
177        178        
177        196        
178        196        
179        180        
179        197        
180        197        
182        198        
182        199        
198        199        
183        200        
183        201        
200        201        
184        202        
184        203        
202        203        
185        204        
185        205        
204        205        
186        206        
186        207        
206        207        
187        208        
187        209        
208        209        
188        210        
188        211        
210        211        
189        212        
189        213        
212        213        
190        214        
190        215        
214        215        
191        216        
191        217        
216        217        
192        218        
192        219        
218        219        
193        220        
193        221        
220        221        
194        222        
194        223        
222        223        
195        224        
195        225        
224        225        
196        226        
196        227        
226        227        
197        228        
197        229        
228        229        
198        229        
198        230        
229        230        
199        200        
199        231        
200        231        
201        202        
201        232        
202        232        
203        204        
203        233        
204        233        
205        206        
205        234        
206        234        
207        208        
207        235        
208        235        
209        210        
209        236        
210        236        
211        212        
211        237        
212        237        
213        214        
213        238        
214        238        
215        216        
215        239        
216        239        
217        218        
217        240        
218        240        
219        220        
219        241        
220        241        
221        222        
221        242        
222        242        
223        224        
223        243        
224        243        
225        226        
225        244        
226        244        
227        228        
227        245        
228        245        
231        246        
231        247        
246        247        
232        248        
232        249        
248        249        
233        250        
233        251        
250        251        
234        252        
234        253        
252        253        
235        254        
235        255        
254        255        
236        256        
236        257        
256        257        
237        258        
237        259        
258        259        
238        260        
238        261        
260        261        
239        262        
239        263        
262        263        
240        264        
240        265        
264        265        
241        266        
241        267        
266        267        
242        268        
242        269        
268        269        
243        270        
243        271        
270        271        
244        272        
244        273        
272        273        
245        274        
245        275        
274        275        
230        276        
230        277        
276        277        
246        277        
246        278        
277        278        
247        248        
247        279        
248        279        
249        250        
249        280        
250        280        
251        252        
251        281        
252        281        
253        254        
253        282        
254        282        
255        256        
255        283        
256        283        
257        258        
257        284        
258        284        
259        260        
259        285        
260        285        
261        262        
261        286        
262        286        
263        264        
263        287        
264        287        
265        266        
265        288        
266        288        
267        268        
267        289        
268        289        
269        270        
269        290        
270        290        
271        272        
271        291        
272        291        
273        274        
273        292        
274        292        
275        276        
275        293        
276        293        
278        294        
278        295        
294        295        
279        296        
279        297        
296        297        
280        298        
280        299        
298        299        
281        300        
281        301        
300        301        
282        302        
282        303        
302        303        
283        304        
283        305        
304        305        
284        306        
284        307        
306        307        
285        308        
285        309        
308        309        
286        310        
286        311        
310        311        
287        312        
287        313        
312        313        
288        314        
288        315        
314        315        
289        316        
289        317        
316        317        
290        318        
290        319        
318        319        
291        320        
291        321        
320        321        
292        322        
292        323        
322        323        
293        324        
293        325        
324        325        
294        325        
294        326        
325        326        
295        296        
295        327        
296        327        
297        298        
297        328        
298        328        
299        300        
299        329        
300        329        
301        302        
301        330        
302        330        
303        304        
303        331        
304        331        
305        306        
305        332        
306        332        
307        308        
307        333        
308        333        
309        310        
309        334        
310        334        
311        312        
311        335        
312        335        
313        314        
313        336        
314        336        
315        316        
315        337        
316        337        
317        318        
317        338        
318        338        
319        320        
319        339        
320        339        
321        322        
321        340        
322        340        
323        324        
323        341        
324        341        
327        342        
327        343        
342        343        
328        344        
328        345        
344        345        
329        346        
329        347        
346        347        
330        348        
330        349        
348        349        
331        350        
331        351        
350        351        
332        352        
332        353        
352        353        
333        354        
333        355        
354        355        
334        356        
334        357        
356        357        
335        358        
335        359        
358        359        
336        360        
336        361        
360        361        
337        362        
337        363        
362        363        
338        364        
338        365        
364        365        
339        366        
339        367        
366        367        
340        368        
340        369        
368        369        
341        370        
341        371        
370        371        
326        372        
326        373        
372        373        
342        373        
342        374        
373        374        
343        344        
343        375        
344        375        
345        346        
345        376        
346        376        
347        348        
347        377        
348        377        
349        350        
349        378        
350        378        
351        352        
351        379        
352        379        
353        354        
353        380        
354        380        
355        356        
355        381        
356        381        
357        358        
357        382        
358        382        
359        360        
359        383        
360        383        
361        362        
361        384        
362        384        
363        364        
363        385        
364        385        
365        366        
365        386        
366        386        
367        368        
367        387        
368        387        
369        370        
369        388        
370        388        
371        372        
371        389        
372        389        
374        390        
374        391        
390        391        
375        392        
375        393        
392        393        
376        394        
376        395        
394        395        
377        396        
377        397        
396        397        
378        398        
378        399        
398        399        
379        400        
379        401        
400        401        
380        402        
380        403        
402        403        
381        404        
381        405        
404        405        
382        406        
382        407        
406        407        
383        408        
383        409        
408        409        
384        410        
384        411        
410        411        
385        412        
385        413        
412        413        
386        414        
386        415        
414        415        
387        416        
387        417        
416        417        
388        418        
388        419        
418        419        
389        420        
389        421        
420        421        
390        421        
390        422        
421        422        
391        392        
391        423        
392        423        
393        394        
393        424        
394        424        
395        396        
395        425        
396        425        
397        398        
397        426        
398        426        
399        400        
399        427        
400        427        
401        402        
401        428        
402        428        
403        404        
403        429        
404        429        
405        406        
405        430        
406        430        
407        408        
407        431        
408        431        
409        410        
409        432        
410        432        
411        412        
411        433        
412        433        
413        414        
413        434        
414        434        
415        416        
415        435        
416        435        
417        418        
417        436        
418        436        
419        420        
419        437        
420        437        
423        438        
423        439        
438        439        
424        440        
424        441        
440        441        
425        442        
425        443        
442        443        
426        444        
426        445        
444        445        
427        446        
427        447        
446        447        
428        448        
428        449        
448        449        
429        450        
429        451        
450        451        
430        452        
430        453        
452        453        
431        454        
431        455        
454        455        
432        456        
432        457        
456        457        
433        458        
433        459        
458        459        
434        460        
434        461        
460        461        
435        462        
435        463        
462        463        
436        464        
436        465        
464        465        
437        466        
437        467        
466        467        
422        468        
422        469        
468        469        
438        469        
438        470        
469        470        
439        440        
439        471        
440        471        
441        442        
441        472        
442        472        
443        444        
443        473        
444        473        
445        446        
445        474        
446        474        
447        448        
447        475        
448        475        
449        450        
449        476        
450        476        
451        452        
451        477        
452        477        
453        454        
453        478        
454        478        
455        456        
455        479        
456        479        
457        458        
457        480        
458        480        
459        460        
459        481        
460        481        
461        462        
461        482        
462        482        
463        464        
463        483        
464        483        
465        466        
465        484        
466        484        
467        468        
467        485        
468        485        
470        486        
470        487        
486        487        
471        488        
471        489        
488        489        
472        490        
472        491        
490        491        
473        492        
473        493        
492        493        
474        494        
474        495        
494        495        
475        496        
475        497        
496        497        
476        498        
476        499        
498        499        
477        500        
477        501        
500        501        
478        502        
478        503        
502        503        
479        504        
479        505        
504        505        
480        506        
480        507        
506        507        
481        508        
481        509        
508        509        
482        510        
482        511        
510        511        
483        512        
483        513        
512        513        
484        514        
484        515        
514        515        
485        516        
485        517        
516        517        
486        517        
486        518        
517        518        
487        488        
487        519        
488        519        
489        490        
489        520        
490        520        
491        492        
491        521        
492        521        
493        494        
493        522        
494        522        
495        496        
495        523        
496        523        
497        498        
497        524        
498        524        
499        500        
499        525        
500        525        
501        502        
501        526        
502        526        
503        504        
503        527        
504        527        
505        506        
505        528        
506        528        
507        508        
507        529        
508        529        
509        510        
509        530        
510        530        
511        512        
511        531        
512        531        
513        514        
513        532        
514        532        
515        516        
515        533        
516        533        
519        534        
519        535        
534        535        
520        536        
520        537        
536        537        
521        538        
521        539        
538        539        
522        540        
522        541        
540        541        
523        542        
523        543        
542        543        
524        544        
524        545        
544        545        
525        546        
525        547        
546        547        
526        548        
526        549        
548        549        
527        550        
527        551        
550        551        
528        552        
528        553        
552        553        
529        554        
529        555        
554        555        
530        556        
530        557        
556        557        
531        558        
531        559        
558        559        
532        560        
532        561        
560        561        
533        562        
533        563        
562        563        
518        564        
518        565        
564        565        
534        565        
534        566        
565        566        
535        536        
535        567        
536        567        
537        538        
537        568        
538        568        
539        540        
539        569        
540        569        
541        542        
541        570        
542        570        
543        544        
543        571        
544        571        
545        546        
545        572        
546        572        
547        548        
547        573        
548        573        
549        550        
549        574        
550        574        
551        552        
551        575        
552        575        
553        554        
553        576        
554        576        
555        556        
555        577        
556        577        
557        558        
557        578        
558        578        
559        560        
559        579        
560        579        
561        562        
561        580        
562        580        
563        564        
563        581        
564        581        
566        582        
566        583        
582        583        
567        584        
567        585        
584        585        
568        586        
568        587        
586        587        
569        588        
569        589        
588        589        
570        590        
570        591        
590        591        
571        592        
571        593        
592        593        
572        594        
572        595        
594        595        
573        596        
573        597        
596        597        
574        598        
574        599        
598        599        
575        600        
575        601        
600        601        
576        602        
576        603        
602        603        
577        604        
577        605        
604        605        
578        606        
578        607        
606        607        
579        608        
579        609        
608        609        
580        610        
580        611        
610        611        
581        612        
581        613        
612        613        
582        613        
582        614        
613        614        
583        584        
583        615        
584        615        
585        586        
585        616        
586        616        
587        588        
587        617        
588        617        
589        590        
589        618        
590        618        
591        592        
591        619        
592        619        
593        594        
593        620        
594        620        
595        596        
595        621        
596        621        
597        598        
597        622        
598        622        
599        600        
599        623        
600        623        
601        602        
601        624        
602        624        
603        604        
603        625        
604        625        
605        606        
605        626        
606        626        
607        608        
607        627        
608        627        
609        610        
609        628        
610        628        
611        612        
611        629        
612        629        
615        630        
615        631        
630        631        
616        632        
616        633        
632        633        
617        634        
617        635        
634        635        
618        636        
618        637        
636        637        
619        638        
619        639        
638        639        
620        640        
620        641        
640        641        
621        642        
621        643        
642        643        
622        644        
622        645        
644        645        
623        646        
623        647        
646        647        
624        648        
624        649        
648        649        
625        650        
625        651        
650        651        
626        652        
626        653        
652        653        
627        654        
627        655        
654        655        
628        656        
628        657        
656        657        
629        658        
629        659        
658        659        
614        660        
614        661        
660        661        
630        661        
630        662        
661        662        
631        632        
631        663        
632        663        
633        634        
633        664        
634        664        
635        636        
635        665        
636        665        
637        638        
637        666        
638        666        
639        640        
639        667        
640        667        
641        642        
641        668        
642        668        
643        644        
643        669        
644        669        
645        646        
645        670        
646        670        
647        648        
647        671        
648        671        
649        650        
649        672        
650        672        
651        652        
651        673        
652        673        
653        654        
653        674        
654        674        
655        656        
655        675        
656        675        
657        658        
657        676        
658        676        
659        660        
659        677        
660        677        
662        678        
662        679        
678        679        
663        680        
663        681        
680        681        
664        682        
664        683        
682        683        
665        684        
665        685        
684        685        
666        686        
666        687        
686        687        
667        688        
667        689        
688        689        
668        690        
668        691        
690        691        
669        692        
669        693        
692        693        
670        694        
670        695        
694        695        
671        696        
671        697        
696        697        
672        698        
672        699        
698        699        
673        700        
673        701        
700        701        
674        702        
674        703        
702        703        
675        704        
675        705        
704        705        
676        706        
676        707        
706        707        
677        708        
677        709        
708        709        
678        709        
678        710        
709        710        
679        680        
679        711        
680        711        
681        682        
681        712        
682        712        
683        684        
683        713        
684        713        
685        686        
685        714        
686        714        
687        688        
687        715        
688        715        
689        690        
689        716        
690        716        
691        692        
691        717        
692        717        
693        694        
693        718        
694        718        
695        696        
695        719        
696        719        
697        698        
697        720        
698        720        
699        700        
699        721        
700        721        
701        702        
701        722        
702        722        
703        704        
703        723        
704        723        
705        706        
705        724        
706        724        
707        708        
707        725        
708        725        
712        726        
712        727        
726        727        
713        728        
713        729        
728        729        
714        730        
714        731        
730        731        
715        732        
715        733        
732        733        
716        734        
716        735        
734        735        
717        736        
717        737        
736        737        
718        738        
718        739        
738        739        
719        740        
719        741        
740        741        
720        742        
720        743        
742        743        
721        744        
721        745        
744        745        
722        746        
722        747        
746        747        
723        748        
723        749        
748        749        
724        750        
724        751        
750        751        
725        752        
725        753        
752        753        
41         711        
41         727        
711        727        
3          726        
3          729        
726        729        
6          728        
6          731        
728        731        
9          730        
9          733        
730        733        
12         732        
12         735        
732        735        
15         734        
15         737        
734        737        
18         736        
18         739        
736        739        
21         738        
21         741        
738        741        
24         740        
24         743        
740        743        
27         742        
27         745        
742        745        
30         744        
30         747        
744        747        
33         746        
33         749        
746        749        
36         748        
36         751        
748        751        
39         750        
39         753        
750        753        
55         710        
55         752        
710        752        
